58008.04296875	8601236.3125	58008.04296875	302	309
409.8974609375	0.0	213516.703125	0	309
144726.828125	0.0	144726.828125	0	97
40822.29296875	0.0	40822.29296875	0	289
286.23516845703125	0.0	212887.375	0	24
246.67822265625	0.0	213277.390625	0	141
7740.94873046875	0.0	7740.94873046875	0	7
49047.05078125	0.0	49047.05078125	0	8
45755.9375	0.0	45755.9375	0	9
8243.3330078125	0.0	212949.75	0	24
2668.7177734375	0.0	213662.390625	0	232
40379.7734375	0.0	40379.7734375	0	155
29713.380859375	0.0	29713.380859375	0	6
7494.34326171875	0.0	213750.046875	0	55
11540.8681640625	0.0	212639.96875	0	18
139514.171875	0.0	139514.171875	0	75
57955.65234375	0.0	57955.65234375	0	7
53817.6875	0.0	53817.6875	0	73
84161.9296875	0.0	84161.9296875	0	8
49003.1796875	0.0	49003.1796875	0	8
8864.8896484375	0.0	213903.484375	0	106
142157.8125	0.0	142157.8125	0	31
6540.06201171875	0.0	6540.06201171875	0	13
8243.3330078125	0.0	212949.75	0	24
45711.17578125	0.0	45711.17578125	0	9
58032.30859375	0.0	58032.30859375	0	7
16.94148826599121	0.0	213755.40625	0	27
42988.171875	0.0	213279.21875	0	135
61149.44140625	0.0	61149.44140625	0	17
81447.78125	0.0	81447.78125	0	107
56638.0234375	0.0	56638.0234375	0	81
6906.83251953125	0.0	6906.83251953125	0	4
57959.9296875	0.0	57959.9296875	0	7
58062.734375	0.0	58062.734375	0	7
84079.1640625	0.0	84079.1640625	0	8
68319.1328125	0.0	212358.28125	0	17
70249.3671875	0.0	70249.3671875	0	22
3420.750732421875	0.0	3420.750732421875	0	6
70585.6484375	0.0	70585.6484375	0	28
61728.5703125	0.0	61728.5703125	0	18
58291.89453125	0.0	58291.89453125	0	13
57987.74609375	0.0	57987.74609375	0	7
142041.71875	0.0	142041.71875	0	31
141683.734375	0.0	141683.734375	0	7
58048.06640625	0.0	58048.06640625	0	7
57987.6640625	0.0	57987.6640625	0	7
124903.984375	0.0	124903.984375	0	241
60629.23828125	0.0	60629.23828125	0	19
57957.2421875	0.0	57957.2421875	0	7
807.4264526367188	0.0	212372.28125	0	17
57957.06640625	0.0	57957.06640625	0	7
40605.44140625	0.0	40605.44140625	0	211
67961.375	0.0	67961.375	0	18
57978.98046875	0.0	57978.98046875	0	7
32512.603515625	0.0	32512.603515625	0	8
94700.7421875	0.0	91865.2578125	0	9
120463.8125	0.0	258425.0625	0	121
68984.1171875	0.0	68984.1171875	0	298
45731.18359375	0.0	45731.18359375	0	9
58055.9765625	0.0	58055.9765625	0	7
8305.2490234375	0.0	8305.2490234375	0	9
61321.27734375	0.0	61321.27734375	0	33
89373.28125	0.0	221597.96875	0	284
70573.6640625	0.0	70573.6640625	0	30
70842.390625	0.0	70842.390625	0	19
70632.578125	0.0	70632.578125	0	81
57973.5390625	0.0	57973.5390625	0	7
70240.515625	0.0	70240.515625	0	25
110454.8828125	0.0	110454.8828125	0	36
60680.42578125	0.0	60680.42578125	0	21
45649.87109375	0.0	45649.87109375	0	9
84099.296875	0.0	84099.296875	0	8
61719.70703125	0.0	61719.70703125	0	15
45734.40234375	0.0	45734.40234375	0	9
93171.5546875	0.0	213534.46875	0	20
92348.234375	0.0	92348.234375	0	41
20379.662109375	0.0	212602.859375	0	17
57532.85546875	0.0	57532.85546875	0	6
54308.60546875	0.0	54308.60546875	0	43
40479.38671875	0.0	40479.38671875	0	15
32260.271484375	0.0	32260.271484375	0	43
52397.15234375	0.0	50827.35546875	0	15
58009.25	0.0	58009.25	0	7
38105.9296875	0.0	239887.65625	0	2121
60166.95703125	0.0	213553.5625	0	69
7910.8388671875	0.0	212842.34375	0	23
32672.0703125	0.0	32672.0703125	0	14
49003.1796875	0.0	49003.1796875	0	8
5427.4833984375	0.0	5427.4833984375	0	7
84148.6328125	0.0	84148.6328125	0	8
58007.6328125	0.0	58007.6328125	0	7
170655.140625	0.0	170655.140625	0	337
58042.51171875	0.0	58042.51171875	0	7
5292.298828125	0.0	5292.298828125	0	7
80820.59375	0.0	80820.59375	0	72
84099.1953125	0.0	84099.1953125	0	8
70842.390625	0.0	70842.390625	0	19
49055.57421875	0.0	49055.57421875	0	8
14856.0009765625	0.0	213103.734375	0	68
32573.046875	0.0	32573.046875	0	7
58009.3125	0.0	58009.3125	0	7
107595.515625	0.0	107595.515625	0	496
141652.125	0.0	141652.125	0	7
550.0774536132812	0.0	213017.921875	0	94
4318.47607421875	0.0	4318.47607421875	0	23
40444.859375	0.0	40444.859375	0	36
57532.85546875	0.0	57532.85546875	0	6
295.7295227050781	0.0	213667.5625	0	107
57989.46875	0.0	57989.46875	0	7
57532.85546875	0.0	57532.85546875	0	6
224.24388122558594	0.0	212328.109375	0	18
84154.625	0.0	84154.625	0	8
94531.765625	0.0	91538.390625	0	9
70797.6640625	0.0	70797.6640625	0	39
2341.6806640625	0.0	212695.75	0	40
61225.37890625	0.0	61225.37890625	0	19
12514.4755859375	0.0	212904.5625	0	17
58013.48828125	0.0	58013.48828125	0	7
40275.97265625	0.0	40275.97265625	0	15
33.0264778137207	0.0	212897.703125	0	24
94681.859375	0.0	91914.9765625	0	9
3450.8642578125	0.0	3450.8642578125	0	101
52153.0	0.0	52153.0	0	19
12279.7646484375	0.0	212761.9375	0	17
3409.509765625	0.0	3409.509765625	0	51
7822.29248046875	0.0	7822.29248046875	0	15
57999.4375	0.0	57999.4375	0	7
57532.85546875	0.0	57532.85546875	0	6
81405.671875	0.0	81405.671875	0	101
38858.4375	0.0	213819.578125	0	133
58061.97265625	0.0	58061.97265625	0	7
57532.85546875	0.0	57532.85546875	0	6
14856.0009765625	0.0	213103.734375	0	65
143625.765625	0.0	143625.765625	0	316
6210.73046875	0.0	212793.453125	0	17
57961.27734375	0.0	57961.27734375	0	7
58044.94140625	0.0	58044.94140625	0	7
1529.5224609375	0.0	213043.046875	0	61
61492.6796875	0.0	61492.6796875	0	78
224.24388122558594	0.0	212328.109375	0	18
2672.426025390625	0.0	212693.265625	0	23
84058.7734375	0.0	84058.7734375	0	8
49074.48828125	0.0	49074.48828125	0	8
34.83084487915039	0.0	212141.1875	0	18
8280.9755859375	0.0	8280.9755859375	0	6
81639.71875	0.0	81639.71875	0	6
57974.10546875	0.0	57974.10546875	0	7
84148.6328125	0.0	84148.6328125	0	8
93.43079376220703	0.0	213376.625	0	42
12565.068359375	0.0	213305.828125	0	328
45806.15234375	0.0	45806.15234375	0	9
141319.390625	0.0	141319.390625	0	25
61728.02734375	0.0	61728.02734375	0	31
57532.85546875	0.0	57532.85546875	0	6
70454.8671875	0.0	70454.8671875	0	100
615.6925048828125	0.0	213543.6875	0	187
59308.703125	0.0	59308.703125	0	6
58007.78125	0.0	58007.78125	0	7
141335.84375	0.0	141335.84375	0	25
57987.6640625	0.0	57987.6640625	0	7
70902.90625	0.0	70902.90625	0	70
57999.4375	0.0	57999.4375	0	7
84147.03125	0.0	84147.03125	0	8
70573.6015625	0.0	70573.6015625	0	39
11563.5986328125	0.0	213264.578125	0	48
76308.140625	0.0	245210.84375	0	221
1311.9776611328125	0.0	1311.9776611328125	0	3
32543.125	0.0	31152.8984375	0	5
84096.65625	0.0	84096.65625	0	8
295.7295227050781	0.0	213667.5625	0	118
58044.94140625	0.0	58044.94140625	0	7
84141.953125	0.0	84141.953125	0	8
68565.21875	0.0	212604.359375	0	17
57532.85546875	0.0	57532.85546875	0	6
58900.7734375	0.0	58900.7734375	0	5
60898.671875	0.0	60898.671875	0	19
119815.671875	0.0	252858.0625	0	793
61432.5859375	0.0	61432.5859375	0	42
40371.82421875	0.0	40371.82421875	0	57
34050.37890625	0.0	213866.296875	0	118
144802.25	0.0	144802.25	0	49
263.4213562011719	0.0	213009.296875	0	141
8305.2490234375	0.0	8305.2490234375	0	9
58030.859375	0.0	58030.859375	0	7
2672.426025390625	0.0	212693.265625	0	23
7671.7666015625	0.0	212789.71875	0	65
141450.0625	0.0	141450.0625	0	25
10614.6630859375	0.0	213226.015625	0	161
14812.4091796875	0.0	213926.03125	0	106
61507.9453125	0.0	61507.9453125	0	40
6210.73046875	0.0	212793.453125	0	17
49049.40625	0.0	49049.40625	0	8
3383.493408203125	0.0	3383.493408203125	0	6
141238.5625	0.0	246334.03125	0	545
19677.416015625	0.0	213896.625	0	483
1457.819091796875	0.0	1457.819091796875	0	5
60987.95703125	0.0	60987.95703125	0	54
70237.7890625	0.0	70237.7890625	0	13
3401.941650390625	0.0	3401.941650390625	0	101
65668.796875	0.0	65668.796875	0	1389
61492.6796875	0.0	61492.6796875	0	78
80986.796875	0.0	80986.796875	0	51
70573.65625	0.0	70573.65625	0	108
70720.9453125	0.0	70720.9453125	0	17
444.99493408203125	0.0	212494.78125	0	17
81688.5546875	0.0	81688.5546875	0	6
61788.4765625	0.0	61788.4765625	0	42
84064.3046875	0.0	84064.3046875	0	8
57952.0234375	0.0	57952.0234375	0	7
1286.8865966796875	0.0	1286.8865966796875	0	3
61347.484375	0.0	61347.484375	0	40
61662.89453125	0.0	61662.89453125	0	17
60682.203125	0.0	60682.203125	0	327
3422.0458984375	0.0	3422.0458984375	0	9
57955.65234375	0.0	57955.65234375	0	7
61500.59375	0.0	61500.59375	0	43
26822.380859375	0.0	212245.515625	0	32
13187.6904296875	0.0	13187.6904296875	0	67
40376.234375	0.0	40376.234375	0	50
61044.62890625	0.0	61044.62890625	0	127
40374.2421875	0.0	40374.2421875	0	43
42826.9609375	0.0	213284.015625	0	158
61719.70703125	0.0	61719.70703125	0	15
57958.12890625	0.0	57958.12890625	0	7
57532.85546875	0.0	57532.85546875	0	6
4318.87939453125	0.0	4318.87939453125	0	5
40377.55078125	0.0	40377.55078125	0	106
40377.37109375	0.0	40377.37109375	0	78
60519.80078125	0.0	60519.80078125	0	22
84143.09375	0.0	84143.09375	0	8
12551.2919921875	0.0	12511.4716796875	0	5
58018.03125	0.0	58018.03125	0	7
60173.3359375	0.0	60173.3359375	0	6
49058.0078125	0.0	49058.0078125	0	8
61085.390625	0.0	61085.390625	0	58
70245.328125	0.0	70245.328125	0	10
61096.91015625	0.0	61096.91015625	0	421
71529.640625	0.0	71529.640625	0	11
84114.5078125	0.0	84114.5078125	0	8
13187.6904296875	0.0	13187.6904296875	0	67
45713.16796875	0.0	45713.16796875	0	9
58062.734375	0.0	58062.734375	0	7
61753.5	0.0	61753.5	0	305
58003.546875	0.0	58003.546875	0	7
60970.78515625	0.0	60970.78515625	0	22
601.2012329101562	0.0	601.2012329101562	0	4
57532.85546875	0.0	57532.85546875	0	6
5427.4833984375	0.0	5427.4833984375	0	7
84042.2265625	0.0	84042.2265625	0	8
40380.4140625	0.0	40380.4140625	0	57
84090.1171875	0.0	84090.1171875	0	8
71385.890625	0.0	71385.890625	0	38
61586.09765625	0.0	61586.09765625	0	28
70068.890625	0.0	70068.890625	0	13
84164.3671875	0.0	84164.3671875	0	8
77247.6640625	0.0	70512.609375	0	5
81508.0390625	0.0	81508.0390625	0	79
66636.6640625	0.0	66636.6640625	0	33
58030.859375	0.0	58030.859375	0	7
66161.28125	0.0	66161.28125	0	53
61336.75	0.0	61336.75	0	49
3401.942138671875	0.0	3401.942138671875	0	37
61606.62109375	0.0	61606.62109375	0	43
40382.6953125	0.0	40382.6953125	0	85
141689.53125	0.0	141689.53125	0	7
58036.9609375	0.0	58036.9609375	0	7
51006.921875	0.0	246217.515625	0	1285
1962.9447021484375	0.0	1962.9447021484375	0	121
3349.448974609375	0.0	3349.448974609375	0	6
10905.0224609375	0.0	212473.171875	0	17
43.365020751953125	0.0	212142.5	0	87
61861.03515625	0.0	61861.03515625	0	100
81683.6875	0.0	81683.6875	0	122
40373.859375	0.0	40373.859375	0	92
84042.2265625	0.0	84042.2265625	0	8
141652.125	0.0	141652.125	0	7
141691.796875	0.0	141691.796875	0	7
7641.5859375	0.0	7604.572265625	0	73
60947.85546875	0.0	60947.85546875	0	19
58026.2265625	0.0	58026.2265625	0	7
60748.19140625	0.0	60748.19140625	0	19
84081.6328125	0.0	84081.6328125	0	8
58003.14453125	0.0	58003.14453125	0	7
58013.48828125	0.0	58013.48828125	0	7
141433.9375	0.0	141433.9375	0	25
61767.89453125	0.0	61767.89453125	0	18
3386.79541015625	0.0	3386.79541015625	0	46
3014.705322265625	0.0	3014.705322265625	0	17
1627.907958984375	0.0	213404.203125	0	144
9106.4189453125	0.0	213275.96875	0	106
65836.8203125	0.0	65836.8203125	0	341
5292.298828125	0.0	5292.298828125	0	7
3447.876220703125	0.0	3447.876220703125	0	8
280.7943115234375	0.0	213561.484375	0	40
8369.0107421875	0.0	212431.03125	0	520
60918.078125	0.0	60918.078125	0	177
61410.55859375	0.0	61410.55859375	0	6
58031.47265625	0.0	58031.47265625	0	7
61746.69140625	0.0	61746.69140625	0	50
58042.61328125	0.0	58042.61328125	0	7
61085.390625	0.0	61085.390625	0	58
57532.85546875	0.0	57532.85546875	0	6
60918.01171875	0.0	60918.01171875	0	21
60653.56640625	0.0	60653.56640625	0	19
5292.298828125	0.0	5292.298828125	0	7
5952.14697265625	0.0	5952.14697265625	0	21
49062.22265625	0.0	49062.22265625	0	8
58054.0546875	0.0	58054.0546875	0	7
5292.298828125	0.0	5292.298828125	0	7
60574.71875	0.0	60574.71875	0	22
81405.671875	0.0	81405.671875	0	101
61225.37890625	0.0	61225.37890625	0	19
54500.55078125	0.0	54500.55078125	0	1721
40275.97265625	0.0	40275.97265625	0	15
49042.421875	0.0	49042.421875	0	8
60615.015625	0.0	60615.015625	0	22
70580.0625	0.0	70580.0625	0	30
59340.74609375	0.0	59340.74609375	0	6
61750.671875	0.0	61750.671875	0	54
57532.85546875	0.0	57532.85546875	0	6
58359.32421875	0.0	246270.328125	0	857
68887.09375	0.0	212926.25	0	17
8304.1142578125	0.0	8304.1142578125	0	22
49044.87109375	0.0	49044.87109375	0	8
61420.1328125	0.0	61420.1328125	0	6
61205.453125	0.0	61205.453125	0	58
1529.5224609375	0.0	213043.046875	0	59
84094.4296875	0.0	84094.4296875	0	8
61779.34375	0.0	61779.34375	0	545
61903.82421875	0.0	61903.82421875	0	26
73873.1328125	0.0	73082.046875	0	45
60653.56640625	0.0	60653.56640625	0	19
58883.4296875	0.0	58883.4296875	0	9
40377.55078125	0.0	40377.55078125	0	106
60856.7421875	0.0	60856.7421875	0	19
58316.4765625	0.0	58316.4765625	0	7
58009.65234375	0.0	58009.65234375	0	7
29729.015625	0.0	29729.015625	0	6
8051.9697265625	0.0	213514.640625	0	106
50322.09765625	0.0	50322.09765625	0	183
12279.7646484375	0.0	212761.9375	0	17
60896.84765625	0.0	60896.84765625	0	316
57532.85546875	0.0	57532.85546875	0	6
3357.028564453125	0.0	3357.028564453125	0	11
60642.1484375	0.0	60642.1484375	0	22
81644.3359375	0.0	81644.3359375	0	6
60910.77734375	0.0	60910.77734375	0	22
6914.6123046875	0.0	6914.6123046875	0	4
61788.4765625	0.0	61788.4765625	0	42
84077.2109375	0.0	84077.2109375	0	8
61080.453125	0.0	61080.453125	0	86
61159.21484375	0.0	61159.21484375	0	53
46154.46875	0.0	46154.46875	0	25
64145.02734375	0.0	213085.96875	0	59
58011.48828125	0.0	58011.48828125	0	7
60982.12109375	0.0	60982.12109375	0	19
33104.56640625	0.0	33104.56640625	0	19
40377.55078125	0.0	40377.55078125	0	106
57970.4296875	0.0	57970.4296875	0	7
60949.2734375	0.0	60949.2734375	0	392
8282.1650390625	0.0	8282.1650390625	0	6
60982.12109375	0.0	60982.12109375	0	19
141712.546875	0.0	141712.546875	0	7
57532.85546875	0.0	57532.85546875	0	6
70238.703125	0.0	70238.703125	0	10
6024.14892578125	0.0	6015.56640625	0	28
52922.03515625	0.0	52922.03515625	0	7
58022.0078125	0.0	58022.0078125	0	7
250773.25	0.0	250773.25	0	106
58037.64453125	0.0	58037.64453125	0	7
61207.1015625	0.0	61207.1015625	0	22
45230.94140625	0.0	45230.94140625	0	121
61510.1953125	0.0	61510.1953125	0	57
141303.578125	0.0	141303.578125	0	25
60804.35546875	0.0	60804.35546875	0	21
61741.96484375	0.0	61741.96484375	0	40
41634.1015625	0.0	41634.1015625	0	190
5307.4443359375	0.0	5307.4443359375	0	7
70174.3671875	0.0	70174.3671875	0	89
61670.58984375	0.0	61670.58984375	0	53
61137.94921875	0.0	61137.94921875	0	457
2335.12255859375	0.0	2335.12255859375	0	7
109582.671875	0.0	109582.671875	0	31
60970.78515625	0.0	60970.78515625	0	22
28067.35546875	0.0	17936.048828125	0	3
60653.56640625	0.0	60653.56640625	0	19
16879.4765625	0.0	16879.4765625	0	113
84172.3671875	0.0	84172.3671875	0	8
143641.265625	0.0	143641.265625	0	176
61973.0078125	0.0	61973.0078125	0	24
84154.625	0.0	84154.625	0	8
40444.859375	0.0	40444.859375	0	36
25538.80078125	0.0	25518.66796875	0	19
30125.484375	0.0	30125.484375	0	6
61174.3515625	0.0	61174.3515625	0	136
84161.6875	0.0	84161.6875	0	8
1372.425537109375	0.0	1372.425537109375	0	21
60731.71484375	0.0	60731.71484375	0	34
59350.59765625	0.0	59350.59765625	0	13
54500.55078125	0.0	54500.55078125	0	1749
60642.1484375	0.0	60642.1484375	0	22
70585.859375	0.0	70585.859375	0	42
8298.1552734375	0.0	8298.1552734375	0	11
61404.1796875	0.0	61404.1796875	0	43
71526.828125	0.0	71520.0	0	28
61720.40625	0.0	61720.40625	0	54
61982.36328125	0.0	61982.36328125	0	47
61048.1875	0.0	61048.1875	0	21
70710.09375	0.0	70686.296875	0	10
141341.453125	0.0	141341.453125	0	25
3409.50732421875	0.0	3409.50732421875	0	33
61310.0859375	0.0	61310.0859375	0	33
70175.9375	0.0	70175.9375	0	10
70588.421875	0.0	70588.421875	0	80
70245.546875	0.0	70245.546875	0	43
60693.37109375	0.0	60693.37109375	0	19
40694.6328125	0.0	40694.6328125	0	313
71037.0546875	0.0	71037.0546875	0	21
70605.234375	0.0	70605.234375	0	47
40371.79296875	0.0	40371.79296875	0	57
15101.0869140625	0.0	15101.0869140625	0	43
60536.328125	0.0	60536.328125	0	21
70746.1484375	0.0	70746.1484375	0	80
60166.95703125	0.0	213553.5625	0	69
74909.609375	0.0	74878.03125	0	29
64894.375	0.0	64894.375	0	57
746.468017578125	0.0	212548.796875	0	17
61605.83203125	0.0	61605.83203125	0	32
12309.185546875	0.0	212724.34375	0	97
70792.1796875	0.0	70792.1796875	0	22
60979.99609375	0.0	60979.99609375	0	19
7910.8388671875	0.0	212842.34375	0	23
2349.659423828125	0.0	2349.659423828125	0	10
61237.63671875	0.0	61237.63671875	0	541
70218.1171875	0.0	70218.1171875	0	25
70241.7734375	0.0	70241.7734375	0	15
3955.83984375	0.0	3955.83984375	0	28
2743.328857421875	0.0	2743.328857421875	0	25
94681.859375	0.0	91914.9765625	0	9
60947.85546875	0.0	60947.85546875	0	19
61560.9453125	0.0	61560.9453125	0	27
72724.1328125	0.0	72724.1328125	0	181
61159.21484375	0.0	61159.21484375	0	53
70080.09375	0.0	70080.09375	0	16
61544.41015625	0.0	61544.41015625	0	53
2360.941162109375	0.0	2360.941162109375	0	12
70605.234375	0.0	70605.234375	0	47
61467.07421875	0.0	61467.07421875	0	47
61994.6875	0.0	61994.6875	0	19
71529.640625	0.0	71529.640625	0	11
60692.38671875	0.0	60692.38671875	0	21
6156.7421875	0.0	5974.59765625	0	19
50329.5859375	0.0	50329.5859375	0	638
260.4283447265625	0.0	260.4283447265625	0	5
60979.5546875	0.0	60979.5546875	0	21
60833.99609375	0.0	60833.99609375	0	19
70624.0703125	0.0	70624.0703125	0	52
61195.9609375	0.0	61195.9609375	0	68
60829.45703125	0.0	60829.45703125	0	29
70237.7890625	0.0	70237.7890625	0	13
59328.8359375	0.0	59328.8359375	0	6
61581.67578125	0.0	61581.67578125	0	22
1271.7750244140625	0.0	1271.7750244140625	0	3
61638.2421875	0.0	61638.2421875	0	51
70792.1796875	0.0	70792.1796875	0	22
70660.875	0.0	70660.875	0	60
70707.40625	0.0	70707.40625	0	67
70080.09375	0.0	70080.09375	0	16
40642.01953125	0.0	40642.01953125	0	22
71037.0546875	0.0	71037.0546875	0	21
71529.640625	0.0	71529.640625	0	11
61100.8203125	0.0	61100.8203125	0	311
11850.0654296875	0.0	11850.0654296875	0	11
61935.703125	0.0	61935.703125	0	261
70245.296875	0.0	70245.296875	0	10
32502.48828125	0.0	32502.48828125	0	8
70061.6171875	0.0	70061.6171875	0	10
70242.421875	0.0	70242.421875	0	16
6910.7744140625	0.0	6910.7744140625	0	4
40287.328125	0.0	40287.328125	0	15
743.3372802734375	0.0	743.3372802734375	0	9
79540.6484375	0.0	79540.6484375	0	97
70594.4375	0.0	70594.4375	0	57
60952.58203125	0.0	60952.58203125	0	22
70237.21875	0.0	70237.21875	0	25
32601.4296875	0.0	32601.4296875	0	15
60734.23046875	0.0	60734.23046875	0	19
8409.0625	0.0	7457.95068359375	0	11
61005.0859375	0.0	61005.0859375	0	21
61469.08984375	0.0	61469.08984375	0	18
61223.41015625	0.0	61223.41015625	0	56
2535.5625	0.0	2334.818603515625	0	13
61610.99609375	0.0	61610.99609375	0	47
70833.8671875	0.0	70833.8671875	0	22
124613.328125	0.0	124613.328125	0	41
61036.8671875	0.0	61036.8671875	0	19
70236.1171875	0.0	70236.1171875	0	25
71165.1015625	0.0	71165.1015625	0	49
144726.828125	0.0	144726.828125	0	97
61397.25	0.0	61397.25	0	54
61733.80078125	0.0	61733.80078125	0	18
61539.13671875	0.0	61539.13671875	0	109
61048.1875	0.0	61048.1875	0	21
40428.5859375	0.0	40428.5859375	0	57
70246.3984375	0.0	70246.3984375	0	22
70225.0546875	0.0	70225.0546875	0	22
61753.91015625	0.0	61753.91015625	0	33
61195.9609375	0.0	61195.9609375	0	68
12854.3603515625	0.0	12854.3603515625	0	51
70601.1796875	0.0	70601.1796875	0	81
61926.6875	0.0	61926.6875	0	571
40372.25390625	0.0	40372.25390625	0	71
94572.171875	0.0	75777.640625	0	9
45497.37890625	0.0	45497.37890625	0	6
60896.84765625	0.0	60896.84765625	0	316
61195.0	0.0	61195.0	0	417
70237.96875	0.0	70237.96875	0	25
61266.49609375	0.0	61266.49609375	0	36
61233.78515625	0.0	61233.78515625	0	111
58038.71484375	0.0	58038.71484375	0	7
57532.85546875	0.0	57532.85546875	0	6
1346.9210205078125	0.0	1346.9210205078125	0	9
70581.03125	0.0	70581.03125	0	39
59372.98828125	0.0	57925.48828125	0	17
47390.359375	0.0	213483.71875	0	377
70251.0078125	0.0	70251.0078125	0	11
70902.90625	0.0	70902.90625	0	70
70544.4296875	0.0	70544.4296875	0	37
65628.9375	0.0	65628.9375	0	221
12565.068359375	0.0	213305.828125	0	342
70743.5078125	0.0	70743.5078125	0	11
70241.890625	0.0	70241.890625	0	25
7853.72998046875	0.0	212772.09375	0	23
76249.59375	0.0	76249.59375	0	11
70229.6796875	0.0	70229.6796875	0	16
61465.44140625	0.0	61465.44140625	0	43
70609.6875	0.0	70609.6875	0	35
84103.8984375	0.0	84103.8984375	0	8
57978.82421875	0.0	57978.82421875	0	7
5355.33740234375	0.0	5355.33740234375	0	121
71037.0546875	0.0	71037.0546875	0	20
61406.203125	0.0	61406.203125	0	956
70743.5078125	0.0	70743.5078125	0	11
70245.3515625	0.0	70245.3515625	0	13
61610.99609375	0.0	61610.99609375	0	47
59382.5	0.0	59382.5	0	6
58037.64453125	0.0	58037.64453125	0	7
33132.9296875	0.0	33070.8046875	0	25
61670.58984375	0.0	61670.58984375	0	53
142157.8125	0.0	142157.8125	0	31
70713.171875	0.0	70713.171875	0	70
70241.625	0.0	70241.625	0	6
60993.6875	0.0	60993.6875	0	45
46242.2890625	0.0	46242.2890625	0	31
70806.9765625	0.0	70806.9765625	0	43
32541.62890625	0.0	31130.40625	0	6
45721.69140625	0.0	45721.69140625	0	97
70182.53125	0.0	70182.53125	0	25
70245.328125	0.0	70245.328125	0	10
40579.29296875	0.0	40579.29296875	0	15
57532.85546875	0.0	57532.85546875	0	6
40431.12890625	0.0	40431.12890625	0	43
58039.21875	0.0	58039.21875	0	7
83979.0390625	0.0	245400.0	0	157
94419.65625	0.0	94383.140625	0	6
45796.01171875	0.0	45796.01171875	0	9
70707.40625	0.0	70707.40625	0	67
61062.19140625	0.0	61062.19140625	0	31
25031.35546875	0.0	25012.09765625	0	16
32575.58984375	0.0	32575.58984375	0	8
61469.08984375	0.0	61469.08984375	0	18
61733.80078125	0.0	61733.80078125	0	18
70660.875	0.0	70660.875	0	60
61593.39453125	0.0	61593.39453125	0	55
103664.6953125	0.0	253431.46875	0	2098
61840.02734375	0.0	61840.02734375	0	166
60889.66796875	0.0	60889.66796875	0	21
57965.59375	0.0	57965.59375	0	7
71385.890625	0.0	71385.890625	0	38
70907.4921875	0.0	70907.4921875	0	48
57532.85546875	0.0	57532.85546875	0	6
61539.13671875	0.0	61539.13671875	0	109
78683.96875	0.0	78683.96875	0	25
2052.329833984375	0.0	212904.078125	0	140
70580.2890625	0.0	70580.2890625	0	44
40373.53125	0.0	40373.53125	0	36
70245.3359375	0.0	70245.3359375	0	11
70245.296875	0.0	70245.296875	0	10
61419.30078125	0.0	61419.30078125	0	43
32575.25	0.0	32575.25	0	15
32594.212890625	0.0	32594.212890625	0	15
8298.1552734375	0.0	8298.1552734375	0	11
131783.078125	0.0	131783.078125	0	31
15.146039962768555	0.0	212897.546875	0	17
40441.42578125	0.0	40441.42578125	0	15
10462.4140625	0.0	10462.4140625	0	9
61046.23046875	0.0	61046.23046875	0	19
61619.1953125	0.0	61619.1953125	0	43
67.1962890625	0.0	213683.25	0	132
94697.6796875	0.0	91967.2890625	0	9
61465.44140625	0.0	61465.44140625	0	43
7066.11279296875	0.0	7066.11279296875	0	13
279.2197265625	0.0	212327.828125	0	17
60604.69140625	0.0	60604.69140625	0	22
70245.3359375	0.0	70245.3359375	0	11
6904.43701171875	0.0	6904.43701171875	0	4
59329.96484375	0.0	59329.96484375	0	82
6995.92333984375	0.0	6995.92333984375	0	11
33132.9296875	0.0	33070.8046875	0	25
75290.9921875	0.0	75267.4453125	0	21
56813.95703125	0.0	213877.59375	0	99
66958.6484375	0.0	213155.0	0	20
57532.85546875	0.0	57532.85546875	0	6
82925.046875	0.0	82925.046875	0	331
40822.29296875	0.0	40822.29296875	0	289
61797.2734375	0.0	61797.2734375	0	1261
81654.3359375	0.0	81654.3359375	0	12
60654.390625	0.0	60654.390625	0	19
58030.859375	0.0	58030.859375	0	7
32601.4296875	0.0	32601.4296875	0	15
32522.328125	0.0	213811.0	0	399
65181.80859375	0.0	65181.80859375	0	309
70254.609375	0.0	70254.609375	0	10
71037.0546875	0.0	71037.0546875	0	21
8664.9384765625	0.0	8664.9384765625	0	11
18937.353515625	0.0	213842.453125	0	150
110264.7421875	0.0	258603.171875	0	49
5255.1494140625	0.0	5231.69580078125	0	9
5952.14697265625	0.0	5952.14697265625	0	21
61242.87890625	0.0	61242.87890625	0	32
70905.8359375	0.0	70905.8359375	0	26
60979.99609375	0.0	60979.99609375	0	19
7809.4619140625	0.0	7809.4619140625	0	9
60889.66796875	0.0	60889.66796875	0	21
58015.2578125	0.0	58015.2578125	0	7
11441.51171875	0.0	212677.90625	0	17
74074.3828125	0.0	220972.59375	0	101
142063.671875	0.0	142063.671875	0	31
61640.29296875	0.0	61640.29296875	0	53
61285.03515625	0.0	61285.03515625	0	19
24624.634765625	0.0	24602.9921875	0	13
70560.1953125	0.0	70560.1953125	0	39
57532.85546875	0.0	57532.85546875	0	6
40380.4140625	0.0	40380.4140625	0	57
45921.875	0.0	45921.875	0	37
60989.42578125	0.0	60989.42578125	0	55
59.31024932861328	0.0	212321.484375	0	18
69965.078125	0.0	69965.078125	0	16
15.150988578796387	0.0	213492.828125	0	114
70902.90625	0.0	70902.90625	0	49
6156.7421875	0.0	5974.59765625	0	19
87828.46875	0.0	87828.46875	0	1189
61485.1328125	0.0	61485.1328125	0	37
12309.185546875	0.0	212724.34375	0	98
70236.3203125	0.0	70236.3203125	0	25
70580.0625	0.0	70580.0625	0	30
14268.857421875	0.0	14268.857421875	0	31
70230.65625	0.0	70230.65625	0	13
12798.646484375	0.0	12798.646484375	0	31
70221.65625	0.0	70221.65625	0	16
70902.90625	0.0	70902.90625	0	70
71385.890625	0.0	71385.890625	0	38
70784.9609375	0.0	70784.9609375	0	80
8986.8564453125	0.0	8959.65234375	0	11
12798.646484375	0.0	12798.646484375	0	31
70588.828125	0.0	70588.828125	0	417
11882.8671875	0.0	11882.8671875	0	11
61085.390625	0.0	61085.390625	0	58
50329.5859375	0.0	50329.5859375	0	633
5439.5380859375	0.0	212438.515625	0	17
70707.40625	0.0	70707.40625	0	79
38105.9296875	0.0	239887.65625	0	2143
10320.1181640625	0.0	10320.1181640625	0	9
58047.359375	0.0	58047.359375	0	7
1793.922607421875	0.0	1793.922607421875	0	14
70768.6953125	0.0	70768.6953125	0	6
7769.57080078125	0.0	7769.57080078125	0	7
26788.349609375	0.0	26788.349609375	0	67
8015.76123046875	0.0	213275.40625	0	43
70236.5078125	0.0	70236.5078125	0	25
6914.6123046875	0.0	6914.6123046875	0	4
70235.0078125	0.0	70235.0078125	0	11
260.5649108886719	0.0	212675.75	0	17
70616.1640625	0.0	70616.1640625	0	11
61435.03125	0.0	61435.03125	0	59
32666.216796875	0.0	32666.216796875	0	15
70236.1171875	0.0	70236.1171875	0	25
71385.890625	0.0	71385.890625	0	38
5596.1923828125	0.0	5596.1923828125	0	43
70132.1171875	0.0	70132.1171875	0	25
71385.890625	0.0	71385.890625	0	38
70194.1640625	0.0	70194.1640625	0	16
47390.359375	0.0	213483.71875	0	384
45735.4375	0.0	45735.4375	0	11
75208.46875	0.0	244864.203125	0	76
74.13729095458984	0.0	212157.484375	0	18
57959.9296875	0.0	57959.9296875	0	7
32543.125	0.0	31152.8984375	0	5
45571.66796875	0.0	45571.66796875	0	6
44609.85546875	0.0	44609.85546875	0	33
45783.52734375	0.0	45783.52734375	0	25
57110.27734375	0.0	57110.27734375	0	17
81584.28125	0.0	81584.28125	0	122
70245.296875	0.0	70245.296875	0	10
61015.22265625	0.0	61015.22265625	0	9
70245.3515625	0.0	70245.3515625	0	13
370.3140563964844	0.0	212902.5625	0	66
22845.6640625	0.0	22845.6640625	0	13
100885.5625	0.0	76840.7265625	0	7
16701.646484375	0.0	16701.646484375	0	73
32665.97265625	0.0	32665.97265625	0	16
72690.1484375	0.0	72690.1484375	0	197
831.5010375976562	0.0	213015.5625	0	171
70607.1484375	0.0	70607.1484375	0	158
11850.0654296875	0.0	11850.0654296875	0	11
11882.8671875	0.0	11882.8671875	0	11
57532.85546875	0.0	57532.85546875	0	6
4318.2314453125	0.0	4318.2314453125	0	15
61397.609375	0.0	61397.609375	0	17
70232.046875	0.0	70232.046875	0	16
32423.8984375	0.0	32423.8984375	0	31
3240.017333984375	0.0	3240.017333984375	0	49
81688.5546875	0.0	81688.5546875	0	6
70585.90625	0.0	70585.90625	0	24
61029.359375	0.0	61029.359375	0	19
72838.6484375	0.0	72838.6484375	0	49
61613.734375	0.0	61613.734375	0	31
11333.7353515625	0.0	213368.359375	0	113
3760.3330078125	0.0	3760.3330078125	0	21
71037.0546875	0.0	71037.0546875	0	20
41439.28125	0.0	213691.046875	0	61
12279.7646484375	0.0	212761.9375	0	17
70768.6953125	0.0	70768.6953125	0	6
732.7832641601562	0.0	213497.40625	0	259
57957.2421875	0.0	57957.2421875	0	7
2349.03369140625	0.0	2349.03369140625	0	12
57532.85546875	0.0	57532.85546875	0	6
73873.1328125	0.0	73082.046875	0	45
60633.3046875	0.0	60633.3046875	0	22
71099.4296875	0.0	71099.4296875	0	81
60989.42578125	0.0	60989.42578125	0	55
11843.8779296875	0.0	212551.40625	0	17
25538.80078125	0.0	25518.66796875	0	19
21707.349609375	0.0	21707.349609375	0	61
70632.578125	0.0	70632.578125	0	81
57532.85546875	0.0	57532.85546875	0	6
22845.6640625	0.0	22845.6640625	0	13
8054.37890625	0.0	212839.09375	0	56
1925.7567138671875	0.0	1925.7567138671875	0	25
70842.390625	0.0	70842.390625	0	19
12357.6572265625	0.0	213703.875	0	30
19677.416015625	0.0	213896.625	0	508
45722.1953125	0.0	45722.1953125	0	13
32634.521484375	0.0	32634.521484375	0	14
94617.5	0.0	89858.625	0	9
70902.90625	0.0	70902.90625	0	70
32557.587890625	0.0	32557.587890625	0	8
7484.90185546875	0.0	212854.140625	0	21
79509.0703125	0.0	79509.0703125	0	25
15.150988578796387	0.0	213492.828125	0	112
45861.1796875	0.0	45861.1796875	0	8
61707.86328125	0.0	61707.86328125	0	43
70241.7734375	0.0	70241.7734375	0	15
79582.5703125	0.0	79582.5703125	0	39
57978.82421875	0.0	57978.82421875	0	7
70174.3671875	0.0	70174.3671875	0	89
5630.2607421875	0.0	5630.2607421875	0	7
70237.6171875	0.0	70237.6171875	0	25
40372.13671875	0.0	40372.13671875	0	29
68461.625	0.0	212500.765625	0	17
70605.234375	0.0	70605.234375	0	47
2137.070556640625	0.0	2137.070556640625	0	40
25459.28515625	0.0	25436.279296875	0	13
1382.669677734375	0.0	213561.078125	0	224
70611.4296875	0.0	70611.4296875	0	80
5191.18994140625	0.0	5191.18994140625	0	13
70807.7890625	0.0	70807.7890625	0	44
70842.390625	0.0	70842.390625	0	19
60986.234375	0.0	60986.234375	0	21
56813.95703125	0.0	213877.59375	0	86
246.67822265625	0.0	213277.390625	0	141
71526.828125	0.0	71520.0	0	28
732.7832641601562	0.0	213497.40625	0	252
58062.4609375	0.0	58062.4609375	0	7
60941.01171875	0.0	60941.01171875	0	19
70593.046875	0.0	70593.046875	0	36
70241.890625	0.0	70241.890625	0	25
70982.28125	0.0	70982.28125	0	6
70080.09375	0.0	70080.09375	0	16
61615.5078125	0.0	61615.5078125	0	64
23602.318359375	0.0	23602.318359375	0	15
45726.14453125	0.0	45726.14453125	0	9
71037.0546875	0.0	71037.0546875	0	21
70588.421875	0.0	70588.421875	0	80
61117.4453125	0.0	61117.4453125	0	55
6906.83251953125	0.0	6906.83251953125	0	4
80900.0703125	0.0	80900.0703125	0	193
10674.3056640625	0.0	213764.40625	0	106
1627.907958984375	0.0	213404.203125	0	177
1286.8865966796875	0.0	1286.8865966796875	0	3
