0.0
58008.04296875
271524.74609375
416251.57421875
457073.8671875
669961.2421875
1297829.4288330078
1305570.3775634766
1354617.4283447266
1400373.3658447266
2191680.6567382812
2349961.1849975586
2390340.9584350586
2420054.3392944336
2316400.342590332
3183678.2361450195
3323192.4080200195
3381148.0603637695
3434965.7478637695
3519127.6775512695
3568130.8572387695
3617319.7356567383
3759477.5481567383
3766017.610168457
3774260.9431762695
3819972.1189575195
3878004.4275512695
3952953.416891098
3977362.918844223
4038512.360250473
4119960.141500473
4176598.164937973
4183504.9974575043
4241464.927145004
4299527.661520004
4383606.825582504
4426216.397390366
4496465.764577866
4499886.5153102875
4570472.1637477875
4632200.7340602875
4690492.6285915375
4748480.3746852875
4890522.0934352875
5032205.8278102875
5090253.8942165375
5148241.5582790375
5273145.5426540375
5333774.7809352875
5391732.0231227875
5851202.2543849945
5909159.3207912445
5949764.7621974945
6017726.1371974945
6075705.1176662445
6108217.7211818695
6200082.9789943695
6333473.2602443695
6402457.3774318695
6448188.5610256195
6506244.5375881195
6514549.786611557
6575871.063955307
6665240.603017807
6735814.267080307
6806656.657705307
6877289.235830307
6935262.774892807
7005503.290517807
7115958.173330307
7176638.599111557
7222288.470205307
7306387.767080307
7368107.474111557
7413841.876455307
7627376.345205307
7719724.579580307
8238482.985830307
8296015.841299057
8350324.446767807
8390803.833486557
8423064.104970932
8473891.460439682
8531900.710439682
9027491.194814682
9115521.562002182
9184218.866689682
9216890.937002182
9265894.116689682
9271321.60008812
9355470.23290062
9413477.86571312
9584133.00633812
9642175.51805687
9647467.816884995
9728288.410634995
9812387.605947495
9883229.996572495
9932285.570791245
1.0020667508291245E7
1.0053240555166245E7
1.0111249867666245E7
1.0218845383291245E7
1.0360497508291245E7
1.0361070435537338E7
1.0365388911611557E7
1.0405833770986557E7
1.0463366626455307E7
1.096721829009056E7
1.102520775884056E7
1.108274061430931E7
1.1082964784963608E7
1.1167119409963608E7
1.1258657800588608E7
1.1329455464651108E7
1.1396758874807358E7
1.1457984253713608E7
1.1908751656057358E7
1.1966765144338608E7
1.2007041116994858E7
1.2007074163560867E7
1.2098989140123367E7
1.210244000438118E7
1.215459300438118E7
1.2169639651842117E7
1.2173049161607742E7
1.2180871454088211E7
1.2238870891588211E7
1.2296403747056961E7
1.2377809418931961E7
1.2443138082994461E7
1.2501200055650711E7
1.2558732911119461E7
1.2390372855018616E7
1.2533998620643616E7
1.2740818413759232E7
1.2798779691102982E7
1.2856824632509232E7
1.3295054229188919E7
1.3356546908876419E7
1.3356771152757645E7
1.3359443578783035E7
1.3443502352220535E7
1.3492576840501785E7
1.3492611671346664E7
1.3500892646932602E7
1.3582532365682602E7
1.3640506471151352E7
1.3724655103963852E7
1.372474084895897E7
1.4046085416341782E7
1.4091891568685532E7
1.4233210959310532E7
1.4294938986654282E7
1.4352471842123032E7
1.4422926709310532E7
1.438528111495018E7
1.444458981807518E7
1.450259759932518E7
1.464393344307518E7
1.470192110713768E7
1.477282401338768E7
1.483082345088768E7
1.491497048213768E7
1.498554408370018E7
1.558425307588768E7
1.566048185713768E7
1.5661793834798813E7
1.5692946733236313E7
1.5777043389486313E7
1.5778729345571518E7
1.5836774286977768E7
1.5920916240102768E7
1.5989451201040268E7
1.6046984056509018E7
1.6105884829946518E7
1.6166783501821518E7
1.6346330587881088E7
1.6407763173818588E7
1.6448134998037338E7
1.678823875584984E7
1.693304100584984E7
1.693328143590355E7
1.6941586684926987E7
1.6999617544301987E7
1.7002289970327377E7
1.747377086632347E7
1.761522092882347E7
1.7624826305776596E7
1.7639638714956284E7
1.7701146660268784E7
1.7707357390737534E7
1.7756406796987534E7
1.7759790290395737E7
1.7901028852895737E7
1.7927682681020737E7
1.7929140500112534E7
1.7990128457143784E7
1.8060366246206284E7
1.8063768187856674E7
1.8129436984731674E7
1.8190929664419174E7
1.8271916461294174E7
1.8342490117544174E7
1.8413211062856674E7
1.8413616495809555E7
1.8495305050497055E7
1.8557093527059555E7
1.8641157831747055E7
1.8699109855184555E7
1.8700396741781235E7
1.8761744226156235E7
1.8823407120687485E7
1.8884089323812485E7
1.8887511369710922E7
1.8945467022054672E7
1.9006967615804672E7
1.9031386475179672E7
1.904457416560936E7
1.908495039998436E7
1.914599502889061E7
1.918636927107811E7
1.922919657576561E7
1.929091628279686E7
1.934887441170311E7
1.940640726717186E7
1.941072614656639E7
1.945110369734764E7
1.949148106844139E7
1.955200086922264E7
1.963614396297264E7
1.964865543465233E7
1.970667346590233E7
1.976684680183983E7
1.981590480965233E7
1.987699020027733E7
1.994723552840233E7
2.000833243855858E7
2.007986207918358E7
2.016397658699608E7
2.0177164277425766E7
2.0222877445394516E7
2.0280940179769516E7
2.0342693679769516E7
2.0400697226644516E7
2.0461668011800766E7
2.0462269213033676E7
2.0519802068502426E7
2.0525229551900864E7
2.0609271778463364E7
2.0649652192525864E7
2.0733742309713364E7
2.0805128200338364E7
2.0866714297994614E7
2.0936783188619614E7
2.1020947555807114E7
2.1091460165182114E7
2.1172968204244614E7
2.1239604868307114E7
2.1297635727682114E7
2.1363797008932114E7
2.1425133758932114E7
2.1428535701070786E7
2.1490142322164536E7
2.1530525017477036E7
2.1672214548727036E7
2.1730251509664536E7
2.1788003415914536E7
2.1789966360616684E7
2.1793315809591293E7
2.226474948732567E7
2.2249826697561264E7
2.2311687732717514E7
2.2393371420217514E7
2.2433745279592514E7
2.2517787506155014E7
2.2659439631155014E7
2.2801131428030014E7
2.280873600029564E7
2.286968385576439E7
2.292771008232689E7
2.298845827373314E7
2.307253990654564E7
2.313054305107689E7
2.318855653935814E7
2.332999047685814E7
2.339175837138939E7
2.3395145166799545E7
2.339815987212181E7
2.3405762851614E7
2.335521372746849E7
2.342105054778099E7
2.3426342846609116E7
2.342979072282982E7
2.3433413550222397E7
2.3434067954824448E7
2.3494986032949448E7
2.3556396591543198E7
2.3614428064199448E7
2.3676174755605698E7
2.3734217368886948E7
2.3795302759511948E7
2.3852835614980698E7
2.3913753626699448E7
2.3974407193105698E7
2.3979699491933823E7
2.398565163890648E7
2.403471386156273E7
2.409276791625023E7
2.4098060215078354E7
2.4158634933828354E7
2.4240040605703354E7
2.4301265984609604E7
2.4355766535390854E7
2.4396042508047104E7
2.4445084929922104E7
2.4505699945547104E7
2.4576280008047104E7
2.4635620754140854E7
2.4697371426015854E7
2.4754904281484604E7
2.4813272504140854E7
2.526150181837654E7
2.5269805932634354E7
2.5318850803728104E7
2.5380270936540604E7
2.5441476389665604E7
2.5502376718889236E7
2.5586471148576736E7
2.5648250492326736E7
2.5710154316545486E7
2.5783236363420486E7
2.5843889929826736E7
2.5902773359514236E7
2.5943150910295486E7
2.6004007652482986E7
2.6062324129045486E7
2.6120333781389236E7
2.6150062797014236E7
2.61254586150074E7
2.617578071266365E7
2.6188060477312088E7
2.6248957324968338E7
2.6306490180437088E7
2.630984720900154E7
2.637048935743904E7
2.645213369337654E7
2.651304447072029E7
2.651995908302498E7
2.658174755958748E7
2.666582477052498E7
2.672690522364998E7
2.678806443849373E7
2.683421890724373E7
2.689643997755623E7
2.695445146583748E7
2.701543358693123E7
2.704853815333748E7
2.708891570411873E7
2.714688613380623E7
2.720783540724373E7
2.721611757228279E7
2.727709969337654E7
2.741881224025154E7
2.747634509572029E7
2.754658379884529E7
2.755259936525154E7
2.760552140040779E7
2.766354340822029E7
2.791431665822029E7
2.797235430275154E7
2.803356140431404E7
2.807879234572029E7
2.814030254103279E7
2.828160611915779E7
2.834241047462654E7
2.840415243947029E7
2.844578654103279E7
2.845109398536873E7
2.852126835255623E7
2.858293894239998E7
2.864407689161873E7
2.8646412014177322E7
2.8755994686052322E7
2.8816965471208572E7
2.8834901520036697E7
2.8895555086442947E7
2.8912434563005447E7
2.8996606930192947E7
2.9140248195817947E7
2.9202221203630447E7
2.9286375828630447E7
2.9326820688005447E7
2.9352339355974197E7
2.9382464840349197E7
2.9443639191911697E7
2.9527800879411697E7
2.9529173304948807E7
2.9589905019792557E7
2.9649255617448807E7
2.9703756168230057E7
2.9764398316667557E7
2.9834984176042557E7
2.9843282331315994E7
2.9904686511003494E7
2.9976206511003494E7
3.0037926917253494E7
3.0099909280534744E7
3.0160957468034744E7
3.0231643764909744E7
3.0372985218034744E7
3.0376394725358963E7
3.0437704811296463E7
3.0507880748796463E7
3.0578469170671463E7
3.0648714717546463E7
3.0709408088640213E7
3.0750102721452713E7
3.0821139776140213E7
3.0891745010515213E7
3.0932116803483963E7
3.0947217890398026E7
3.1007754218523026E7
3.1078500366960526E7
3.114885797096443E7
3.122373600221443E7
3.128863037721443E7
3.1289341594804764E7
3.1350947426836014E7
3.1311978390947342E7
3.1382770570634842E7
3.1443750566728592E7
3.145166140559578E7
3.1454011065019608E7
3.1515248701738358E7
3.1585466818925858E7
3.1655708592363358E7
3.1659664432207108E7
3.166240776106453E7
3.175432273762703E7
3.181527059309578E7
3.187683153840828E7
3.194955567122078E7
3.201071488606453E7
3.208079497981453E7
3.214233938997078E7
3.214470033113289E7
3.221530556550789E7
3.227677263972664E7
3.233876732722664E7
3.241029696785164E7
3.247098935457039E7
3.247696395222664E7
3.252729353816414E7
3.2527553966508865E7
3.2588533521196365E7
3.2649367517290115E7
3.2719991587602615E7
3.2781187548540115E7
3.2842017005571365E7
3.2912254794633865E7
3.2971583630571365E7
3.3033165306352615E7
3.303443708137703E7
3.309607532356453E7
3.316686750325203E7
3.323752837825203E7
3.330823578450203E7
3.337831587825203E7
3.341895789778328E7
3.348999495247078E7
3.356152459309578E7
3.362262541340828E7
3.363447547883797E7
3.369641118196297E7
3.376665647883797E7
3.379915896711922E7
3.386922058430672E7
3.393946300618172E7
3.394637378059578E7
3.398666110872078E7
3.398740444600105E7
3.406694509443855E7
3.413753953193855E7
3.41984921139698E7
3.42687293327198E7
3.43013307624073E7
3.436206499287605E7
3.436952294355965E7
3.443052802949715E7
3.44919971193409E7
3.455322052949715E7
3.455555534810066E7
3.461716634419441E7
3.468800021138191E7
3.481261353950691E7
3.487365040669441E7
3.494388652388191E7
3.501505162544441E7
3.515977845356941E7
3.522117570356941E7
3.528290950435066E7
3.534444864106941E7
3.540549682856941E7
3.544592541450691E7
3.551617181294441E7
3.558639686763191E7
3.564815077778816E7
3.570934673872566E7
3.5722201099077225E7
3.5792802278764725E7
3.5854728966264725E7
3.5895101220170975E7
3.5970878860795975E7
3.6016376239702225E7
3.6077273087358475E7
3.6138468087358475E7
3.6208706056108475E7
3.6269972552202225E7
3.6331206337358475E7
3.6389245052202225E7
3.6446777907670975E7
3.644812482869148E7
3.651870585994148E7
3.657663134822273E7
3.664298203596687E7
3.671323304377937E7
3.678413595002937E7
3.685468037971687E7
3.692030931721687E7
3.6934569146318436E7
3.7005312654130936E7
3.7075554544755936E7
3.7083408274736404E7
3.7159657868486404E7
3.7229887548173904E7
3.7291352989580154E7
3.7361962677080154E7
3.7446066575517654E7
3.7504045399736404E7
3.750940073713875E7
3.758043779182625E7
3.764184399495125E7
3.771258750276375E7
3.778283285432625E7
3.784444385042E7
3.790382635042E7
3.796186399495125E7
3.799493479963875E7
3.80566053894825E7
3.81987632019825E7
3.82694763738575E7
3.83397179988575E7
3.84007116863575E7
3.844695397542E7
3.85177609519825E7
3.85488913582325E7
3.859461304963875E7
3.866479558088875E7
3.873504090901375E7
3.87756202019825E7
3.883315305745125E7
3.88735841863575E7
3.89316234051075E7
3.901707579182625E7
3.911145893245125E7
3.915725494417E7
3.922796235042E7
3.928902454182625E7
3.93140366394825E7
3.934661222932625E7
3.940808131917E7
3.946981511995125E7
3.954047599495125E7
3.96020693894825E7
3.97057898582325E7
3.976762988557625E7
3.9828519553545E7
3.9886485147295E7
3.995787103792E7
4.00287785301075E7
4.008631138557625E7
4.0147850522295E7
4.0226534491045E7
4.0229570900224686E7
4.0300151189287186E7
4.0340524720537186E7
4.0410770056474686E7
4.0481015353349686E7
4.0542434654130936E7
4.0575009904130936E7
4.060760411702156E7
4.0615902272295E7
4.074768535042E7
4.074770049618244E7
4.078814192196369E7
4.079860433602619E7
4.085965056649494E7
4.092126976180744E7
4.0921336958096504E7
4.1013304247159004E7
4.1074769688565254E7
4.108183580135822E7
4.1084845411709785E7
4.1145450103116035E7
4.1215695439053535E7
4.1222599876065254E7
4.1281929840909004E7
4.128892576424885E7
4.132199656893635E7
4.139726401424885E7
4.145708177279377E7
4.152404042123127E7
4.158157327670002E7
4.166449832357502E7
4.170532061654377E7
4.176711788998127E7
4.184877222591877E7
4.190942661654377E7
4.196745747591877E7
4.200005890560627E7
4.201203955697346E7
4.207722136556721E7
4.214747597494221E7
4.221851302962971E7
4.222717796810627E7
4.229590829550648E7
4.240617303769398E7
4.241140473349476E7
4.2417356880467415E7
4.2478599759373665E7
4.2549505595311165E7
4.2610485591404915E7
4.261829505331898E7
4.267918472128773E7
4.273719997910023E7
4.274866494443226E7
4.282273932724476E7
4.296480299911976E7
4.302644329208851E7
4.308772832724476E7
4.311233131943226E7
4.318289151474476E7
4.324042437021351E7
4.328080478427601E7
4.332672665927601E7
4.338771608505726E7
4.338779703788471E7
4.345776211600971E7
4.345777726699829E7
4.352868017324829E7
4.353465477090454E7
4.362248323965454E7
4.368396837246704E7
4.369012045669556E7
4.376035677700806E7
4.383093683950806E7
4.384520569692993E7
4.391543635317993E7
4.392823499966431E7
4.399845665591431E7
4.406935956216431E7
4.414074545278931E7
4.421153041372681E7
4.422049006607056E7
4.423328871255493E7
4.430387754067993E7
4.431576040786743E7
4.437684579849243E7
4.442717538442993E7
4.443264212661743E7
4.450334953286743E7
4.454116708755493E7
4.4551487205718994E7
4.4609534565093994E7
4.4611328487701416E7
4.4682097183013916E7
4.46898667538147E7
4.471665510342407E7
4.472467086465454E7
4.479490737246704E7
4.480182198477173E7
4.487205699258423E7
4.487231755749512E7
4.494293372155762E7
4.500436875280762E7
4.503703496960449E7
4.510727108679199E7
4.517865697741699E7
4.5184253169799805E7
4.5254385286987305E7
4.5325771177612305E7
4.5395965341674805E7
4.544089124475098E7
4.548662668225098E7
4.556178343225098E7
4.556185756954193E7
4.561981749922943E7
4.565097039766693E7
4.569654206563568E7
4.574115192110443E7
4.578693544844818E7
4.584404572579193E7
4.592563000704193E7
4.599587530391693E7
4.605689052657318E7
4.612713587813568E7
4.612889641875458E7
4.615174208281708E7
4.622858280937958E7
4.624528445586395E7
4.62779504285202E7
4.63506405769577E7
4.638714189336395E7
4.645774904180145E7
4.646959910723114E7
4.648148197441864E7
4.653901482988739E7
4.65433330613327E7
4.66047306707077E7
4.66749627175827E7
4.67073866160202E7
4.671062663335419E7
4.679231518804169E7
4.686290109429169E7
4.692393045366669E7
4.699676910210419E7
4.705838283647919E7
4.7065664378959656E7
4.706942471196747E7
4.714046176665497E7
4.718054612993622E7
4.7192825894584656E7
4.7263594589897156E7
4.726427549272919E7
4.732223273491669E7
4.732458176860809E7
4.738211462407684E7
4.745519667095184E7
4.751582997563934E7
4.758692940532684E7
4.764791883110809E7
4.766055379497528E7
4.768607246294403E7
4.7707779812553406E7
4.7778412390678406E7
4.7835945246147156E7
4.7858790910209656E7
4.7866865421928406E7
4.786879117864227E7
4.793963356926727E7
4.7951991226493835E7
4.7965466347587585E7
4.8011188542900085E7
4.804382306438446E7
4.813368168938446E7
4.820458459563446E7
4.8237142183525085E7
4.8249385960380554E7
4.8328895030693054E7
4.832891018168163E7
4.837477136136913E7
4.843647922465038E7
4.850672099808788E7
4.858630356840038E7
4.864428239261913E7
4.871445675980663E7
4.872008702054882E7
4.879032463773632E7
4.883069677445507E7
4.889910544633007E7
4.896971068070507E7
4.897184775126171E7
4.8997284030558586E7
4.8998689706095695E7
4.9069301135783195E7
4.90744923257246E7
4.91453001147871E7
4.92161425054121E7
4.92771287397871E7
4.9289003721232414E7
4.92892289449873E7
4.93607489449873E7
4.936143667594433E7
4.941949913688183E7
4.948044014860058E7
4.955103319547558E7
4.962127508610058E7
4.969225736735058E7
4.976233746110058E7
4.982395296891308E7
4.984755528727245E7
4.98932814318037E7
4.99643184864912E7
5.00349069083662E7
5.00960243536787E7
5.0102931186198235E7
5.0183831256510735E7
5.0191585506510735E7
5.019915147233105E7
5.020043835892773E7
