0.0
58008.04296875
271524.74609375
416251.57421875
457073.8671875
669961.2421875
795164.1163330078
802905.0650634766
851952.1158447266
897708.0533447266
451109.84060668945
578567.8532409668
618947.6266784668
648661.0075378418
208689.59020996094
178148.07778930664
317662.24966430664
375617.90200805664
429435.58950805664
513597.51919555664
562600.6988830566
-47721.89855957031
94435.91394042969
100975.97595214844
-709567.3570556641
-663856.1812744141
-605823.8726806641
-940762.1773681641
-1473111.144165039
-1411961.702758789
-1330513.921508789
-1273875.898071289
-1266969.0655517578
-1209009.1358642578
-1150946.4014892578
-1066867.2374267578
-1109112.3011169434
-1038862.9339294434
-1035442.1831970215
-964856.5347595215
-903127.9644470215
-844836.0699157715
-786848.3238220215
-644806.6050720215
-503122.8706970215
-445074.8042907715
-387087.1402282715
-262183.1558532715
-201553.91757202148
-143596.67538452148
-494978.0007762909
-437020.9343700409
-396415.4929637909
-328454.1179637909
-270475.1374950409
-237962.5339794159
-146097.2761669159
-516540.4949169159
-447556.3777294159
-401825.1941356659
-343769.2175731659
-335463.9685497284
-274142.6912059784
-316984.1130809784
-246410.4490184784
-175568.0583934784
-104935.4802684784
-46961.94120597839
23278.574419021606
133733.4572315216
194413.8830127716
240063.7541065216
324163.0509815216
385882.7580127716
431617.1603565216
645151.6291065216
737499.8634815216
236771.0412158966
294303.8966846466
348612.5021533966
389091.8888721466
421352.1603565216
472179.5158252716
530188.7658252716
-82337.3122997284
-119809.9685497284
-463884.0106945038
-431211.9403820038
-382208.7606945038
-376781.2772960663
-292632.6444835663
-234625.01167106628
-63969.871046066284
-5927.359327316284
-635.0604991912842
80185.53325080872
164284.72856330872
235127.11918830872
284182.6934070587
215777.71000862122
248350.75688362122
306360.0693836212
413955.5850086212
555607.7100086212
-122726.8141002655
-118408.33802604675
-77963.47865104675
-20430.623182296753
-728337.1140270233
-670347.6452770233
-612814.7898082733
-1112802.7552165985
-1028648.1302165985
-937109.7395915985
-866312.0755290985
-935919.6692790985
-874694.2903728485
-1091231.4466228485
-1033217.9583415985
-992941.9856853485
-1838380.7751865387
-1746465.7986240387
-1743014.9343662262
-1690861.9343662262
-2001101.8938999176
-1997692.3841342926
-1989870.0916538239
-1931870.6541538239
-1874337.7986850739
-1792932.1268100739
-2080496.1458530426
-2022434.1731967926
-1964901.3177280426
-2247193.166000366
-2103567.400375366
-2467354.103500366
-2409392.826156616
-2351347.884750366
-2278421.1987228394
-2216928.5190353394
-2716946.546989441
-3352228.543571472
-3268169.770133972
-3219095.281852722
-3719305.5710372925
-3711024.595451355
-3629384.876701355
-3571410.771232605
-3487262.138420105
-4030552.348508835
-4659569.249135971
-4613763.096792221
-4472443.706167221
-4410715.678823471
-4353182.823354721
-4282727.956167221
-4987831.695302963
-4928522.992177963
-4870515.210927963
-4729179.367177963
-4671191.703115463
-4600288.796865463
-4542289.359365463
-4458142.328115463
-4387568.726552963
-4752064.187490463
-5013559.492177963
-5012247.51451683
-4981094.61607933
-4896997.95982933
-5701353.083944321
-5643308.142538071
-5559166.189413071
-5634670.369100571
-5577137.513631821
-5518236.740194321
-5457338.068319321
-5736649.568319321
-5675216.982381821
-5634845.158163071
-6026886.798788071
-5882084.548788071
-6546351.328084946
-6538046.079061508
-6480015.219686508
-7251550.335897446
-7563705.998983383
-7422255.936483383
-7843294.660116196
-8420755.315389633
-8359247.370077133
-8756822.580350876
-8707773.174100876
-8704389.680692673
-8586247.209989548
-9274532.74612236
-9273074.927030563
-9212086.969999313
-9141849.180936813
-9138447.239286423
-9072778.442411423
-9011285.762723923
-8930298.965848923
-8859725.309598923
-8789004.364286423
-9424259.874082565
-9342571.319395065
-9280782.842832565
-9196718.538145065
-9138766.514707565
-9137479.628110886
-9076132.143735886
-9014469.249204636
-8953787.046079636
-8950365.000181198
-8892409.347837448
-8830908.754087448
-9492444.945493698
-9479257.25506401
-9438881.02068901
-9377836.39178276
-9337462.14959526
-9976461.35272026
-9914741.64568901
-9856783.51678276
-9799250.66131401
-9794931.78191948
-9754554.23113823
-9714176.86004448
-9653657.05926323
-9569513.96551323
-9557002.493833542
-9498984.462583542
-9438811.126646042
-9389753.118833542
-9328667.728208542
-9258422.400083542
-9197325.489927292
-9125795.849302292
-9041681.341489792
-9028493.651060104
-8982780.483091354
-8924717.748716354
-8862964.248716354
-8804960.701841354
-8743989.916685104
-8743388.715452194
-8685855.859983444
-8680428.376585007
-8596386.150022507
-8556005.735960007
-8471915.618772507
-8400529.728147507
-8338943.630491257
-8268874.739866257
-8184710.372678757
-8114197.763303757
-8032689.724241257
-7966053.060178757
-7908022.200803757
-7841860.919553757
-7780524.169553757
-7777122.227415085
-7715515.606321335
-7675132.911008835
-7533443.379758835
-7475406.418821335
-7925159.703977585
-7923196.759275436
-7919847.310300827
-8398800.499753952
-9096227.399625778
-9034366.364469528
-8952682.676969528
-8912308.817594528
-8828266.591032028
-8686614.466032028
-8544922.669157028
-8537318.096891403
-8476370.241422653
-8418344.014860153
-8357595.823453903
-8273514.190641403
-8215511.046110153
-8157497.557828903
-8016063.620328903
-7954295.725797653
-7950908.930387497
-7947894.225065231
-8639810.69308281
-9299389.426481247
-9233552.606168747
-9228260.307340622
-9224812.431119919
-9855673.124357224
-1.0506876619474411E7
-1.0445958541349411E7
-1.0384547982755661E7
-1.0326516510099411E7
-1.0264769818693161E7
-1.0206727205411911E7
-1.0145641814786911E7
-1.0088108959318161E7
-1.0027190947599411E7
-9966537.381193161
-9961245.082365036
-9955292.93539238
-9906230.71273613
-9848176.65804863
-9842884.359220505
-9782309.640470505
-9700903.968595505
-9639678.589689255
-9585178.038908005
-9544902.066251755
-9495859.644376755
-9435244.628751755
-9364664.566251755
-9305323.820158005
-9243573.148283005
-9186040.292814255
-9709158.839689255
-9784341.160001755
-9776037.045743942
-9726992.174650192
-9665572.041837692
-9604366.588712692
-1.0155706901212692E7
-1.0071612471525192E7
-1.0009833127775192E7
-9947929.303556442
-9874847.256681442
-9814193.690275192
-9755310.260587692
-9714932.709806442
-9654075.967618942
-9595759.491056442
-9537749.838712692
-9508020.823087692
-1.014761717367363E7
-1.009729507601738E7
-1.0573787577970505E7
-1.0512890730314255E7
-1.0455357874845505E7
-1.0452000846281052E7
-1.0391358697843552E7
-1.0309714361906052E7
-1.0248803584562302E7
-1.0241888972257614E7
-1.0180100495695114E7
-1.0096023284757614E7
-1.0034942831632614E7
-9973783.616788864
-9927629.148038864
-1.0212374019132614E7
-1.0154362530851364E7
-1.0093380409757614E7
-1.0060275843351364E7
-1.0019898292570114E7
-9961927.862882614
-9900978.589445114
-9892696.424406052
-9831714.303312302
-9690001.756437302
-9632468.900968552
-9562230.197843552
-9556214.631437302
-9503292.596281052
-9445270.588468552
-9194497.338468552
-9136459.693937302
-9075252.592374802
-9030021.650968552
-8968511.455656052
-8827207.877531052
-8766403.522062302
-8704661.557218552
-8663027.455656052
-8657720.011320114
-8587545.644132614
-8525875.054288864
-8464737.105070114
-8462401.98251152
-8352819.31063652
-8291848.52548027
-8273912.476652145
-8213258.910245895
-8196379.433683395
-8112207.066495895
-7968565.800870895
-7906592.793058395
-7822438.168058395
-7781993.308683395
-7756474.640714645
-7726349.156339645
-7665174.804777145
-7581013.117277145
-7579640.691740036
-7518908.976896286
-7459558.379240036
-7405057.828458786
-7344415.680021286
-7273829.820646286
-7265531.6653728485
-7204127.4856853485
-7132607.4856853485
-7070887.0794353485
-7008904.7161540985
-6947856.5286540985
-6877170.2317790985
-6735828.7786540985
-6732419.27132988
-6671109.18539238
-6600933.24789238
-6530344.82601738
-6460099.27914238
-6399405.90804863
-6358711.27523613
-6287674.22054863
-6217068.98617363
-6176697.19320488
-6161596.106290817
-6101059.778165817
-6030313.629728317
-6174998.0286540985
-6100119.9974040985
-6035225.6224040985
-6649144.888395309
-6587539.056364059
-7224985.484098434
-7154193.304410934
-7093213.308317184
-7844242.023160934
-7841892.363737106
-7780654.727018356
-7710436.609830856
-7640194.836393356
-7636238.996549606
-7633495.667692184
-7541580.691129684
-7480632.835660934
-7419071.890348434
-7346347.757535934
-7285188.542692184
-7215108.448942184
-7153564.038785934
-7151203.097623825
-7080597.863248825
-7019130.789030075
-6957136.101530075
-6885606.460905075
-6824914.074186325
-6818939.476530075
-6768609.890592575
-6768349.4622478485
-6707369.9075603485
-6646535.9114665985
-6575911.8411540985
-6514715.8802165985
-6453886.4231853485
-6383648.6341228485
-6324319.7981853485
-6262738.1224040985
-6261466.347379684
-6199828.105192184
-6129035.925504684
-6058375.050504684
-5987667.644254684
-5917587.550504684
-5876945.530973434
-5805908.476285934
-5734378.835660934
-5673278.015348434
-5661427.949918747
-5599492.246793747
-5529246.949918747
-5496744.461637497
-5426682.844449997
-5356440.422574997
-5349529.648160934
-5309242.320035934
-5308498.982755661
-5228958.334318161
-5158363.896818161
-5097411.314786911
-5027174.096036911
-4994572.666349411
-4933838.435880661
-4926380.485197067
-4865375.399259567
-4803906.309415817
-4742682.899259567
-4740348.080656052
-4678737.084562302
-4607903.217374802
-4483289.889249802
-4422253.022062302
-4352016.904874802
-4280851.803312302
-4136124.9751873016
-4074727.7251873016
-4012993.9244060516
-3951454.7876873016
-3890406.6001873016
-3849978.0142498016
-3779731.6158123016
-3709506.5611248016
-3647752.6509685516
-3586556.6900310516
-3573702.329679489
-3503101.149991989
-3441174.462491989
-3400802.208585739
-3325024.567960739
-3279527.189054489
-3218630.341398239
-3157435.341398239
-3087197.372648239
-3025930.876554489
-2964697.091398239
-2906658.376554489
-2849125.521085739
-2847778.6000652313
-2777197.5688152313
-2719272.0805339813
-3181081.290250778
-3110830.282438278
-3039927.376188278
-2969382.946500778
-2903754.009000778
-3578255.294157028
-3507511.786344528
-3437269.895719528
-4050329.8673992157
-3974080.2736492157
-3903850.5939617157
-3842385.1525554657
-3771775.4650554657
-3687671.5666179657
-3629692.7423992157
-3624337.404996872
-3553300.350309372
-3491894.147184372
-3421150.639371872
-3350905.287809372
-3289294.291715622
-3229911.791715622
-3171874.147184372
-3138803.342496872
-3077132.752653122
-2934974.940153122
-2864261.768278122
-2794020.143278122
-2733026.455778122
-2686784.166715622
-2615977.190153122
-2584846.783903122
-2539125.092496872
-2468942.561246872
-2398697.233121872
-2358117.940153122
-2300585.084684372
-2260153.955778122
-2202114.737028122
-2596505.190153122
-2502122.049528122
-2456326.037809372
-2385618.631559372
-2324556.440153122
-2299544.342496872
-2266968.752653122
-2205499.662809372
-2143765.862028122
-2073104.987028122
-2011511.592496872
-2105884.791715622
-2044044.764371872
-1983155.096403122
-1925189.502653122
-1853803.612028122
-1782896.119840622
-1725363.264371872
-1663824.127653122
-1585140.158903122
-2161869.5126628876
-2091289.2236003876
-2050915.6923503876
-1980670.3564128876
-1910425.0595378876
-1849005.7587566376
-1816430.5087566376
-1783836.2958660126
-1775538.140592575
-1643755.062467575
-2281106.60868454
-2240665.18290329
-2230202.76884079
-2169156.53837204
-2107537.34305954
-2944116.291240692
-2852149.002178192
-2790683.560771942
-2783617.4479789734
-3272573.568370819
-3211968.876964569
-3141723.541027069
-3134819.1040153503
-3075489.1391716003
-3068493.2158317566
-3035422.4111442566
-2960154.9658317566
-3396203.9775505066
-3475441.6806755066
-3417908.8252067566
-3334983.7783317566
-3294161.4853630066
-3232364.2119255066
-3150709.8759880066
-3090055.4853630066
-3032024.6259880066
-2999423.1963005066
-3633857.1279411316
-3568675.3193473816
-3498420.7099723816
-3427383.6552848816
-3418718.716808319
-3987260.687104225
-4025334.374604225
-4020102.678803444
-4014150.5318307877
-3952907.6529245377
-3882001.8169870377
-3821021.8208932877
-3813212.358979225
-3752322.691010475
-3694307.433197975
-4172298.59530735
-4649417.133881569
-4507353.462006569
-4445713.169037819
-4384428.133881569
-4359825.141694069
-4289264.946381569
-4231732.090912819
-4191351.676850319
-4145429.801850319
-4084440.376069069
-4584665.162068367
-4514700.083943367
-5198056.680936813
-5127153.774686813
-5121179.177030563
-5033350.708280563
-4971865.575468063
-5608401.280546188
-5538164.960233688
-5467584.897733688
-5453316.040311813
-5383085.384061813
-5370286.737577438
-5300065.081327438
-5229162.175077438
-5157776.284452438
-5086991.323514938
-5078031.671171188
-5065233.024686813
-4994644.196561813
-4982761.329374313
-4921675.938749313
-4871346.352811813
-5361087.038358688
-5290379.632108688
-5944553.138944626
-5934233.020780563
-5876185.661405563
-5874391.7387981415
-5803623.0434856415
-5795853.47268486
-5769065.123075485
-6024267.812040329
-5954031.304227829
-5947116.6919231415
-5876881.6841106415
-6377144.630887985
-6306528.466825485
-6245093.435575485
-6212427.21877861
-6142191.10159111
-6070805.21096611
-6065209.018583298
-5995076.901395798
-5923691.010770798
-5853496.846708298
-6437020.627958298
-6391285.190458298
-6655335.198270798
-7155452.902761459
-7097492.973073959
-7066340.074636459
-7020768.406667709
-6976158.551198959
-6930375.023855209
-6873264.746511459
-6791680.465261459
-6721435.168386459
-6660419.945730209
-6590174.594167709
-6975865.980581284
-6953020.316518784
-6876179.589956284
-6859477.943471909
-6826811.970815659
-6754121.822378159
-7327007.094778061
-7256399.946340561
-7244549.880910873
-7232667.013723373
-7175134.158254623
-7170815.926809311
-7109418.317434311
-7039186.270559311
-7006762.372121811
-7003522.354787827
-6921833.800100327
-6851247.893850327
-6790218.534475327
-6717379.886037827
-6655766.151662827
-7316229.357717514
-7312469.024709702
-7241431.970022202
-7607950.618459702
-8084443.120412827
-8013674.425100327
-8839661.511587143
-8781704.269399643
-8779355.235708237
-8721822.380239487
-8648740.333364487
-8588107.028676987
-8517007.598989487
-8456018.173208237
-8930007.557973862
-8904488.890005112
-8882781.540395737
-8812148.962270737
-8754616.106801987
-8731770.442739487
-9526764.052114487
-9524838.29540062
-9453995.90477562
-9781398.89305687
-1.050680591649437E7
-1.046108372118187E7
-1.0428449199697495E7
-1.0338590574697495E7
-1.0267687668447495E7
-1.023513008055687E7
-1.0841655183095932E7
-1.0762146112783432E7
-1.1445524352355003E7
-1.1399663172667503E7
-1.1337955309386253E7
-1.1267713535948753E7
-1.1188130965636253E7
-1.1130152141417503E7
-1.1059977774230003E7
-1.1054347513487816E7
-1.0984109896300316E7
-1.0943737759581566E7
-1.1019315275206566E7
-1.0948710040831566E7
-1.0946572970274925E7
-1.092113669097805E7
-1.148958376885891E7
-1.141897233917141E7
-1.1413781149230003E7
-1.1342973360167503E7
-1.1272130969542503E7
-1.1211144735167503E7
-1.1650329491026878E7
-1.2325748084288597E7
-1.2254228084288597E7
-1.3080181030150414E7
-1.3022118569212914E7
-1.2961177557494164E7
-1.2890584510619164E7
-1.2820342619994164E7
-1.2749360338744164E7
-1.2679280244994164E7
-1.2617664737181664E7
-1.2594062418822289E7
-1.2548336274291039E7
-1.2477299219603539E7
-1.2406710797728539E7
-1.2345593352416039E7
-1.2338686519896507E7
-1.2257786449584007E7
-1.2919744257201195E7
-1.3611845793578148E7
-1.3610558906981468E7
