0.0
58008.04296875
271524.74609375
416251.57421875
457073.8671875
669961.2421875
1297829.4288330078
1305570.3775634766
1354617.4283447266
1400373.3658447266
3080496.371520996
3058381.561767578
3098761.335205078
3128474.716064453
3135969.059326172
4554746.023376465
4694260.195251465
4752215.847595215
4806033.535095215
4890195.464782715
4939198.644470215
4988387.522888184
5130545.335388184
5137085.397399902
5145328.730407715
5191039.906188965
5249072.214782715
5249089.156270981
5729663.533224106
5790812.974630356
5872260.755880356
5928898.779317856
5935805.611837387
5993765.541524887
6051828.275899887
6135907.439962387
6253446.168996811
6323695.536184311
6327116.286916733
6397701.935354233
6459430.505666733
6517722.400197983
6575710.146291733
6717751.865041733
6859435.599416733
6917483.665822983
6975471.329885483
7100375.314260483
7161004.552541733
7218961.794729233
7722362.1918849945
7780319.2582912445
7820924.6996974945
7888886.0746974945
7946865.0551662445
7979377.6586818695
8071242.9164943695
8204633.1977443695
8273617.3149318695
8319348.4985256195
8377404.4750881195
8385709.724111557
8447031.001455307
8536400.540517807
8606974.204580307
8677816.595205307
8748449.173330307
8806422.712392807
8876663.228017807
8987118.110830307
9047798.536611557
9093448.407705307
9177547.704580307
9239267.411611557
9285001.813955307
9498536.282705307
9590884.517080307
1.0065586517080307E7
1.0123119372549057E7
1.0177427978017807E7
1.0217907364736557E7
1.0250167636220932E7
1.0300994991689682E7
1.0359004241689682E7
1.0398429851064682E7
1.0411580677236557E7
1.0857766882497787E7
1.0890438952810287E7
1.0939442132497787E7
1.0944869615896225E7
1.1029018248708725E7
1.1087025881521225E7
1.1257681022146225E7
1.1315723533864975E7
1.13210158326931E7
1.14018364264431E7
1.14859356217556E7
1.15567780123806E7
1.160583358659935E7
1.1955053458669662E7
1.1987626505544662E7
1.2045635818044662E7
1.2153231333669662E7
1.2294883458669662E7
1.2419974342031479E7
1.2424292818105698E7
1.2464737677480698E7
1.2522270532949448E7
1.2522566262472153E7
1.2580555731222153E7
1.2638088586690903E7
1.2638312830572128E7
1.2722467455572128E7
1.2814005846197128E7
1.2884803510259628E7
1.2956347588384628E7
1.3017572967290878E7
1.3086332498540878E7
1.3144345986822128E7
1.3184621959478378E7
1.3184655006044388E7
1.3276569982606888E7
1.32800208468647E7
1.33321738468647E7
1.4220569598817825E7
1.422397910858345E7
1.4231801401063919E7
1.4289800838563919E7
1.4347333694032669E7
1.4428739365907669E7
1.4465350807313919E7
1.4523412779970169E7
1.4580945635438919E7
1.4594363546571732E7
1.4737989312196732E7
1.4744200042665482E7
1.4802161320009232E7
1.4860206261415482E7
1.5361957065126419E7
1.5423449744813919E7
1.5423673988695145E7
1.5426346414720535E7
1.5510405188158035E7
1.5559479676439285E7
1.5559514507284164E7
1.5567795482870102E7
1.5649435201620102E7
1.5707409307088852E7
1.5791557939901352E7
1.579164368489647E7
1.6262068388998032E7
1.6307874541341782E7
1.6449193931966782E7
1.6510921959310532E7
1.6568454814779282E7
1.6638909681966782E7
1.7091464030721664E7
1.7150772733846664E7
1.7208780515096664E7
1.7350116358846664E7
1.7408104022909164E7
1.7479006929159164E7
1.7537006366659164E7
1.7621153397909164E7
1.7691726999471664E7
1.7703290598104477E7
1.7779519379354477E7
1.778083135701561E7
1.781198425545311E7
1.789608091170311E7
1.7897766867788315E7
1.7955811809194565E7
1.8039953762319565E7
1.8108488723257065E7
1.8166021578725815E7
1.8224922352163315E7
1.8285821024038315E7
1.8905857977163315E7
1.8967290563100815E7
1.9007662387319565E7
1.9040681406850815E7
1.9185483656850815E7
1.9185724086904526E7
1.9194029335927963E7
1.9252060195302963E7
1.9254732621328354E7
1.9262404387929916E7
1.9403854450429916E7
1.940427932512474E7
1.9419091734304428E7
1.9480599679616928E7
1.9486810410085678E7
1.9535859816335678E7
1.953924330974388E7
2.001681501463127E7
2.003650773338127E7
2.003796555247307E7
2.009895350950432E7
2.016919129856682E7
2.017259324021721E7
2.023826203709221E7
2.029975471677971E7
2.038074151365471E7
2.045131516990471E7
2.052203611521721E7
2.052244154817009E7
2.060413010285759E7
2.066591857942009E7
2.074998288410759E7
2.080793490754509E7
2.080922179414177E7
2.087056927851677E7
2.093223217304802E7
2.099291437617302E7
2.0996336422071457E7
2.1054292074415207E7
2.1115792668165207E7
2.111612778947258E7
2.1129315479902267E7
2.1169691714277267E7
2.1230736343183517E7
2.1271110585371017E7
2.1313937546308517E7
2.1375657253339767E7
2.1433615382246017E7
2.1491148237714767E7
2.14954671171093E7
2.153584466789055E7
2.15762220389843E7
2.163674183976555E7
2.172088493351555E7
2.1733396405195236E7
2.1791414436445236E7
2.1851587772382736E7
2.1900645780195236E7
2.1961731170820236E7
2.2031976498945236E7
2.2093073409101486E7
2.2164603049726486E7
2.2248717557538986E7
2.2261905247968674E7
2.2307618415937424E7
2.2365681150312424E7
2.2427434650312424E7
2.2485438197187424E7
2.2546408982343674E7
2.2547010183576584E7
2.2604543039045334E7
2.260997052244377E7
2.269401274900627E7
2.273439316306877E7
2.281848328025627E7
2.288986917088127E7
2.295145526853752E7
2.302152415916252E7
2.310568852635002E7
2.317620113572502E7
2.325770917478752E7
2.332434583885002E7
2.338237669822502E7
2.344853797947502E7
2.350987472947502E7
2.3513276671613693E7
2.3574883292707443E7
2.3615265988019943E7
2.3756955519269943E7
2.3814992480207443E7
2.3872744386457443E7
2.387470733115959E7
2.38780567801342E7
2.388896180259514E7
2.388900516761589E7
2.395086620277214E7
2.403254989027214E7
2.407292374964714E7
2.415696597620964E7
2.429861810120964E7
2.444030989808464E7
2.4447914470350266E7
2.4508862325819016E7
2.4566888552381516E7
2.4627636743787766E7
2.4711718376600266E7
2.4769721521131516E7
2.4827735009412766E7
2.4969168946912766E7
2.5030936841444016E7
2.503432363685417E7
2.5037338342176437E7
2.5039003263807297E7
2.5047824946424484E7
2.5113661766736984E7
2.511895406556511E7
2.5122401941785812E7
2.512602476917839E7
2.512667917378044E7
2.518759725190544E7
2.524900781049919E7
2.530703928315544E7
2.536878597456169E7
2.542682858784294E7
2.548791397846794E7
2.554544683393669E7
2.560636484565544E7
2.566701841206169E7
2.5672310710889816E7
2.5678262857862473E7
2.5727325080518723E7
2.5785379135206223E7
2.5790671434034348E7
2.5851246152784348E7
2.5932651824659348E7
2.5993877203565598E7
2.6048377754346848E7
2.6088653727003098E7
2.6137696148878098E7
2.6198311164503098E7
2.6268891227003098E7
2.6328231973096848E7
2.6389982644971848E7
2.6447515500440598E7
2.6505874824659348E7
2.7508994104932785E7
2.7517298219190598E7
2.7566343090284348E7
2.7627763223096848E7
2.7688968676221848E7
2.7690498198682785E7
2.7774592628370285E7
2.7836371972120285E7
2.7898275796339035E7
2.7971357843214035E7
2.8032011409620285E7
2.8090894839307785E7
2.8131272390089035E7
2.8192129132276535E7
2.8250445608839035E7
2.8308455261182785E7
2.8338184276807785E7
2.8347027332471848E7
2.8397349430128098E7
2.8409629194776535E7
2.8470526042432785E7
2.8528058897901535E7
2.853141592646599E7
2.859205807490349E7
2.867370241084099E7
2.873461318818474E7
2.8741527800489426E7
2.8803316277051926E7
2.8887393487989426E7
2.8948473941114426E7
2.9009633155958176E7
2.9055787624708176E7
2.9118008695020676E7
2.9176020183301926E7
2.9237002304395676E7
2.9270106870801926E7
2.9310484421583176E7
2.9368454851270676E7
2.9429404124708176E7
2.943768628974724E7
2.949866841084099E7
2.964038095771599E7
2.969791381318474E7
2.976815251630974E7
2.977416808271599E7
2.982709011787224E7
2.988511212568474E7
3.013588537568474E7
3.019392302021599E7
3.025513012177849E7
3.030036106318474E7
3.036187125849724E7
3.050317483662224E7
3.056397919209099E7
3.062572115693474E7
3.066735525849724E7
3.0672662702833176E7
3.0742837070020676E7
3.0804507659864426E7
3.0865645609083176E7
3.086798073164177E7
3.097756340351677E7
3.103853418867302E7
3.1056470237501144E7
3.1117123803907394E7
3.1134003280469894E7
3.1218175647657394E7
3.1361816913282394E7
3.1423789921094894E7
3.1507944546094894E7
3.1548389405469894E7
3.1573908073438644E7
3.1604033557813644E7
3.1665207909376144E7
3.1749369596876144E7
3.1750742022413254E7
3.1811473737257004E7
3.1870824334913254E7
3.1925324885694504E7
3.1985967034132004E7
3.2056552893507004E7
3.206485104878044E7
3.212625522846794E7
3.219777522846794E7
3.225949563471794E7
3.232147799799919E7
3.238252618549919E7
3.245321248237419E7
3.259455393549919E7
3.259796344282341E7
3.265927352876091E7
3.272944946626091E7
3.280003788813591E7
3.287028343501091E7
3.293097680610466E7
3.297167143891716E7
3.304270849360466E7
3.311331372797966E7
3.315368552094841E7
3.3168786607862473E7
3.3229322935987473E7
3.3300069084424973E7
3.3323410557569504E7
3.3398288588819504E7
3.3463182963819504E7
3.3463894181409836E7
3.3525500013441086E7
3.361866797127342E7
3.368946015096092E7
3.375044014705467E7
3.425857226717186E7
3.426092192659569E7
3.432215956331444E7
3.439237768050194E7
3.446261945393944E7
3.446657529378319E7
3.446931862264061E7
3.456123359920311E7
3.462218145467186E7
3.468374239998436E7
3.475646653279686E7
3.481762574764061E7
3.488770584139061E7
3.494925025154686E7
3.495161119270897E7
3.502221642708397E7
3.508368350130272E7
3.514567818880272E7
3.521720782942772E7
3.527790021614647E7
3.528387481380272E7
3.533420439974022E7
3.5334464828084946E7
3.5395444382772446E7
3.5456278378866196E7
3.5526902449178696E7
3.5588098410116196E7
3.5648927867147446E7
3.5719165656209946E7
3.5778494492147446E7
3.5840076167928696E7
3.584134794295311E7
3.590298618514061E7
3.597377836482811E7
3.604443923982811E7
3.611514664607811E7
3.618522673982811E7
3.622586875935936E7
3.629690581404686E7
3.636843545467186E7
3.642953627498436E7
3.644138634041405E7
3.650332204353905E7
3.657356734041405E7
3.66060698286953E7
3.66761314458828E7
3.67463738677578E7
3.675328464217186E7
3.679357197029686E7
3.679431530757713E7
3.687385595601463E7
3.694445039351463E7
3.700540297554588E7
3.707564019429588E7
3.710824162398338E7
3.716897585445213E7
3.717643380513573E7
3.723743889107323E7
3.729890798091698E7
3.736013139107323E7
3.736246620967674E7
3.742407720577049E7
3.749491107295799E7
3.761952440108299E7
3.768056126827049E7
3.775079738545799E7
3.782196248702049E7
3.796668931514549E7
3.802808656514549E7
3.808982036592674E7
3.815135950264549E7
3.821240769014549E7
3.825283627608299E7
3.832308267452049E7
3.839330772920799E7
3.845506163936424E7
3.851625760030174E7
3.8529111960653305E7
3.8599713140340805E7
3.8661639827840805E7
3.8702012081747055E7
3.8777789722372055E7
3.8823287101278305E7
3.8884183948934555E7
3.8945378948934555E7
3.9015616917684555E7
3.9076883413778305E7
3.9138117198934555E7
3.9196155913778305E7
3.9253688769247055E7
3.925503569026756E7
3.932561672151756E7
3.938354220979881E7
3.944989289754295E7
3.952014390535545E7
3.959104681160545E7
3.966159124129295E7
3.972722017879295E7
3.9741480007894516E7
3.9812223515707016E7
3.9882465406332016E7
3.9890319136312485E7
3.9966568730062485E7
4.0036798409749985E7
4.0098263851156235E7
4.0168873538656235E7
4.0252977437093735E7
4.0310956261312485E7
4.031631159871483E7
4.038734865340233E7
4.044875485652733E7
4.051949836433983E7
4.058974371590233E7
4.065135471199608E7
4.071073721199608E7
4.076877485652733E7
4.080184566121483E7
4.086351625105858E7
4.100567406355858E7
4.107638723543358E7
4.114662886043358E7
4.120762254793358E7
4.125386483699608E7
4.132467181355858E7
4.135580221980858E7
4.140152391121483E7
4.147170644246483E7
4.154195177058983E7
4.158253106355858E7
4.164006391902733E7
4.168049504793358E7
4.173853426668358E7
4.182398665340233E7
4.191836979402733E7
4.196416580574608E7
4.203487321199608E7
4.209593540340233E7
4.212094750105858E7
4.215352309090233E7
4.221499218074608E7
4.227672598152733E7
4.234738685652733E7
4.240898025105858E7
4.251270071980858E7
4.257454074715233E7
4.263543041512108E7
4.269339600887108E7
4.276478189949608E7
4.283568939168358E7
4.289322224715233E7
4.295476138387108E7
4.303344535262108E7
4.303549768245506E7
4.310607797151756E7
4.314645150276756E7
4.321669683870506E7
4.328694213558006E7
4.334836143636131E7
4.338093668636131E7
4.341353089925194E7
4.3421829054525375E7
4.3553612132650375E7
4.355362727841282E7
4.359406870419407E7
4.360453111825657E7
4.366557734872532E7
4.372719654403782E7
4.3727266340973854E7
4.3819233630036354E7
4.3880699071442604E7
4.388776518423557E7
4.3890774794587135E7
4.3951379485993385E7
4.4021624821930885E7
4.4028529258942604E7
4.4087859223786354E7
4.40948551471262E7
4.41279259518137E7
4.42031933971262E7
4.426009302603245E7
4.432705167446995E7
4.43845845299387E7
4.44675095768137E7
4.450833186978245E7
4.457012914321995E7
4.465178347915745E7
4.471243786978245E7
4.477046872915745E7
4.480307015884495E7
4.4815050810212135E7
4.4880232618805885E7
4.4950487228180885E7
4.5021524282868385E7
4.503018922134495E7
4.504912657486057E7
4.515939131704807E7
4.5164623012848854E7
4.517057515982151E7
4.523181803872776E7
4.530272387466526E7
4.536370387075901E7
4.537151333267307E7
4.543240300064182E7
4.549041825845432E7
4.5501883223786354E7
4.5575957606598854E7
4.5718021278473854E7
4.5779661571442604E7
4.5840946606598854E7
4.5865549598786354E7
4.5936109794098854E7
4.5993642649567604E7
4.6034023063630104E7
4.6079944938630104E7
4.6140934364411354E7
4.614101531723881E7
4.621098039536381E7
4.621099554635239E7
4.628189845260239E7
4.628787305025864E7
4.637570151900864E7
4.643718665182114E7
4.6446256865688324E7
4.6516493186000824E7
4.6587073248500824E7
4.66013421059227E7
4.66715727621727E7
4.6684371408657074E7
4.6754593064907074E7
4.6825495971157074E7
4.6896881861782074E7
4.6967666822719574E7
4.6976626475063324E7
4.69894251215477E7
4.70600139496727E7
4.70718968168602E7
4.71329822074852E7
4.71833117934227E7
4.71887785356102E7
4.72594859418602E7
4.72973417543602E7
4.730766187252426E7
4.736570923189926E7
4.736750315450668E7
4.743827184981918E7
4.7446041420619965E7
4.747282977022934E7
4.748084553145981E7
4.755108203927231E7
4.7557996651576996E7
4.7628231659389496E7
4.7628492224300385E7
4.7699108388362885E7
4.7760543419612885E7
4.779320963640976E7
4.786344575359726E7
4.793483164422226E7
4.794042783660507E7
4.801055995379257E7
4.808194584441757E7
4.815214000848007E7
4.819414778191757E7
4.823988321941757E7
4.831503996941757E7
4.831511410670853E7
4.837307403639603E7
4.840422693483353E7
4.844979860280228E7
4.849440845827103E7
4.854019198561478E7
4.859730226295853E7
4.867888654420853E7
4.874913184108353E7
4.881014706373978E7
4.888039241530228E7
4.888212051149368E7
4.890496617555618E7
4.898180690211868E7
4.899850854860306E7
4.903117452125931E7
4.910386466969681E7
4.9128741006671906E7
4.9199348155109406E7
4.921119822053909E7
4.922308108772659E7
4.928061394319534E7
4.9284932174640656E7
4.9346329784015656E7
4.9416561830890656E7
4.9448985729328156E7
4.945222574666214E7
4.953391430134964E7
4.960450020759964E7
4.966552956697464E7
4.973836821541214E7
4.979998194978714E7
4.980726349226761E7
4.981102382527542E7
4.988206087996292E7
4.992214524324417E7
4.993442500789261E7
5.000519370320511E7
5.000552483058548E7
5.006348207277298E7
5.0065831106464386E7
5.0123363961933136E7
5.0196446008808136E7
5.0257079313495636E7
5.0328178743183136E7
5.0389168168964386E7
5.040180313283157E7
5.042732180080032E7
5.04490291504097E7
5.05196617285347E7
5.057719458400345E7
5.060004024806595E7
5.06081147597847E7
5.0610040516498566E7
5.0680882907123566E7
5.069213782411575E7
5.071183054286575E7
5.075755273817825E7
5.079018725966263E7
5.088004588466263E7
5.095094879091263E7
5.098350637880325E7
5.099575015565872E7
5.107525922597122E7
5.10752743769598E7
5.11211355566473E7
5.118284341992855E7
5.125308519336605E7
5.133266776367855E7
5.13906465878973E7
5.14608209550848E7
5.146645121582699E7
5.153668883301449E7
5.157706096973324E7
5.164549233692074E7
5.171609757129574E7
5.171823464185238E7
5.1743670921149254E7
5.174504783386898E7
5.181565926355648E7
5.182085045349789E7
5.189165824256039E7
5.196250063318539E7
5.202348686756039E7
5.208030082459164E7
5.208052604834652E7
5.215204604834652E7
5.215238400385189E7
5.221044646478939E7
5.227138747650814E7
5.234198052338314E7
5.241222241400814E7
5.248320469525814E7
5.255328478900814E7
5.261490029682064E7
5.2638502615180016E7
5.2684228759711266E7
5.2755265814398766E7
5.2825854236273766E7
5.2886971681586266E7
5.28938785141058E7
5.29747785844183E7
5.29825328344183E7
5.298416074237728E7
5.298544762897396E7
