0.0
421141.3125
634658.015625
1081563.015625
1122385.30859375
1335272.68359375
1525429.4952392578
1533170.4439697266
1987319.3814697266
2033075.3189697266
2246025.0689697266
2459687.4595947266
2500067.2330322266
2546275.6978759766
3592474.171813965
3331648.5639038086
3404756.5560913086
4009981.5560913086
4063799.2435913086
4703028.306091309
4937013.024841309
5150916.509216309
5786114.071716309
5854901.970153809
6067851.720153809
6113562.895935059
6251956.974060059
6465712.380310059
6557169.768737793
6616520.366394043
7236245.116394043
7292883.139831543
7299789.972351074
7529150.753601074
7652239.745788574
7871487.905944824
8083846.187194824
8162514.765319824
8467248.327819824
8537833.976257324
8570750.327819824
8840142.030944824
9332430.187194824
9578500.530944824
1.0171715155944824E7
1.0761324155944824E7
1.1215473093444824E7
1.1340377077819824E7
1.1401006316101074E7
1.1554510081726074E7
1.1766882362976074E7
1.2030013487976074E7
1.2070618929382324E7
1.2297729601257324E7
1.2865556601257324E7
1.289806920477295E7
1.298993446258545E7
1.324835952508545E7
1.331734364227295E7
1.33630748258667E7
1.39244998258667E7
1.42671176383667E7
1.432843891571045E7
1.455003688446045E7
1.469791086883545E7
1.484940808758545E7
1.503515536883545E7
1.528428202508545E7
1.545797943133545E7
1.555906624383545E7
1.56197466696167E7
1.566539654071045E7
1.594570632196045E7
1.60074260289917E7
1.605316043133545E7
1.6840330336608887E7
1.6932678570983887E7
1.7089456460632324E7
1.7403137148132324E7
1.7868460960632324E7
1.7929629468444824E7
1.8256497530944824E7
1.8582522655944824E7
1.8816507374694824E7
1.90529886852417E7
1.92665422477417E7
1.94793845914917E7
1.95120566618042E7
1.97112536774292E7
2.00810408961792E7
2.07418492711792E7
2.078723742352295E7
2.146554436102295E7
2.212638154852295E7
2.275134136102295E7
2.285686348602295E7
2.332295020477295E7
2.350200164227295E7
2.397114945477295E7
2.418425318914795E7
2.421682623602295E7
2.460109698602295E7
2.470869250164795E7
2.516097728289795E7
2.537399520477295E7
2.5378313680847168E7
2.5462439540222168E7
2.5875703383972168E7
2.6089370946472168E7
2.6466404477722168E7
2.6599202290222168E7
2.6811530399597168E7
2.7429404587097168E7
2.7520942977722168E7
2.7591740641784668E7
2.7804436391784668E7
2.8437996141784668E7
2.8650900704284668E7
2.9067193266784668E7
2.907355044503784E7
2.928644814816284E7
2.937836312472534E7
3.000880137472534E7
3.006095437472534E7
3.027371631222534E7
3.068968799972534E7
3.069751029220581E7
3.081643228439331E7
3.145823928439331E7
3.153964495626831E7
3.175346453439331E7
3.228884397189331E7
3.292349672189331E7
3.313660045626831E7
3.357042680001831E7
3.378322025314331E7
3.432132781564331E7
3.438521171408081E7
3.459825476095581E7
3.460111730268097E7
3.481344541205597E7
3.502613867768097E7
3.507856391986847E7
3.575962654486847E7
3.597176773236847E7
3.627129298236847E7
3.635293270111847E7
3.640657893158722E7
3.646853007611847E7
3.668190670111847E7
3.689521252924347E7
3.694101868158722E7
3.711252951459503E7
3.712986896576691E7
3.737896821576691E7
3.745198905951691E7
3.766553274701691E7
3.768287354975128E7
3.779323090912628E7
3.808081540912628E7
3.817799048725128E7
3.867538854975128E7
3.899874989350128E7
3.948363858100128E7
3.958222370600128E7
3.979548828412628E7
4.004069912787628E7
4.053632237787628E7
4.069259634662628E7
4.103521415912628E7
4.124888172162628E7
4.160830619037628E7
4.165369434272003E7
4.186629870209503E7
4.248585895209503E7
4.318361913959503E7
4.545607388959503E7
4.570893195209503E7
4.577036453803253E7
4.585449837397003E7
4.606836467084503E7
4.666852817084503E7
4.688153746772003E7
4.712945613959503E7
4.769039963959503E7
4.790309290522003E7
4.811588262397003E7
4.817106542475128E7
4.878504066693878E7
4.922086903412628E7
4.928237697943878E7
4.937682610999298E7
4.959533842249298E7
4.988638557874298E7
5.013271960999298E7
5.020449899280548E7
5.026087057093048E7
5.032185852796173E7
5.054222615296173E7
5.089896534046173E7
5.260191609046173E7
5.270981090296173E7
5.284248741858673E7
5.313498441858673E7
5.314348940589142E7
5.3463619721138E7
5.3922834408638E7
5.3972813674263E7
5.4333949955513E7
5.4764121111763E7
5.6254358361763E7
5.6311954283638E7
5.631326423957062E7
5.637298998957062E7
5.641837814191437E7
5.653523710285187E7
5.658145026105499E7
5.705060107355499E7
5.706378876398468E7
5.707346678449249E7
5.713512398371124E7
5.738802092121124E7
5.775132717121124E7
5.936754229621124E7
5.991391110871124E7
6.053176860871124E7
6.055326190167999E7
6.058559722394562E7
6.158228447394562E7
6.259711753644562E7
6.264250568878937E7
6.272413225128937E7
6.283127424347687E7
6.317389205597687E7
6.323950715753937E7
6.447352865753937E7
6.465896225128937E7
6.693141700128937E7
6.700294664191437E7
6.756349014191437E7
6.757667783234406E7
6.796528111359406E7
6.821477133234406E7
6.83086815550003E7
6.88985339300003E7
6.8903833792305E7
6.895534703058624E7
6.963554865558624E7
6.971717521808624E7
6.97318510862503E7
6.973416008576202E7
6.982345839435577E7
6.992200586310577E7
7.001508146076202E7
7.008515035138702E7
7.055850341388702E7
7.067544671857452E7
7.072508071857452E7
7.083222271076202E7
7.091569385138702E7
7.09663666775589E7
7.10277034275589E7
7.14660880213089E7
7.15438189509964E7
7.18388780759964E7
7.23113443884964E7
7.29165693884964E7
7.31627869041214E7
7.45467962791214E7
7.456099282209015E7
7.505661057209015E7
7.511081713459015E7
7.627916688459015E7
7.636085057209015E7
7.639630601154327E7
7.690784635529327E7
7.728059698029327E7
7.749278780841827E7
7.882803080841827E7
7.88316266409378E7
7.91583329534378E7
7.93243260315628E7
7.93743652190628E7
8.00545668440628E7
8.23270215940628E7
8.25549567346878E7
8.39335169846878E7
8.43274939846878E7
8.46435432971878E7
8.50982348284378E7
8.56340226409378E7
8.567990563703156E7
8.57378461096878E7
8.60046230471878E7
8.62181845315628E7
8.64306155628128E7
8.650478978546906E7
8.656473509796906E7
8.681080544171906E7
8.68607499612503E7
8.69711073206253E7
8.697523477863312E7
8.750172740363312E7
8.75443748782425E7
8.7594204729805E7
8.8035004979805E7
8.8186509136055E7
8.823189728839874E7
8.876121528839874E7
8.928710753839874E7
8.929123499640656E7
8.937264066828156E7
8.967263116828156E7
9.194508591828156E7
9.19853618909378E7
9.21975527190628E7
9.220239494757843E7
9.229459990070343E7
9.258382021320343E7
9.270109629132843E7
9.275634265460968E7
9.300544190460968E7
9.347759634210968E7
9.460941421710968E7
9.494882306085968E7
9.537766206085968E7
9.543886751398468E7
9.565545649835968E7
9.596604074835968E7
9.764869237335968E7
9.872942887335968E7
9.880251092023468E7
9.880940224152374E7
9.909838664777374E7
9.920080593683624E7
1.0021678081183624E8
1.0086723706183624E8
1.0132295287433624E8
1.0158395724933624E8
1.0211053437433624E8
1.021608564719925E8
1.0222298930793E8
1.02322545354805E8
1.0245207483918E8
1.0249746299152374E8
1.0260173832746124E8
1.0268338266339874E8
1.027442934407425E8
1.028043591907425E8
1.0286324368293E8
1.029253765188675E8
1.043952296438675E8
1.0452246158918E8
1.0511567621418E8
1.0547740090168E8
1.0598391602668E8
1.0609208571418E8
1.0654677724543E8
1.066140202063675E8
1.0661932006867218E8
1.0669179321808624E8
1.0669661743805695E8
1.0678071542243195E8
1.0716203260993195E8
1.0753478323493195E8
1.0771811506305695E8
1.0782148554743195E8
1.078623163013382E8
1.082130678013382E8
1.104855225513382E8
1.109008809575882E8
1.114703293325882E8
1.130284240825882E8
1.132776364732132E8
1.134251772544632E8
1.1343389224518585E8
1.134956342100296E8
1.1350093407233429E8
1.1356606377545929E8
1.1363623814264679E8
1.1369351557038116E8
1.1388639963288116E8
1.1430269219538116E8
1.1469697513288116E8
1.1581286150788116E8
1.1593178350006866E8
1.1593390869660187E8
1.1650295269660187E8
1.1684938494660187E8
1.1746910969660187E8
1.1751907833332062E8
1.1774905248957062E8
1.1778949734894562E8
1.1799216750519562E8
1.1856121150519562E8
1.1861874436066437E8
1.1892360304816437E8
1.1900133397785187E8
1.1908538743097687E8
1.1909427777423859E8
1.1927595989923859E8
1.1937511183673859E8
1.1942858486847687E8
1.1953171216925812E8
1.1962946601691437E8
1.1968778158332062E8
1.1974666607550812E8
1.1983296851691437E8
1.1997430997003937E8
1.2003540217707062E8
1.2015267825519562E8
1.2017457265314484E8
1.2025041409845734E8
1.2041102037970734E8
1.2046184773517609E8
1.2062958984455109E8
1.2067857912580109E8
1.2073611198126984E8
1.2074286310090828E8
1.2074626504255867E8
1.2083032934724617E8
1.2083582442341805E8
1.2083592678627968E8
1.2083603773791695E8
1.2104959130041695E8
1.211113495386982E8
1.2116906302697945E8
1.212189657261982E8
1.2121902770376396E8
1.2152205264126396E8
1.2158029592642021E8
1.2166435661392021E8
1.2177293954360771E8
1.2332771841860771E8
1.2362277754360771E8
1.2368031039907646E8
1.2374218083657646E8
1.2374777635317802E8
1.2375747265395927E8
1.2428852234145927E8
1.2436625327114677E8
1.2440438494888115E8
1.2440779445864677E8
1.2450322204849052E8
1.2456464690786552E8
1.2464872940786552E8
1.2476600548599052E8
1.2490526904849052E8
1.2496358461489677E8
1.249684268434124E8
1.2499277558462334E8
1.2507505676040459E8
1.250765867862835E8
1.2513411964175224E8
1.251375331493206E8
1.252525626961956E8
1.266023790711956E8
1.2665991192666435E8
1.2668351424502373E8
1.2763749255752373E8
1.2777920727627373E8
1.2785016088955498E8
1.2785546075185966E8
1.2790179637100029E8
1.2791291111465263E8
1.2805456323965263E8
1.2810360818887138E8
1.2810363360574341E8
1.2817371369949341E8
1.2824982892605591E8
1.2838934309793091E8
1.2846224957449341E8
1.2856030009402466E8
1.2861783294949341E8
1.2861907458731079E8
1.2862267042007446E8
1.2865517290835571E8
1.2866891006069946E8
1.2867420235952759E8
1.2868111313394165E8
1.2869799261050415E8
1.287470670987854E8
1.287874409581604E8
1.2884815626675415E8
1.2885050015811157E8
1.2890483665420532E8
1.2937699109170532E8
1.2946883240420532E8
1.2952636525967407E8
1.2957620393545532E8
1.295937204725647E8
1.296219521522522E8
1.297539857460022E8
1.2977502529385376E8
1.2991647535635376E8
1.3052684448135376E8
1.3061094837979126E8
1.3061098451065826E8
1.306519776192112E8
1.308691647910862E8
1.311694720723362E8
1.313030462129612E8
1.3130834607526588E8
1.3358080082526588E8
1.3513557970026588E8
1.3518624238776588E8
1.3537530882526588E8
1.3544564137214088E8
1.3554815045026588E8
1.355515933367405E8
1.3555233288617897E8
1.355659489477024E8
1.356616060492649E8
1.357468453383274E8
1.360271536195774E8
1.3603060729487038E8
1.3622436484174538E8
1.3622446531262398E8
1.3628199816809273E8
1.3855445291809273E8
1.3877292301184273E8
1.3882290426574898E8
1.3882628747033882E8
1.3882632246834755E8
1.3896341846834755E8
1.3926294371834755E8
1.3934705353084755E8
1.3947749242928505E8
1.3948089437093544E8
1.3958552098031044E8
1.3989610523031044E8
1.3992841580682564E8
1.399320565607319E8
1.401448286544819E8
1.4020565811151314E8
1.402056747944603E8
1.403167409116478E8
1.4033882586281967E8
1.4188509748781967E8
1.4198277592922592E8
1.4284738349172592E8
1.4298876130422592E8
1.429940611665306E8
1.4299414394973373E8
1.4313778521535873E8
1.4327923527785873E8
1.4337178640676498E8
1.433806767500267E8
1.434137475547142E8
1.456862023047142E8
1.458214674453392E8
1.4582675974416733E8
1.4588429259963608E8
1.4693682272463608E8
1.4698306501369858E8
1.4701441291604233E8
1.4704554332229233E8
1.4814410269729233E8
1.4814750463869858E8
1.4815090901638412E8
1.4825809579763412E8
1.4830645332302475E8
1.483147514782982E8
1.484258175954857E8
1.488201005329857E8
1.4887499445095444E8
1.489207904626732E8
1.490016110564232E8
1.4906994526345444E8
1.4915410735720444E8
1.4926442734157944E8
1.4929644614040756E8
1.5057661326540756E8
1.50578967045681E8
1.5057899088507843E8
1.5104898238507843E8
1.5114717460382843E8
1.5224573397882843E8
1.522544454300003E8
1.523273519065628E8
1.524042825237503E8
1.525859646487503E8
1.526880076331253E8
1.527469084065628E8
1.528985064690628E8
1.530399422971878E8
1.531409801565628E8
1.532610171878128E8
1.533224233909378E8
1.555948781409378E8
1.5559972036945343E8
1.5568810145539093E8
1.5796055620539093E8
1.5806514886945343E8
1.5836545615070343E8
1.5842298900617218E8
1.5848381852960968E8
1.5860604979132843E8
1.5860606685502052E8
1.586113667173252E8
1.608838214673252E8
1.610284862798252E8
1.6102858584947395E8
1.6105506205259895E8
1.6105572073661995E8
1.6111636928349495E8
1.6229089965849495E8
1.6255403078349495E8
1.6265058308036995E8
1.627121889124012E8
1.627780463342762E8
1.650505010842762E8
1.650995184749012E8
1.6515705133036995E8
1.6515941227153206E8
1.6522000016996956E8
1.6528179744340706E8
1.653308423145008E8
1.653914967051258E8
1.6539159174931526E8
1.6605060499931526E8
1.66108137854784E8
1.6617331966337776E8
1.6623423760087776E8
1.66279468542284E8
1.6634107437431526E8
1.664152485969715E8
1.6651329911650276E8
1.665536764875965E8
1.666144619719715E8
1.6667570485087776E8
1.6673681235869026E8
1.66797792354784E8
1.66859603667284E8
1.6692049333525276E8
1.6692060145074654E8
1.6692590131305122E8
1.6692591661237717E8
1.6702116101862717E8
1.6708280131159592E8
1.6714408634675217E8
1.6718868150690842E8
1.6725038937018967E8
1.6730792222565842E8
1.6734830263972092E8
1.6734832697795486E8
1.674093164037361E8
1.674934309115486E8
1.6754483076701736E8
1.6754690396086502E8
1.6762383457805252E8
1.6762980917570877E8
1.6771763764445877E8
1.6777912277727127E8
1.6786322197258377E8
1.6792454092570877E8
1.6798520325774002E8
1.6805183992180252E8
1.6891644748430252E8
1.6897743332805252E8
1.6905610190617752E8
1.6911750212883377E8
1.6920416351945877E8
1.6926593553117752E8
1.6932711142961502E8
1.6938834297649002E8
1.6945009799992752E8
1.6951174779289627E8
1.6957283318352127E8
1.6962316276945877E8
1.6964358791789627E8
1.6971808082414627E8
1.697203172853279E8
1.697933381290779E8
1.6979534325468826E8
1.6983573033281326E8
1.698976423210945E8
1.702287309148445E8
1.716279049148445E8
1.717120666023445E8
1.717731319929695E8
1.7177319891283798E8
1.7181381243627548E8
1.7202648818627548E8
1.7206706747924423E8
1.7212850251049423E8
1.7218603536596298E8
1.7222641291674423E8
1.7228808596361923E8
1.7229368215600204E8
1.723555221833458E8
1.724171004724083E8
1.725258046599083E8
1.7252590032390213E8
1.7258334927898026E8
1.7280686084148026E8
1.7281666671843338E8
1.7281668440860558E8
1.7285706444766808E8
1.7294121104141808E8
1.7298582089688683E8
1.7298593619463158E8
1.7319812702275658E8
1.7320159147466087E8
1.7326254405669212E8
1.7332355927934837E8
1.7339380463091087E8
1.7352897280108452E8
1.7358995279717827E8
1.7394937726592827E8
1.7398974916045952E8
1.7404267119561577E8
1.7410448250811577E8
1.7412136198467827E8
1.7416179391827202E8
1.7422335486358452E8
1.7428463989874077E8
1.7434217275420952E8
1.7434649098565483E8
1.7440788859502983E8
1.7444826614581108E8
1.7450916303252983E8
1.7451018550012016E8
1.745135950098858E8
1.747563011192608E8
1.748173304786358E8
1.7486305217004204E8
1.7492466590441704E8
1.749247739546566E8
1.749862149859066E8
1.752599025171566E8
1.753440082124691E8
1.7540154106793785E8
1.7549785311481285E8
1.7566408942731285E8
1.7566412342566872E8
1.7566647245936012E8
1.7572400531482887E8
1.7576860047498512E8
1.7582923377967262E8
1.7589028326404762E8
1.7595127268982887E8
1.7609268797107887E8
1.7615367592811012E8
1.7628775089686012E8
1.7634932946717262E8
1.7640686232264137E8
1.7642970798670387E8
1.764325506947117E8
1.764936783900242E8
1.765553085384617E8
1.767690124134617E8
1.768866119290867E8
1.7699349483924294E8
1.7707757158143044E8
1.7716941289393044E8
1.7716946324232674E8
1.771729718099537E8
1.7723050466542244E8
1.7727113408729744E8
1.77280930744524E8
1.77422250135149E8
1.7748395799843025E8
1.775243616585865E8
1.775859407523365E8
1.775879950689869E8
1.776498059674244E8
1.7765543622816658E8
1.7771695055238533E8
1.7775732268910408E8
1.7781485554457283E8
1.7787624833754158E8
1.7795044572035408E8
1.7801119459144783E8
1.7801460410316658E8
1.7805915836879158E8
1.7812022056019783E8
1.7819102834926033E8
1.7829226273988533E8
1.7835324897426033E8
1.7854700652113533E8
1.7863116961488533E8
1.7867182463832283E8
1.7890118541957283E8
1.789030642264576E8
1.7896400523817635E8
1.790248542889576E8
1.792378583983326E8
1.792997092577076E8
1.793040277337818E8
1.793656432415943E8
1.793892455599537E8
1.794733541224537E8
1.795443911771412E8
1.796569399896412E8
1.797180574349537E8
1.798734596537037E8
1.799811898333912E8
1.806027670833912E8
1.8066388253260994E8
1.8066516941920662E8
1.8072348589576912E8
1.8078538604420662E8
1.8110618485670662E8
1.8111430872972488E8
1.8117581667503738E8
1.8134219511253738E8
1.8138277440550613E8
1.8149604742113113E8
1.8166527398363113E8
1.8172600569847488E8
1.8178775637034988E8
1.8184861933128738E8
1.8222398714378738E8
1.8228466578831863E8
1.8233038747972488E8
1.8239213223753738E8
1.8253354751878738E8
1.8261233405784988E8
1.8284104258909988E8
1.8290202804613113E8
1.8296263273753738E8
1.8302395610081863E8
1.8308501829222488E8
1.8308769318797684E8
1.8322542756297684E8
1.8326580425828934E8
1.8346261639891434E8
1.8356456191453934E8
1.8372340369578934E8
1.8384728183641434E8
1.8385467067137527E8
1.8393189139012527E8
1.8403526187450027E8
1.841266697670784E8
1.841996906108284E8
1.8426048634910965E8
1.843214114858284E8
1.843831830561409E8
1.857715838061409E8
1.8577376525902176E8
1.8591319814964676E8
1.8598936713402176E8
1.8605107049339676E8
1.86091442309803E8
1.86152877341053E8
1.86296464231678E8
1.8629773600670242E8
1.8630115693468094E8
1.8645700148155594E8
1.8667035523155594E8
1.8683913480968094E8
1.8687941129405594E8
1.869403991417122E8
1.874785067042122E8
1.875397851182747E8
1.877182509307747E8
1.8777916170811844E8
1.878195413135872E8
1.880154515323372E8
1.880916205167122E8
1.881580706495247E8
1.883209090245247E8
1.884049677979622E8
1.8846623927843094E8
1.885272045245247E8
1.885959924229622E8
1.8865691039561844E8
1.887183644151497E8
1.888223289698372E8
1.889256519229622E8
1.8896844773863602E8
1.8902905243004227E8
1.8909059684019852E8
1.8925704268394852E8
1.8944966784019852E8
1.8950720069566727E8
1.8956802936754227E8
1.8962892621519852E8
1.8969031423082352E8
1.8975248761363602E8
1.8990439411363602E8
1.9010532373863602E8
1.9010721232201004E8
1.9022941399388504E8
1.9028592607982254E8
1.903473951696663E8
1.906702462009163E8
1.907925709196663E8
1.909553269977913E8
1.910531739665413E8
1.911350611071663E8
1.911964256227913E8
1.913753281852913E8
1.914370816852913E8
1.914986457009163E8
1.9149982803038406E8
1.9157006007725906E8
1.9161044091319656E8
1.9177573771007156E8
1.9191414985069656E8
1.9205781756944656E8
1.9223955214757156E8
1.922799240108528E8
1.924213715577278E8
1.937148714327278E8
1.9377552499913406E8
1.9406952881163406E8
1.941099015889778E8
1.942659821827278E8
1.943268505655403E8
1.943833626514778E8
1.945661262452278E8
1.947192177452278E8
1.948861478702278E8
1.949901124249153E8
1.9505169410069656E8
1.9511306600694656E8
1.9565117356944656E8
1.9698641656944656E8
1.970480788467903E8
1.9710906430382156E8
1.9725744014757156E8
1.9740376078819656E8
1.974443694249153E8
1.975216831983528E8
1.975665343702278E8
1.9763079030382156E8
1.9776282389757156E8
1.978242779171028E8
1.979976317296028E8
1.980587325499153E8
1.9810775073350906E8
1.9824774220225906E8
1.9830923642100906E8
1.9837055537413406E8
1.9847808754600906E8
1.985185079874153E8
1.9858014738975906E8
1.9868509920225906E8
1.9879764801475906E8
1.9888412524132156E8
1.9892455818663406E8
1.9911668874913406E8
1.991782953702278E8
1.992391959483528E8
1.9929996635069656E8
1.9930221828941727E8
1.9978108385191727E8
1.9981920126207352E8
1.9992624812926102E8
2.0010675637926102E8
2.0016854937535477E8
2.0034738096910477E8
2.0038765960582352E8
2.0055212849644852E8
2.0069703635582352E8
2.0075809245347977E8
2.0091562631285477E8
2.0097737946910477E8
2.009786406712532E8
2.011550016712532E8
2.015218227650032E8
2.0156240205797195E8
2.0168460372984695E8
2.0178583812047195E8
2.0184683180797195E8
2.019084712103157E8
2.020757878353157E8
2.021371769837532E8
2.0213719366554832E8
2.0235094907179832E8
2.0246873213429832E8
2.0252970250929832E8
2.0253317794264793E8
2.0273830619264793E8
2.0289021269264793E8
2.0298991239577293E8
2.0305169143874168E8
2.0309206880983543E8
2.0313245338014793E8
2.0334612094264793E8
2.0338775504421043E8
2.0360090234108543E8
2.0366276570827293E8
2.0380516183327293E8
2.0393448054421043E8
2.0399540568092918E8
2.0420368410280418E8
2.0434698146217918E8
2.0440755946999168E8
2.0445335548171043E8
2.0461662787233543E8
2.0481567301296043E8
2.0616434713796043E8
2.0622554213796043E8
2.0628693614186668E8
2.0641092782155418E8
2.0658001258717918E8
2.0675138080592918E8
2.0813978155592918E8
2.0829706114967918E8
2.0835775519655418E8
2.0972235607155418E8
2.097713698625698E8
2.111496642375698E8
2.112218743547573E8
2.113888633860073E8
2.1139192838551903E8
2.1154900510426903E8
2.1172875516676903E8
2.1178957177614403E8
2.1195388011989403E8
2.1211349927614403E8
2.1217239321364403E8
2.1220722784645653E8
2.1234853142458153E8
2.1235051894057274E8
2.1368576194057274E8
2.1380148283901024E8
2.1394985868276024E8
2.1402276515932274E8
2.1431572125307274E8
2.1447300084682274E8
2.1455166942494774E8
2.145972410929165E8
2.14670147569479E8
2.15365253631979E8
2.15459637631979E8
2.15643843038229E8
2.156675802960415E8
2.1575538759682274E8
2.1582840844057274E8
2.1618761319057274E8
2.1619065622548485E8
2.1638562510048485E8
2.1647658689735985E8
2.1672104149110985E8
2.1689026805360985E8
2.1696643703798485E8
2.1704336765517235E8
2.1721110976454735E8
2.1732744614735985E8
2.1732746798485565E8
2.1754172376610565E8
2.1773853200048065E8
2.1786198240673065E8
2.1824910631298065E8
2.1839499945360565E8
2.1851185841454315E8
2.1858802739891815E8
2.1883073350829315E8
2.1890766412548065E8
2.1906474084423065E8
2.1914586060204315E8
2.1935894932079315E8
2.1951658583641815E8
2.1959653071141815E8
2.1973424477391815E8
2.1987842536766815E8
2.2004979358641815E8
2.2013402661766815E8
2.2021019560204315E8
2.2028321644579315E8
2.2035623728954315E8
2.2042914376610565E8
2.2050531275048065E8
2.2057130237352753E8
2.2064997095165253E8
2.2109880720165253E8
2.2115962381102753E8
2.2247342281102753E8
2.2255064352977753E8
2.2262147483446503E8
2.2275299358446503E8
2.2282992420165253E8
2.2300461620165253E8
2.2308154681884003E8
2.2314367965477753E8
2.2329389557665253E8
2.2340607004540253E8
2.2348274925634003E8
2.2358956471727753E8
2.2366573370165253E8
2.2387931417040253E8
2.2388276855809784E8
2.2406181999559784E8
2.2423160640184784E8
2.2430462724559784E8
2.2438155786278534E8
2.2447990219872284E8
2.2469263151122284E8
2.2474165142528534E8
2.2488647092528534E8
2.2497867373778534E8
2.2505169458153534E8
2.2514403961278534E8
2.2524741009716034E8
2.2541649486278534E8
2.2547828333934784E8
2.2559357855809784E8
2.2566648503466034E8
2.257274650307541E8
2.263385223432541E8
2.264000930229416E8
2.265167249448166E8
2.268059452573166E8
2.270906624760666E8
2.272211013745041E8
2.272997699526291E8
2.273759389370041E8
2.274531596557541E8
2.278022997495041E8
2.278864618432541E8
2.2788651957838058E8
2.2797252051588058E8
2.2833194439088058E8
2.2840222264088058E8
2.2866085475025558E8
2.2873387559400558E8
2.2885050659400558E8
2.2896943057838058E8
2.2908603810963058E8
2.3043868698463058E8
2.3051590770338058E8
2.3064175665650558E8
2.3082785743775558E8
2.3216172318775558E8
2.3234865448463058E8
2.3245274526588058E8
2.3261038178150558E8
2.3270172416431808E8
2.3277789314869308E8
2.3291659808619308E8
2.329167067396965E8
2.3302034968891525E8
2.3309901826704025E8
2.3318443494672775E8
2.3318973480903244E8
2.3326264128559494E8
2.3347111066059494E8
2.3358217677778244E8
2.3365939749653244E8
2.33660135547863E8
2.33792683797863E8
2.33869904516613E8
2.35178332766613E8
2.35460204891613E8
2.35537425610363E8
2.35689332110363E8
2.35823131625988E8
2.359000622431755E8
2.359884829306755E8
2.36065413547863E8
2.36277766829113E8
2.36387196219738E8
2.36463365204113E8
2.36572794594738E8
2.36704254250988E8
2.36916983563488E8
2.37083362000988E8
2.3714481643458176E8
2.371851892119255E8
2.37297522813488E8
2.373681389775505E8
2.375431873213005E8
2.37620117938488E8
2.37764132875988E8
2.3780952102833176E8
2.3788569001270676E8
2.3796185899708176E8
2.3820631359083176E8
2.3840347779395676E8
2.3847964677833176E8
2.3855581576270676E8
2.3967656776270676E8
2.3983904112208176E8
2.3991597173926926E8
2.4010207252051926E8
2.4029819020801926E8
2.4044408334864426E8
2.4059078637989426E8
2.4072627600489426E8
2.4080494458301926E8
2.4101454102051926E8
2.4120747537989426E8
2.4129794909864426E8
2.4137096994239426E8
2.4158388775489426E8
2.4178611581739426E8
2.4186304643458176E8
2.4196236130176926E8
2.4212783834864426E8
2.4257474334864426E8
2.4392487847364426E8
2.4402829520020676E8
2.4417727924708176E8
2.4436918521583176E8
2.4444008812208176E8
2.4472767262208176E8
2.4495633135645676E8
2.4505255863770676E8
2.4543968254395676E8
2.4555963545020676E8
2.4563580443458176E8
2.4584138438770676E8
2.4594308684864426E8
2.4624011503614426E8
2.4631878361426926E8
2.4642209232520676E8
2.464247462028923E8
2.4642740008057785E8
2.4649823394776535E8
2.4657440293214035E8
2.4664499176026535E8
2.4670729926244736E8
2.467517975476036E8
2.468481095944786E8
2.469267781726036E8
2.469970235241661E8
2.470719015554161E8
2.471287321257286E8
2.4714543377221298E8
2.4715970262963486E8
2.472042009147911E8
2.472831141179161E8
2.4730167517943954E8
2.473209088083458E8
2.473494834645958E8
2.474264140817833E8
2.4748217681225204E8
2.4788978587475204E8
2.478990672819786E8
2.479962812351036E8
2.492205674851036E8
2.494060010788536E8
2.4942770842846298E8
2.4949792229565048E8
2.4957094313940048E8
2.4969089604565048E8
2.4971541687182236E8
2.4979234748900986E8
2.497964701755333E8
2.498672388708458E8
2.499382759255333E8
2.500108543395958E8
2.500880750583458E8
2.501609815349083E8
2.503402749411583E8
2.504189435192833E8
2.504961642380333E8
2.516765641130333E8
2.517474563395958E8
2.518181086130333E8
2.518950392302208E8
2.519712888239708E8
2.51971339698658E8
2.519723468090706E8
2.520492774262581E8
2.520523204611702E8
2.521129811642952E8
2.521832264924202E8
2.522413512033577E8
2.522743543361702E8
2.5233644663695145E8
2.5240703228538895E8
2.5248396290257645E8
2.5256089351976395E8
2.5263114180101395E8
2.5290103401976395E8
2.5297394049632645E8
2.530358015314827E8
2.531064234846077E8
2.532086005861702E8
2.532847695705452E8
2.533689127814827E8
2.538663108439827E8
2.538861800783577E8
2.539564283596077E8
2.540333589767952E8
2.541062654533577E8
2.541831960705452E8
2.542618646486702E8
2.544909193674202E8
2.545638258439827E8
2.546344097111702E8
2.547116304299202E8
2.547818245939827E8
2.549943375158577E8
2.550657234064827E8
2.551363453596077E8
2.552132759767952E8
2.552901977267952E8
2.553674184455452E8
2.555811528517952E8
2.5563152386302567E8
2.5563226720030594E8
2.556357757679329E8
2.557070803226204E8
2.557635924085579E8
2.5580784806090164E8
2.558087161497078E8
2.5581407148711014E8
2.5586727842461014E8
2.5593752372148514E8
2.5603134682500076E8
2.5603149557162857E8
2.5612481696225357E8
2.5619772343881607E8
2.5647141097006607E8
2.5647818512240982E8
2.5654878506772232E8
2.5658915736850357E8
2.5667319959506607E8
2.5675186817319107E8
2.5727836079819107E8
2.5734895769662857E8
2.5742203974350357E8
2.5747808190268326E8
2.57516468617527E8
2.575729807034645E8
2.576516492815895E8
2.5768894223080826E8
2.5768972446243668E8
2.5769475906497574E8
2.5776533253372574E8
2.5778049803567886E8
2.5785771875442886E8
2.5789829173880386E8
2.579643627583351E8
2.5800215834817886E8
2.580477360317726E8
2.581042481177101E8
2.582029396802101E8
2.5826443259036636E8
2.5843321216849136E8
2.5859636091849136E8
2.586471901958351E8
2.5865102576980972E8
2.5983142564480972E8
2.5990864636355972E8
2.5993392478152847E8
2.6001513769559097E8
2.6006093370730972E8
2.6013183661355972E8
2.6020876723074722E8
2.6028569784793472E8
2.6036291856668472E8
2.6043395562137222E8
2.6051088623855972E8
2.6058145985574722E8
2.6065249691043472E8
2.6073141011355972E8
2.6073361372562027E8
2.6074067983841324E8
2.6081358631497574E8
2.6087819082278824E8
2.6109043633841324E8
2.6115341724173355E8
2.6126526766360855E8
2.6133817414017105E8
2.613406925737648E8
2.615860005893898E8
2.619731244956398E8
2.620432371518898E8
2.621142742065773E8
2.621848745581398E8
2.622551198550148E8
2.6231603063235855E8
2.6239219961673355E8
2.6246913023392105E8
2.6321105092142105E8
2.6331582909329605E8
2.6339199807767105E8
2.6346223656985855E8
2.6346464769168472E8
2.6402519119168472E8
2.6414213449637222E8
2.6421317155105972E8
2.6432589356668472E8
2.6439891441043472E8
2.6439965042642593E8
2.6447974497330093E8
2.6466517856705093E8
2.6473819941080093E8
2.6481110588736343E8
2.6488727487173843E8
2.6489103803824234E8
2.6504688258511734E8
2.6531247402261734E8
2.6540089471011734E8
2.6555866274136734E8
2.6566325540542984E8
2.6573400155386734E8
2.6581122227261734E8
2.6589301523355484E8
2.6596326056949234E8
2.6645767756949234E8
2.664766109483986E8
2.667747586358986E8
2.668519793546486E8
2.6691278371011734E8
2.6712620175699234E8
2.6719836838199234E8
2.6727703696011734E8
2.6735320594449234E8
2.6742381117886734E8
2.6763795822574234E8
2.6770899528042984E8
2.677700921905861E8
2.679261354562111E8
2.679326755182228E8
2.680032491979103E8
2.680553025182228E8
2.6810103813150406E8
2.681247213463478E8
2.682006079869728E8
2.682008727095375E8
2.682780934282875E8
2.6833957697125626E8
2.683831916470375E8
2.684545775376625E8
2.684626120684242E8
2.685442517871742E8
2.686065525947914E8
2.686077795383949E8
2.688293775071449E8
2.690429176946449E8
2.691151080071449E8
2.691482125735512E8
2.692298119485512E8
2.692310388921547E8
2.6927236976324844E8
2.6933873281012344E8
2.6940897814606094E8
2.6989863397125626E8
2.699367513814125E8
2.699382346471596E8
2.699836227995033E8
2.6998377154613113E8
2.7052661407878494E8
2.710459816294708E8
2.710891712388458E8
2.711107022857208E8
2.711552005708771E8
2.711876595103302E8
2.711936303169708E8
2.712598383716583E8
2.713598787779083E8
2.714633313169708E8
2.715460028794708E8
2.715556127417755E8
2.715707772036896E8
2.7157692362117004E8
2.716227297735138E8
2.717472947032013E8
2.718351231719513E8
2.7189702699617004E8
2.7197172575398254E8
2.7205788153523254E8
2.7213655011335754E8
2.7218686101667786E8
2.721900660218048E8
2.722144482376251E8
2.722894407845001E8
2.722947406468048E8
2.723403331468048E8
2.724108967874298E8
2.724811421389923E8
2.724811653820324E8
2.724834112431164E8
2.7251187120918083E8
2.725140082797375E8
2.7252525034809685E8
2.7347045832343864E8
2.734740990773449E8
2.7349138255503654E8
2.734966142508373E8
2.735043761233959E8
2.736368392327709E8
2.7369893153355217E8
2.7423320907310295E8
2.7430345436997795E8
2.747510416622143E8
2.748217851700268E8
2.748854007794018E8
2.748997725860424E8
2.761240588360424E8
2.762406907579174E8
2.762943815782299E8
2.763747479495678E8
2.763914220120678E8
2.764614909026928E8
2.765530660276928E8
2.765567661811352E8
2.7655855510471916E8
2.7665042036253166E8
2.7670976793284416E8
2.767190493400707E8
2.768383701447582E8
2.768761063791332E8
2.769576776213207E8
2.770149270236645E8
2.773524558205395E8
2.774365643830395E8
2.776643920549145E8
2.777251626799145E8
2.77777661078352E8
2.777791693895092E8
2.7778666343003654E8
2.7822436727378654E8
2.782246484524975E8
2.782311885145092E8
2.783228437957592E8
2.783986214363842E8
2.7842486904429436E8
2.7843263091685295E8
2.784510330398998E8
2.784511231990185E8
2.7848348692362785E8
2.785355299138622E8
2.7859167770536613E8
2.786201304514599E8
2.786622612170849E8
2.788751003108349E8
2.789453383967724E8
2.7898065422880363E8
2.8002202191630363E8
2.8009472393192863E8
2.8014044612724113E8
2.801487813489208E8
2.802490858489208E8
2.803354520442333E8
2.804063438645458E8
2.804769295129833E8
2.805498359895458E8
2.806207388957958E8
2.807675927653332E8
2.808386298200207E8
2.809092235778332E8
2.811492983942394E8
2.812110143122082E8
2.812412524774914E8
2.8127380303803825E8
2.8139951138960075E8
2.821611736151867E8
2.822313167636242E8
2.822725183651867E8
2.823520152558117E8
2.8236068019428825E8
2.8267462653803825E8
2.82720345612257E8
2.827998577919445E8
2.8317700550966835E8
2.8362819557998085E8
2.836456269452152E8
2.836525302713871E8
2.837231326229496E8
2.837933779510746E8
2.83820000613184E8
2.838939427147465E8
2.840871306854496E8
2.840872209501133E8
2.841966503407383E8
2.842573095438633E8
2.8430309865714455E8
2.8435732214151955E8
2.8440633953214455E8
2.844161092001133E8
2.844913706610508E8
2.8449916703458595E8
2.8462070313614845E8
2.846281163192539E8
2.846317779142246E8
2.847036294845371E8
2.847099935978184E8
2.8471439705143166E8
2.8475256568912697E8
2.8539306450162697E8
2.8542637087662697E8
2.854282353312168E8
2.855238055030918E8
2.855242203987522E8
2.856533175081272E8
2.8569369487922096E8
2.8576440980109596E8
2.857671531299534E8
2.858246333096409E8
2.858864607783909E8
2.859693858252659E8
2.8597262584259987E8
2.8600518000470924E8
2.8607583227814674E8
2.8614604824689674E8
2.8621808268439674E8
2.862266773230686E8
2.863108022058811E8
2.8631779812922096E8
2.8636866953547096E8
2.8644560015265846E8
2.864860038128147E8
