0.0
421141.3125
634658.015625
1081563.015625
1122385.30859375
1335272.68359375
1525429.4952392578
1533170.4439697266
1987319.3814697266
2033075.3189697266
2246025.0689697266
2459687.4595947266
2500067.2330322266
2546275.6978759766
4069251.2395629883
4446207.662414551
4519315.654602051
5124540.654602051
5178358.342102051
5817587.404602051
6051572.123352051
6265475.607727051
6900673.170227051
6969461.068664551
7182410.818664551
7228121.994445801
7366516.072570801
7580271.478820801
7671728.867248535
7731079.464904785
8350804.214904785
8407442.238342285
8414349.070861816
8643709.852111816
8766798.844299316
8986047.004455566
9198405.285705566
9277073.863830566
9581807.426330566
9652393.074768066
9685309.426330566
9954701.129455566
1.0446989285705566E7
1.0693059629455566E7
1.1286274254455566E7
1.1875883254455566E7
1.2330032191955566E7
1.2454936176330566E7
1.2515565414611816E7
1.2669069180236816E7
1.2881441461486816E7
1.3144572586486816E7
1.3185178027893066E7
1.3412288699768066E7
1.3980115699768066E7
1.4012628303283691E7
1.4104493561096191E7
1.4362918623596191E7
1.4431902740783691E7
1.4477633924377441E7
1.5039058924377441E7
1.5381676736877441E7
1.5442998014221191E7
1.5664595982971191E7
1.5812469967346191E7
1.5963967186096191E7
1.6149714467346191E7
1.6398841123596191E7
1.6572538529846191E7
1.6673625342346191E7
1.6734305768127441E7
1.677995563922119E7
1.706026542047119E7
1.712198512750244E7
1.716771952984619E7
1.733775595562744E7
1.743010419000244E7
1.8204015559143066E7
1.8517696246643066E7
1.8983020059143066E7
1.9044188566955566E7
1.9371056629455566E7
1.9697081754455566E7
1.9931066473205566E7
2.016754778375244E7
2.038110134625244E7
2.059394369000244E7
2.062661576031494E7
2.218830249468994E7
2.255808971343994E7
2.321889808843994E7
2.326428624078369E7
2.394259317828369E7
2.460343036578369E7
2.522839017828369E7
2.533391230328369E7
2.579999902203369E7
2.597905045953369E7
2.644819827203369E7
2.666130200640869E7
2.669387505328369E7
2.707814580328369E7
2.718574131890869E7
2.763802610015869E7
2.785104402203369E7
2.785536249810791E7
2.793948835748291E7
2.835275220123291E7
2.856641976373291E7
2.894345329498291E7
2.907625110748291E7
2.928857921685791E7
2.990645340435791E7
2.999799179498291E7
3.006878945904541E7
3.028148520904541E7
3.091504495904541E7
3.112794952154541E7
3.154424208404541E7
3.1550599262298584E7
3.1763496965423584E7
3.1855411941986084E7
3.2485850191986084E7
3.2538003191986084E7
3.2750765129486084E7
3.3166736816986084E7
3.3174559109466553E7
3.3293481101654053E7
3.393528810165405E7
3.401669377352905E7
3.423051335165405E7
3.476589278915405E7
3.540054553915405E7
3.561364927352905E7
3.604747561727905E7
3.626026907040405E7
3.679837663290405E7
3.686226053134155E7
3.707530357821655E7
3.707816611994171E7
3.729049422931671E7
3.750318749494171E7
3.755561273712921E7
3.823667536212921E7
3.844881654962921E7
3.874834179962921E7
3.882998151837921E7
3.888362774884796E7
3.894557889337921E7
3.915895551837921E7
3.937226134650421E7
3.941806749884796E7
4.017170509650421E7
4.018904454767609E7
4.097868870282745E7
4.105170954657745E7
4.126525323407745E7
4.128259403681183E7
4.139295139618683E7
4.168053589618683E7
4.177771097431183E7
4.227510903681183E7
4.259847038056183E7
4.308335906806183E7
4.318194419306183E7
4.339520877118683E7
4.364041961493683E7
4.413604286493683E7
4.429231683368683E7
4.463493464618683E7
4.484860220868683E7
4.520802667743683E7
4.525341482978058E7
4.546601918915558E7
4.608557943915558E7
4.678333962665558E7
4.905579437665558E7
4.930865243915558E7
4.937008502509308E7
4.945421886103058E7
4.966808515790558E7
5.026824865790558E7
5.048125795478058E7
5.072917662665558E7
5.129012012665558E7
5.150281339228058E7
5.171560311103058E7
5.177078591181183E7
5.238476115399933E7
5.239940586493683E7
5.246091381024933E7
5.267370726337433E7
5.289221957587433E7
5.318326673212433E7
5.342960076337433E7
5.350138014618683E7
5.355775172431183E7
5.361873968134308E7
5.383910730634308E7
5.419584649384308E7
5.589879724384308E7
5.600669205634308E7
5.613936857196808E7
5.643186557196808E7
5.6440370559272766E7
5.734473931299591E7
5.780395400049591E7
5.785393326612091E7
5.821506954737091E7
5.864524070362091E7
6.013547795362091E7
6.019307387549591E7
6.019438383142853E7
6.025410958142853E7
6.029949773377228E7
6.041635669470978E7
6.04625698529129E7
6.09317206654129E7
6.094490835584259E7
6.09545863763504E7
6.101624357556915E7
6.126914051306915E7
6.163244676306915E7
6.324866188806915E7
6.379503070056915E7
6.441288820056915E7
6.44343814935379E7
6.446671681580353E7
6.546340406580353E7
6.647823712830353E7
6.652362528064728E7
6.660525184314728E7
6.671239383533478E7
6.705501164783478E7
6.712062674939728E7
6.835464824939728E7
6.854008184314728E7
7.081253659314728E7
7.088406623377228E7
7.144460973377228E7
7.145779742420197E7
7.184640070545197E7
7.209589092420197E7
7.218980114685822E7
7.277965352185822E7
7.27849533841629E7
7.283646662244415E7
7.351666824744415E7
7.359829480994415E7
7.361297067810822E7
7.361527967761993E7
7.370457798621368E7
7.380312545496368E7
7.389620105261993E7
7.396626994324493E7
7.443962300574493E7
7.455656631043243E7
7.460620031043243E7
7.471334230261993E7
7.479681344324493E7
7.484748626941681E7
7.490882301941681E7
7.534720761316681E7
7.542493854285431E7
7.571999766785431E7
7.619246398035431E7
7.679768898035431E7
7.704390649597931E7
7.842791587097931E7
7.844211241394806E7
7.893773016394806E7
7.899193672644806E7
8.016028647644806E7
8.024197016394806E7
8.027742560340118E7
8.078896594715118E7
8.116171657215118E7
8.137390740027618E7
8.270915040027618E7
8.271274623279572E7
8.303945254529572E7
8.320544562342072E7
8.325548481092072E7
8.393568643592072E7
8.620814118592072E7
8.643607632654572E7
8.781463657654572E7
8.820861357654572E7
8.852466288904572E7
8.897935442029572E7
8.951514223279572E7
8.956102522888947E7
8.961896570154572E7
8.988574263904572E7
9.009930412342072E7
9.031173515467072E7
9.038590937732697E7
9.044585468982697E7
9.069192503357697E7
9.074186955310822E7
9.085222691248322E7
9.085635437049103E7
9.138284699549103E7
9.14254944701004E7
9.14753243216629E7
9.19161245716629E7
9.20676287279129E7
9.211301688025665E7
9.264233488025665E7
9.316822713025665E7
9.317235458826447E7
9.325376026013947E7
9.355375076013947E7
9.582620551013947E7
9.586648148279572E7
9.607867231092072E7
9.608351453943634E7
9.617571949256134E7
9.646493980506134E7
9.658221588318634E7
9.663746224646759E7
9.688656149646759E7
9.735871593396759E7
9.849053380896759E7
9.882994265271759E7
9.925878165271759E7
9.931998710584259E7
9.953657609021759E7
9.984716034021759E7
1.0152981196521759E8
1.0261054846521759E8
1.0268363051209259E8
1.0269052183338165E8
1.0297950623963165E8
1.0308192552869415E8
1.0409790040369415E8
1.0474835665369415E8
1.0520407246619415E8
1.0546507684119415E8
1.0599165396619415E8
1.060419760638504E8
1.061041088997879E8
1.062036649466629E8
1.063331944310379E8
1.0637858258338165E8
1.0648285791931915E8
1.0656450225525665E8
1.066254130326004E8
1.066854787826004E8
1.067443632747879E8
1.068064961107254E8
1.082763492357254E8
1.084035811810379E8
1.089967958060379E8
1.093585204935379E8
1.098650356185379E8
1.099732053060379E8
1.104278968372879E8
1.104951397982254E8
1.1050043966053009E8
1.1057291280994415E8
1.1057773702991486E8
1.1066183501428986E8
1.1104315220178986E8
1.1141590282678986E8
1.1159923465491486E8
1.1170260513928986E8
1.117434358931961E8
1.120941873931961E8
1.143666421431961E8
1.147820005494461E8
1.153514489244461E8
1.169095436744461E8
1.171587560650711E8
1.173062968463211E8
1.1731501183704376E8
1.1737675380188751E8
1.173820536641922E8
1.174471833673172E8
1.175173577345047E8
1.1757463516223907E8
1.1776751922473907E8
1.1818381178723907E8
1.1857809472473907E8
1.1969398109973907E8
1.1981290309192657E8
1.1981502828845978E8
1.2038407228845978E8
1.2073050453845978E8
1.2135022928845978E8
1.2140019792517853E8
1.2163017208142853E8
1.2167061694080353E8
1.2187328709705353E8
1.2244233109705353E8
1.2249986395252228E8
1.2280472264002228E8
1.2288245356970978E8
1.2296650702283478E8
1.229753973660965E8
1.231570794910965E8
1.232562314285965E8
1.2330970446033478E8
1.2341283176111603E8
1.2351058560877228E8
1.2356890117517853E8
1.2362778566736603E8
1.2371408810877228E8
1.2385542956189728E8
1.2391652176892853E8
1.2403379784705353E8
1.2405569224500275E8
1.2413153369031525E8
1.2429213997156525E8
1.24342967327034E8
1.24510709436409E8
1.24559698717659E8
1.2461723157312775E8
1.2462398269276619E8
1.2462738463441658E8
1.2471144893910408E8
1.2471694401527596E8
1.2471704637813759E8
1.2471715732977486E8
1.2493071089227486E8
1.249924691305561E8
1.2505018261883736E8
1.251000853180561E8
1.2510014729562187E8
1.2540317223312187E8
1.2546141551827812E8
1.2554547620577812E8
1.2565405913546562E8
1.2720883801046562E8
1.2750389713546562E8
1.2756142999093437E8
1.2762330042843437E8
1.2762889594503593E8
1.2763859224581718E8
1.2816964193331718E8
1.2824737286300468E8
1.2828550454073906E8
1.2828891405050468E8
1.2838434164034843E8
1.2844576649972343E8
1.2852984899972343E8
1.2864712507784843E8
1.2878638864034843E8
1.2884470420675468E8
1.2884954643527031E8
1.2887389517648125E8
1.289561763522625E8
1.289577063781414E8
1.2901523923361015E8
1.2901865274117851E8
1.2913368228805351E8
1.3048349866305351E8
1.3054103151852226E8
1.3056463383688164E8
1.3151861214938164E8
1.3166032686813164E8
1.3173128048141289E8
1.3173658034371758E8
1.317829159628582E8
1.3179403070651054E8
1.3193568283151054E8
1.319847277807293E8
1.3198475319760132E8
1.3205483329135132E8
1.3213094851791382E8
1.3227046268978882E8
1.3234336916635132E8
1.3244141968588257E8
1.3249895254135132E8
1.325001941791687E8
1.3250379001193237E8
1.3253629250021362E8
1.3255002965255737E8
1.325553219513855E8
1.3256223272579956E8
1.3257911220236206E8
1.3262818669064331E8
1.3266856055001831E8
1.3272927585861206E8
1.3273161974996948E8
1.3278595624606323E8
1.3325811068356323E8
1.3334995199606323E8
1.3340748485153198E8
1.3345732352731323E8
1.334748400644226E8
1.335030717441101E8
1.336351053378601E8
1.3365614488571167E8
1.3379759494821167E8
1.3440796407321167E8
1.3449206797164917E8
1.3449210410251617E8
1.345330972110691E8
1.347502843829441E8
1.350505916641941E8
1.351841658048191E8
1.351894656671238E8
1.374619204171238E8
1.390166992921238E8
1.390673619796238E8
1.392564284171238E8
1.393267609639988E8
1.394292700421238E8
1.394327129285984E8
1.3943345247803688E8
1.3944706853956032E8
1.3954272564112282E8
1.3962796493018532E8
1.3990827321143532E8
1.399117268867283E8
1.401054844336033E8
1.401055849044819E8
1.4016311775995064E8
1.4243557250995064E8
1.4265404260370064E8
1.427040238576069E8
1.4270740706219673E8
1.4270744206020546E8
1.4284453806020546E8
1.4314406331020546E8
1.4322817312270546E8
1.4335861202114296E8
1.4336201396279335E8
1.4346664057216835E8
1.4377722482216835E8
1.4380953539868355E8
1.438131761525898E8
1.440259482463398E8
1.4408677770337105E8
1.440867943863182E8
1.441978605035057E8
1.4421994545467758E8
1.4576621707967758E8
1.4586389552108383E8
1.4672850308358383E8
1.4686988089608383E8
1.4687518075838852E8
1.4687526354159164E8
1.4701890480721664E8
1.4716035486971664E8
1.472529059986229E8
1.472617963418846E8
1.472948671465721E8
1.495673218965721E8
1.497025870371971E8
1.4970787933602524E8
1.49765412191494E8
1.50817942316494E8
1.508641846055565E8
1.5089553250790024E8
1.5092666291415024E8
1.5202522228915024E8
1.520286242305565E8
1.5203202860824203E8
1.5213921538949203E8
1.5218757291488266E8
1.521958710701561E8
1.523069371873436E8
1.527012201248436E8
1.5275611404281235E8
1.528019100545311E8
1.528827306482811E8
1.5295106485531235E8
1.5303522694906235E8
1.5314554693343735E8
1.5317756573226547E8
1.5445773285726547E8
1.544600866375389E8
1.5446011047693634E8
1.5493010197693634E8
1.5502829419568634E8
1.5612685357068634E8
1.5613556502185822E8
1.5620847149842072E8
1.5628540211560822E8
1.5646708424060822E8
1.5656912722498322E8
1.5662802799842072E8
1.5677962606092072E8
1.5692106188904572E8
1.5702209974842072E8
1.5714213677967072E8
1.5720354298279572E8
1.5947599773279572E8
1.5948083996131134E8
1.5956922104724884E8
1.6184167579724884E8
1.6194626846131134E8
1.6224657574256134E8
1.623041085980301E8
1.623649381214676E8
1.6248716938318634E8
1.6248718644687843E8
1.6249248630918312E8
1.6476494105918312E8
1.6490960587168312E8
1.6490970544133186E8
1.6493618164445686E8
1.6493684032847786E8
1.6499748887535286E8
1.6617201925035286E8
1.6643515037535286E8
1.6653170267222786E8
1.665933085042591E8
1.666591659261341E8
1.689316206761341E8
1.689806380667591E8
1.6903817092222786E8
1.6904053186338997E8
1.6910111976182747E8
1.6916291703526497E8
1.6921196190635872E8
1.6927261629698372E8
1.6927271134117317E8
1.6993172459117317E8
1.6998925744664192E8
1.7005443925523567E8
1.7011535719273567E8
1.7016058813414192E8
1.7022219396617317E8
1.7029636818882942E8
1.7039441870836067E8
1.7043479607945442E8
1.7049558156382942E8
1.7055682444273567E8
1.7061793195054817E8
1.7067891194664192E8
1.7074072325914192E8
1.7080161292711067E8
1.7080172104260445E8
1.7080702090490913E8
1.7080703620423508E8
1.7090228061048508E8
1.7096392090345383E8
1.7102520593861008E8
1.7106980109876633E8
1.7113150896204758E8
1.7118904181751633E8
1.7122942223157883E8
1.7122944656981277E8
1.7129043599559402E8
1.7137455050340652E8
1.7142595035887527E8
1.7142802355272293E8
1.7150495416991043E8
1.7151092876756668E8
1.7159875723631668E8
1.7166024236912918E8
1.7174434156444168E8
1.7180566051756668E8
1.7186632284959793E8
1.7193295951366043E8
1.7279756707616043E8
1.7285855291991043E8
1.7293722149803543E8
1.7299862172069168E8
1.7308528311131668E8
1.7314705512303543E8
1.7320823102147293E8
1.7326946256834793E8
1.7333121759178543E8
1.7339286738475418E8
1.7345395277537918E8
1.7350428236131668E8
1.7352470750975418E8
1.7359920041600418E8
1.7360143687718582E8
1.7367445772093582E8
1.7367646284654617E8
1.7371684992467117E8
1.7377876191295242E8
1.7410985050670242E8
1.7550902450670242E8
1.7559318619420242E8
1.7565425158482742E8
1.756543185046959E8
1.756949320281334E8
1.759076077781334E8
1.7594818707110214E8
1.7600962210235214E8
1.760671549578209E8
1.7610753250860214E8
1.7616920555547714E8
1.7617480174785995E8
1.762366417752037E8
1.762982200642662E8
1.764069242517662E8
1.7640701991576004E8
1.7646446887083817E8
1.7668798043333817E8
1.766977863102913E8
1.766978040004635E8
1.76738184039526E8
1.76822330633276E8
1.7686694048874474E8
1.768670557864895E8
1.770792466146145E8
1.7708271106651878E8
1.7714366364855003E8
1.7720467887120628E8
1.7727492422276878E8
1.7741009239294243E8
1.7747107238903618E8
1.7783049685778618E8
1.7787086875231743E8
1.7792379078747368E8
1.7798560209997368E8
1.7800248157653618E8
1.7804291351012993E8
1.7810447445544243E8
1.7816575949059868E8
1.7822329234606743E8
1.7822761057751274E8
1.7828900818688774E8
1.78329385737669E8
1.7839028262438774E8
1.7839130509197807E8
1.783947146017437E8
1.786374207111187E8
1.786984500704937E8
1.7874417176189995E8
1.7880578549627495E8
1.788058935465145E8
1.788673345777645E8
1.791410221090145E8
1.79225127804327E8
1.7928266065979576E8
1.7937897270667076E8
1.7954520901917076E8
1.7954524301752663E8
1.7954759205121803E8
1.7960512490668678E8
1.7964972006684303E8
1.7971035337153053E8
1.7977140285590553E8
1.7983239228168678E8
1.7997380756293678E8
1.8003479551996803E8
1.8016887048871803E8
1.8023044905903053E8
1.8028798191449928E8
1.8031082757856178E8
1.803136702865696E8
1.803747979818821E8
1.804364281303196E8
1.810157174481907E8
1.811333169638157E8
1.8124019987397194E8
1.8132427661615944E8
1.8141611792865944E8
1.8141616827705574E8
1.814196768446827E8
1.8147720970015144E8
1.8151783912202644E8
1.81527635779253E8
1.81668955169878E8
1.8173066303315926E8
1.817710666933155E8
1.818326457870655E8
1.818347001037159E8
1.818965110021534E8
1.8190214126289558E8
1.8196365558711433E8
1.8200402772383308E8
1.8206156057930183E8
1.8212295337227058E8
1.8219715075508308E8
1.8225789962617683E8
1.8226130913789558E8
1.8230586340352058E8
1.8236692559492683E8
1.8243773338398933E8
1.8253896777461433E8
1.8259995400898933E8
1.8279371155586433E8
1.8287787464961433E8
1.8291852967305183E8
1.8313476787861824E8
1.83136646685503E8
1.8319758769722176E8
1.83258436748003E8
1.83471440857378E8
1.83533291716753E8
1.8353761019282722E8
1.8359922570063972E8
1.836228280189991E8
1.837069365814991E8
1.837779736361866E8
1.838905224486866E8
1.839516398939991E8
1.841070421127491E8
1.842147722924366E8
1.848363495424366E8
1.8489746499165535E8
1.8489875187825203E8
1.8495706835481453E8
1.8501896850325203E8
1.8533976731575203E8
1.853478911887703E8
1.854093991340828E8
1.855757775715828E8
1.8561635686455154E8
1.8572962988017654E8
1.8589885644267654E8
1.859595881575203E8
1.860213388293953E8
1.860822017903328E8
1.864575696028328E8
1.8651824824736404E8
1.865639699387703E8
1.866257146965828E8
1.867671299778328E8
1.868459165168953E8
1.870746250481453E8
1.8713561050517654E8
1.871962151965828E8
1.8725753855986404E8
1.873186007512703E8
1.8732127564702225E8
1.8745901002202225E8
1.8749938671733475E8
1.8769619885795975E8
1.8779814437358475E8
1.8795698615483475E8
1.8808086429545975E8
1.8808825313042068E8
1.8816547384917068E8
1.8826884433354568E8
1.883602522261238E8
1.884332730698738E8
1.8849406880815506E8
1.885549939448738E8
1.886167655151863E8
1.900051662651863E8
1.9000734771806717E8
1.9014678060869217E8
1.9022294959306717E8
1.9028465295244217E8
1.9032502476884842E8
1.9038645980009842E8
1.9053004669072342E8
1.9053131846574783E8
1.9053473939372635E8
1.9069058394060135E8
1.9090393769060135E8
1.9107271726872635E8
1.9111299375310135E8
1.911739816007576E8
1.917120891632576E8
1.917733675773201E8
1.919518333898201E8
1.9201274416716385E8
1.920531237726326E8
1.922490339913826E8
1.923252029757576E8
1.923916531085701E8
1.925544914835701E8
1.926385502570076E8
1.9269982173747635E8
1.927607869835701E8
1.928295748820076E8
1.9289049285466385E8
1.929519468741951E8
1.930559114288826E8
1.931592343820076E8
1.9320203019768143E8
1.9326263488908768E8
1.9332417929924393E8
1.9349062514299393E8
1.9368325029924393E8
1.9374078315471268E8
1.9380161182658768E8
1.9386250867424393E8
1.9392389668986893E8
1.9398607007268143E8
1.9413797657268143E8
1.9433890619768143E8
1.9434079478105545E8
1.9446299645293045E8
1.9451950853886795E8
1.945809776287117E8
1.949038286599617E8
1.950261533787117E8
1.951889094568367E8
1.952867564255867E8
1.953686435662117E8
1.954300080818367E8
1.956089106443367E8
1.956706641443367E8
1.957322281599617E8
1.9573341048942947E8
1.9580364253630447E8
1.9584402337224197E8
1.9600932016911697E8
1.9614773230974197E8
1.9629140002849197E8
1.9647313460661697E8
1.9651350646989822E8
1.9665495401677322E8
1.9794845389177322E8
1.9800910745817947E8
1.9830311127067947E8
1.9834348404802322E8
1.9849956464177322E8
1.9856043302458572E8
1.9861694511052322E8
1.9879970870427322E8
1.9895280020427322E8
1.9911973032927322E8
1.9922369488396072E8
1.9928527655974197E8
1.9934664846599197E8
1.9988475602849197E8
2.0121999902849197E8
2.0128166130583572E8
2.0134264676286697E8
2.0149102260661697E8
2.0163734324724197E8
2.0167795188396072E8
2.0175526565739822E8
2.0180011682927322E8
2.0186437276286697E8
2.0199640635661697E8
2.0205786037614822E8
2.0223121418864822E8
2.0229231500896072E8
2.0234133319255447E8
2.0248132466130447E8
2.0254281888005447E8
2.0260413783317947E8
2.0271167000505447E8
2.0275209044646072E8
2.0281372984880447E8
2.0291868166130447E8
2.0303123047380447E8
2.0311770770036697E8
2.0315814064567947E8
2.0335027120817947E8
2.0341187782927322E8
2.0347277840739822E8
2.0353354880974197E8
2.0353580074846268E8
2.0401466631096268E8
2.0405278372111893E8
2.0415983058830643E8
2.0434033883830643E8
2.0440213183440018E8
2.0458096342815018E8
2.0462124206486893E8
2.0478571095549393E8
2.0493061881486893E8
2.0499167491252518E8
2.0514920877190018E8
2.0521096192815018E8
2.052122231302986E8
2.053885841302986E8
2.057554052240486E8
2.0579598451701736E8
2.0591818618889236E8
2.0601942057951736E8
2.0608041426701736E8
2.061420536693611E8
2.063093702943611E8
2.063707594427986E8
2.0637077612459373E8
2.0658453153084373E8
2.0670231459334373E8
2.0676328496834373E8
2.0676676040169334E8
2.0697188865169334E8
2.0712379515169334E8
2.0722349485481834E8
2.072852738977871E8
2.0732565126888084E8
2.0736603583919334E8
2.0757970340169334E8
2.0762133750325584E8
2.0783448480013084E8
2.0789634816731834E8
2.0803874429231834E8
2.0816806300325584E8
2.082289881399746E8
2.084372665618496E8
2.085805639212246E8
2.086411419290371E8
2.0868693794075584E8
2.0885021033138084E8
2.0904925547200584E8
2.1039792959700584E8
2.1045912459700584E8
2.105205186009121E8
2.106445102805996E8
2.108135950462246E8
2.109849632649746E8
2.123733640149746E8
2.125306436087246E8
2.125913376555996E8
2.139559385305996E8
2.1400495232161522E8
2.1538324669661522E8
2.1545545681380272E8
2.1562244584505272E8
2.1562551084456444E8
2.1578258756331444E8
2.1596233762581444E8
2.1602315423518944E8
2.1618746257893944E8
2.1634708173518944E8
2.1640597567268944E8
2.1644081030550194E8
2.1658211388362694E8
2.1658410139961815E8
2.1791934439961815E8
2.1803506529805565E8
2.1818344114180565E8
2.1825634761836815E8
2.1854930371211815E8
2.1870658330586815E8
2.1878525188399315E8
2.188308235519619E8
2.189037300285244E8
2.195988360910244E8
2.196932200910244E8
2.198774254972744E8
2.199011627550869E8
2.1998897005586815E8
2.2006199089961815E8
2.2042119564961815E8
2.2042423868453026E8
2.2061920755953026E8
2.2071016935640526E8
2.2095462395015526E8
2.2112385051265526E8
2.2120001949703026E8
2.2127695011421776E8
2.2144469222359276E8
2.2156102860640526E8
2.2156105044390106E8
2.2177530622515106E8
2.2197211445952606E8
2.2209556486577606E8
2.2248268877202606E8
2.2262858191265106E8
2.2274544087358856E8
2.2282160985796356E8
2.2306431596733856E8
2.2314124658452606E8
2.2329832330327606E8
2.2337944306108856E8
2.2359253177983856E8
2.2375016829546356E8
2.2383011317046356E8
2.2396782723296356E8
2.2411200782671356E8
2.2428337604546356E8
2.2436760907671356E8
2.2444377806108856E8
2.2451679890483856E8
2.2458981974858856E8
2.2466272622515106E8
2.2473889520952606E8
2.2480488483257294E8
2.2488355341069794E8
2.2533238966069794E8
2.2539320627007294E8
2.2670700527007294E8
2.2678422598882294E8
2.2685505729351044E8
2.2698657604351044E8
2.2706350666069794E8
2.2723819866069794E8
2.2731512927788544E8
2.2737726211382294E8
2.2752747803569794E8
2.2763965250444794E8
2.2771633171538544E8
2.2782314717632294E8
2.2789931616069794E8
2.2811289662944794E8
2.2811635101714325E8
2.2829540245464325E8
2.2846518886089325E8
2.2853820970464325E8
2.2861514032183075E8
2.2871348465776825E8
2.2892621397026825E8
2.2897523388433075E8
2.2912005338433075E8
2.2921225619683075E8
2.2928527704058075E8
2.2937762207183075E8
2.2948099255620575E8
2.2965007732183075E8
2.2971186579839325E8
2.2982716101714325E8
2.2990006749370575E8
2.299610474897995E8
2.305721048022995E8
2.30633675481987E8
2.30750307403862E8
2.31039527716362E8
2.31324244935112E8
2.314546838335495E8
2.315333524116745E8
2.316095213960495E8
2.316867421147995E8
2.320358822085495E8
2.321200443022995E8
2.32120102037426E8
2.32206102974926E8
2.32565526849926E8
2.32635805099926E8
2.32894437209301E8
2.32967458053051E8
2.33084089053051E8
2.33203013037426E8
2.33319620568676E8
2.34672269443676E8
2.34749490162426E8
2.34875339115551E8
2.35061439896801E8
2.36395305646801E8
2.36582236943676E8
2.36686327724926E8
2.36843964240551E8
2.369353066233635E8
2.370114756077385E8
2.371501805452385E8
2.371502891987419E8
2.3725393214796066E8
2.3733260072608566E8
2.3741801740577316E8
2.3742331726807785E8
2.3749622374464035E8
2.3770469311964035E8
2.3781575923682785E8
2.3789297995557785E8
2.3789371800690842E8
2.3802626625690842E8
2.3810348697565842E8
2.3941191522565842E8
2.3969378735065842E8
2.3977100806940842E8
2.3992291456940842E8
2.4005671408503342E8
2.4013364470222092E8
2.4022206538972092E8
2.4029899600690842E8
2.4051134928815842E8
2.4062077867878342E8
2.4069694766315842E8
2.4080637705378342E8
2.4093783671003342E8
2.4115056602253342E8
2.4131694446003342E8
2.4137839889362717E8
2.4141877167097092E8
2.4153110527253342E8
2.4160172143659592E8
2.4177676978034592E8
2.4185370039753342E8
2.4199771533503342E8
2.4204310348737717E8
2.4211927247175217E8
2.4219544145612717E8
2.4243989604987717E8
2.4263706025300217E8
2.4271322923737717E8
2.4278939822175217E8
2.4391015022175217E8
2.4407262358112717E8
2.4414955419831467E8
2.4433565497956467E8
2.4453177266706467E8
2.4467766580768967E8
2.4482436883893967E8
2.4495985846393967E8
2.4503852704206467E8
2.4524812347956467E8
2.4544105783893967E8
2.4553153155768967E8
2.4560455240143967E8
2.4581747021393967E8
2.4601969827643967E8
2.4609662889362717E8
2.4619594376081467E8
2.4636142080768967E8
2.4680832580768967E8
2.4815846093268967E8
2.4826187765925217E8
2.4841086170612717E8
2.4860276767487717E8
2.4867367058112717E8
2.4896125508112717E8
2.4918991381550217E8
2.4928614109675217E8
2.4967326500300217E8
2.4979321790925217E8
2.4986938689362717E8
2.5007496684675217E8
2.5017666930768967E8
2.5047369749518967E8
2.5055236607331467E8
2.5065567478425217E8
2.506583286619377E8
2.5066098253962326E8
2.5073181640681076E8
2.5080798539118576E8
2.5087857421931076E8
2.5094088172149277E8
2.5098538000664902E8
2.5108169205352402E8
2.5116036063164902E8
2.5123060598321152E8
2.5130548401446152E8
2.5136231458477402E8
2.513790162312584E8
2.5139328508868027E8
2.5143778337383652E8
2.5151669657696152E8
2.5153525763848495E8
2.515544912673912E8
2.515830659236412E8
2.516599965408287E8
2.5171575927129745E8
2.5212336833379745E8
2.5213264974102402E8
2.5222986369414902E8
2.5345414994414902E8
2.5363958353789902E8
2.536612908875084E8
2.537315047546959E8
2.538045255984459E8
2.539244785046959E8
2.5394899933086777E8
2.5402592994805527E8
2.540300526345787E8
2.541008213298912E8
2.541718583845787E8
2.542444367986412E8
2.543216575173912E8
2.543945639939537E8
2.545738574002037E8
2.546525259783287E8
2.547297466970787E8
2.559101465720787E8
2.559810387986412E8
2.560516910720787E8
2.561286216892662E8
2.562048712830162E8
2.562049221577034E8
2.56205929268116E8
2.562828598853035E8
2.562859029202156E8
2.563465636233406E8
2.564168089514656E8
2.564749336624031E8
2.565079367952156E8
2.5657002909599686E8
2.5664061474443436E8
2.5671754536162186E8
2.5679447597880936E8
2.5686472426005936E8
2.5713461647880936E8
2.5720752295537186E8
2.572693839905281E8
2.573400059436531E8
2.574421830452156E8
2.575183520295906E8
2.576024952405281E8
2.580998933030281E8
2.581197625374031E8
2.581900108186531E8
2.582669414358406E8
2.583398479124031E8
2.584167785295906E8
2.584954471077156E8
2.587245018264656E8
2.587974083030281E8
2.588679921702156E8
2.589452128889656E8
2.590154070530281E8
2.592279199749031E8
2.592993058655281E8
2.593699278186531E8
2.594468584358406E8
2.595237801858406E8
2.596010009045906E8
2.598147353108406E8
2.5986510632207108E8
2.5986584965935135E8
2.598693582269783E8
2.599406627816658E8
2.599971748676033E8
2.6004143051994705E8
2.600422986087532E8
2.6004765394615555E8
2.6010086088365555E8
2.6017110618053055E8
2.6026492928404617E8
2.6026507803067398E8
2.6035839942129898E8
2.6043130589786148E8
2.6070499342911148E8
2.6071176758145523E8
2.6078236752676773E8
2.6082273982754898E8
2.6090678205411148E8
2.6098545063223648E8
2.6151194325723648E8
2.6158254015567398E8
2.6165562220254898E8
2.6171166436172867E8
2.6175005107657242E8
2.6180656316250992E8
2.6188523174063492E8
2.6192252468985367E8
2.619233069214821E8
2.6192834152402115E8
2.6199891499277115E8
2.6201408049472427E8
2.6209130121347427E8
2.6213187419784927E8
2.6219794521738052E8
2.6223574080722427E8
2.6228131849081802E8
2.6233783057675552E8
2.6243652213925552E8
2.6249801504941177E8
2.6266679462753677E8
2.6282994337753677E8
2.6288077265488052E8
2.6288460822885513E8
2.6406500810385513E8
2.6414222882260513E8
2.6416750724057388E8
2.6424872015463638E8
2.6429451616635513E8
2.6436541907260513E8
2.6444234968979263E8
2.6451928030698013E8
2.6459650102573013E8
2.6466753808041763E8
2.6474446869760513E8
2.6481504231479263E8
2.6488607936948013E8
2.6496499257260513E8
2.6496719618466568E8
2.6497426229745865E8
2.6504716877402115E8
2.6511177328183365E8
2.6532401879745865E8
2.6538699970077896E8
2.6549885012265396E8
2.6557175659921646E8
2.655742750328102E8
2.658195830484352E8
2.662067069546852E8
2.662768196109352E8
2.663478566656227E8
2.664184570171852E8
2.664887023140602E8
2.6654961309140396E8
2.6662578207577896E8
2.6670271269296646E8
2.6744463338046646E8
2.6754941155234146E8
2.6762558053671646E8
2.6769581902890396E8
2.6769823015073013E8
2.6825877365073013E8
2.6837571695541763E8
2.6844675401010513E8
2.6855947602573013E8
2.6863249686948013E8
2.6863323288547134E8
2.6871332743234634E8
2.6889876102609634E8
2.6897178186984634E8
2.6904468834640884E8
2.6912085733078384E8
2.6912462049728775E8
2.6928046504416275E8
2.6954605648166275E8
2.6963447716916275E8
2.6979224520041275E8
2.6989683786447525E8
2.6996758401291275E8
2.7004480473166275E8
2.7012659769260025E8
2.7019684302853775E8
2.7069126002853775E8
2.70710193407444E8
2.71008341094944E8
2.71085561813694E8
2.7114636616916275E8
2.7135978421603775E8
2.7143195084103775E8
2.7151061941916275E8
2.7158678840353775E8
2.7165739363791275E8
2.7187154068478775E8
2.7194257773947525E8
2.720036746496315E8
2.721597179152565E8
2.721662579772682E8
2.722368316569557E8
2.722888849772682E8
2.7233462059054947E8
2.723583038053932E8
2.724341904460182E8
2.724344551685829E8
2.725116758873329E8
2.7257315943030167E8
2.736223463546181E8
2.736937322452431E8
2.737017667760048E8
2.737834064947548E8
2.73845707302372E8
2.738469342459755E8
2.740685322147255E8
2.742820724022255E8
2.743542627147255E8
2.7438736728113174E8
2.7446896665613174E8
2.7447019359973526E8
2.74511524470829E8
2.74577887517704E8
2.746481328536415E8
2.7469598795129776E8
2.74734105361454E8
2.7473544083911514E8
2.747808289914589E8
2.747809777380867E8
2.7547714008177567E8
2.756406900221443E8
2.756838796315193E8
2.757054106783943E8
2.7574990896355057E8
2.757823679030037E8
2.757883387096443E8
2.7622644936003494E8
2.7632648976628494E8
2.7642994230534744E8
2.7651354367253494E8
2.7652315353483963E8
2.765383179967537E8
2.7654446441423416E8
2.765902705665779E8
2.767148354962654E8
2.768026639650154E8
2.7686456778923416E8
2.7693926654704666E8
2.7702542232829666E8
2.7710409090642166E8
2.77154401809742E8
2.7764510445643616E8
2.7766948667225647E8
2.7774447921913147E8
2.7774977908143616E8
2.7779537158143616E8
2.7786593522206116E8
2.7793618057362366E8
2.7793620381666374E8
2.779384496777477E8
2.779669096438122E8
2.779690467143688E8
2.779802887827282E8
2.7799098485890007E8
2.779946256128063E8
2.779955470391979E8
2.780007787349987E8
2.780085406075573E8
2.781410037169323E8
2.7820309601771355E8
2.782895181353893E8
2.783597634322643E8
2.783668053443737E8
2.784375488521862E8
2.785011644615612E8
2.785155362682018E8
2.797398225182018E8
2.798564544400768E8
2.799101452603893E8
2.807363143304577E8
2.807529883929577E8
2.808230572835827E8
2.809146324085827E8
2.8091833256202507E8
2.8092012148560905E8
2.8101198674342155E8
2.8107133431373405E8
2.810806157209606E8
2.811999365256481E8
2.812619599323864E8
2.813435311745739E8
2.8140078057691765E8
2.8173830945191765E8
2.8182241801441765E8
2.8235336353785515E8
2.8241413416285515E8
2.8246663256129265E8
2.824681408724499E8
2.824756349129772E8
2.829133387567272E8
2.8291361993543816E8
2.829201599974499E8
2.830118152786999E8
2.830875929193249E8
2.8311384052723503E8
2.831216023997936E8
2.831400045228405E8
2.8314009468195915E8
2.831724584065685E8
2.832245013968029E8
2.837664013030529E8
2.8379485404914665E8
2.8383698481477165E8
2.8404982390852165E8
2.8412006199445915E8
2.841553778264904E8
2.851967455139904E8
2.852694475296154E8
2.853151697249279E8
2.853235049466076E8
2.854238094466076E8
2.855086166809826E8
2.855795085012951E8
2.856500941497326E8
2.857230006262951E8
2.857939035325451E8
2.85876551784132E8
2.859475888388195E8
2.86018182596632E8
2.8629255168647575E8
2.863542676044445E8
2.863845057697277E8
2.864170563302746E8
2.865427646818371E8
2.8690518499238396E8
2.8697532814082146E8
2.8749868294392204E8
2.8757817983454704E8
2.875868447730236E8
2.879007911167736E8
2.8794651019099236E8
2.8802602237067986E8
2.8846714917466545E8
2.8899738843247795E8
2.890148197977123E8
2.890217231238842E8
2.890923254754467E8
2.891625708035717E8
2.891891934656811E8
2.892631355672436E8
2.897300542968273E8
2.905529590995083E8
2.906623884901333E8
2.907230476932583E8
2.9076883680653954E8
2.9082306029091454E8
2.9087207768153954E8
2.908818676698208E8
2.909569723338833E8
2.9096476870741844E8
2.9104350539491844E8
2.910505866595669E8
2.910542482545376E8
2.911260998248501E8
2.9113246393813133E8
2.911368673917446E8
2.911750360294399E8
2.918155348419399E8
2.918488412169399E8
2.918506814609585E8
2.919462516328335E8
2.917200847272854E8
2.918437230788479E8
2.9188410044994164E8
2.9195481537181664E8
2.9195755870067406E8
2.9201503888036156E8
2.9207686634911156E8
2.9215979139598656E8
2.9216303141332054E8
2.921955855754299E8
2.922662378488674E8
2.923364538176174E8
2.924084882551174E8
2.9243720169545555E8
2.9252132657826805E8
2.925283225016079E8
2.925791939078579E8
2.926561245250454E8
2.9269652818520164E8
