421141.3125	0.0	0.0	421141.3125	12	66.359736	313
213516.703125	0.0	0.0	213516.703125	274	29.902149	313
446905.0	0.0	0.0	446905.0	12	33.60685	313
40822.29296875	0.0	0.0	40822.29296875	289	24.034464	313
212887.375	0.0	0.0	212887.375	20	24.071616	313
213277.390625	0.0	0.0	213277.390625	116	25.835972	313
7740.94873046875	0.0	0.0	7740.94873046875	8	25.110229	313
454148.9375	0.0	0.0	454148.9375	12	28.297579	313
45755.9375	0.0	0.0	45755.9375	11	15.368	313
212949.75	0.0	0.0	212949.75	20	24.140614	313
213662.390625	0.0	0.0	213662.390625	101	30.689071	313
40379.7734375	0.0	0.0	40379.7734375	161	25.614452	313
46208.46484375	0.0	0.0	46208.46484375	6	19.751515	313
213750.046875	0.0	0.0	213750.046875	42	25.493495	313
212639.96875	0.0	0.0	212639.96875	18	15.449849	313
73107.9921875	0.0	0.0	73107.9921875	6	29.708283	313
605225.0	0.0	0.0	605225.0	9	42.738987	313
53817.6875	0.0	0.0	53817.6875	91	15.428898	313
639229.0625	0.0	0.0	639229.0625	5	26.930455	313
233984.71875	0.0	0.0	233984.71875	16	18.47406	313
213903.484375	0.0	0.0	213903.484375	97	30.970651	313
635197.5625	0.0	0.0	635197.5625	12	17.725409	313
68787.8984375	0.0	0.0	68787.8984375	25	28.499548	313
212949.75	0.0	0.0	212949.75	20	14.865735	313
45711.17578125	0.0	0.0	45711.17578125	11	24.693722	313
138394.078125	0.0	0.0	138394.078125	7	17.300523	313
213755.40625	0.0	0.0	213755.40625	27	14.733323	313
213279.21875	0.0	0.0	213279.21875	88	24.592598	313
59350.59765625	0.0	0.0	59350.59765625	11	14.645608	313
619724.75	0.0	0.0	619724.75	5	27.29193	313
56638.0234375	0.0	0.0	56638.0234375	91	14.766007	313
6906.83251953125	0.0	0.0	6906.83251953125	4	14.683599	313
229360.78125	0.0	0.0	229360.78125	17	27.436075	313
123088.9921875	0.0	0.0	123088.9921875	6	17.140178	313
229360.78125	0.0	0.0	229360.78125	17	25.917544	313
212358.28125	0.0	0.0	212358.28125	14	14.493086	313
78668.578125	0.0	0.0	78668.578125	13	17.089058	313
304733.5625	0.0	0.0	304733.5625	17	25.18733	313
70585.6484375	0.0	0.0	70585.6484375	37	14.560407	313
67402.1875	0.0	0.0	67402.1875	5	17.145766	313
291666.53125	0.0	0.0	291666.53125	16	24.871388	313
492288.15625	0.0	0.0	492288.15625	5	17.025926	313
246070.34375	0.0	0.0	246070.34375	11	17.092968	313
593214.625	0.0	0.0	593214.625	9	32.209556	313
589609.0	0.0	0.0	589609.0	12	17.123138	313
454148.9375	0.0	0.0	454148.9375	12	17.043524	313
124903.984375	0.0	0.0	124903.984375	301	22.295807	313
60629.23828125	0.0	0.0	60629.23828125	21	14.598678	313
153503.765625	0.0	0.0	153503.765625	6	17.072855	313
212372.28125	0.0	0.0	212372.28125	19	23.039988	313
263131.125	0.0	0.0	263131.125	16	17.213088	313
40605.44140625	0.0	0.0	40605.44140625	217	14.543647	313
227110.671875	0.0	0.0	227110.671875	6	17.073134	313
567827.0	0.0	0.0	567827.0	9	26.365615	313
32512.603515625	0.0	0.0	32512.603515625	9	14.532473	313
91865.2578125	0.0	0.0	91865.2578125	11	14.538059	313
258425.0625	0.0	0.0	258425.0625	91	24.930888	313
68984.1171875	0.0	0.0	68984.1171875	241	14.546162	313
45731.18359375	0.0	0.0	45731.18359375	11	14.46124	313
561425.0	0.0	0.0	561425.0	12	17.137385	313
342617.8125	0.0	0.0	342617.8125	11	26.515347	313
61321.27734375	0.0	0.0	61321.27734375	18	14.504259	313
221597.96875	0.0	0.0	221597.96875	213	14.545043	313
147873.984375	0.0	0.0	147873.984375	10	17.091293	313
151497.21875	0.0	0.0	151497.21875	11	27.730785	313
185747.28125	0.0	0.0	185747.28125	12	17.153028	313
249126.65625	0.0	0.0	249126.65625	12	17.059167	313
173697.40625	0.0	0.0	173697.40625	10	17.108333	313
101086.8125	0.0	0.0	101086.8125	6	32.115696	313
60680.42578125	0.0	0.0	60680.42578125	23	14.372408	313
45649.87109375	0.0	0.0	45649.87109375	11	14.230219	313
280309.78125	0.0	0.0	280309.78125	16	16.930668	313
61719.70703125	0.0	0.0	61719.70703125	19	23.781655	313
45734.40234375	0.0	0.0	45734.40234375	13	13.599174	313
213534.46875	0.0	109744.51953125	213534.46875	19	16.985698	313
46898.34375	0.0	0.0	92348.234375	26	13.579621	313
212602.859375	0.0	0.0	212602.859375	17	21.421171	313
313680.6875	0.0	0.0	313680.6875	16	16.247385	313
465323.8125	0.0	0.0	465323.8125	5	16.124472	313
61168.5078125	0.0	0.0	61168.5078125	5	13.475423	313
326868.0625	0.0	0.0	326868.0625	14	17.701665	313
326025.125	0.0	0.0	326025.125	14	25.348791	313
233984.71875	0.0	0.0	233984.71875	16	16.111063	313
239887.65625	0.0	0.0	239887.65625	2322	13.736334	313
213553.5625	0.0	0.0	213553.5625	66	13.51509	313
212842.34375	0.0	0.0	212842.34375	19	22.503363	313
32672.0703125	0.0	0.0	32672.0703125	14	13.555039	313
301635.65625	0.0	0.0	301635.65625	16	16.099331	313
369787.21875	0.0	0.0	369787.21875	9	16.14291	313
660808.375	0.0	0.0	660808.375	5	15.941779	313
30.288959503173828	15.15625	0.0	45388.15234375	6	26.118115	313
678306.9375	0.0	0.0	678306.9375	5	16.016924	313
660837.1875	0.0	0.0	660837.1875	5	16.018599	313
624959.8125	0.0	0.0	624959.8125	12	16.12978	313
69396.9609375	119959.25	0.0	105522.125	7	15.990106	313
466086.71875	0.0	0.0	466086.71875	12	24.058768	313
179051.4375	0.0	0.0	179051.4375	11	15.963847	313
469147.8125	0.0	0.0	469147.8125	9	15.978653	313
213103.734375	0.0	0.0	213103.734375	63	13.402234	313
32573.046875	0.0	0.0	32573.046875	7	13.962885	313
384270.75	0.0	0.0	384270.75	5	26.510597	313
91017.140625	0.0	0.0	107595.515625	883	13.478217	313
452284.78125	0.0	0.0	452284.78125	9	15.904625	313
213017.921875	0.0	0.0	213017.921875	85	13.515929	313
4318.47607421875	0.0	0.0	4318.47607421875	29	13.452238	313
84125.859375	0.0	0.0	84125.859375	8	40.599745	313
413263.84375	0.0	0.0	413263.84375	9	15.959378	313
213667.5625	0.0	0.0	213667.5625	114	13.458383	313
377033.53125	0.0	0.0	377033.53125	12	15.979491	313
97026.765625	174594.09375	0.0	132797.8125	6	15.737296	313
212328.109375	0.0	0.0	212328.109375	18	23.053397	313
617874.1875	0.0	0.0	617874.1875	9	15.844566	313
57706.88671875	0.0	0.0	91538.390625	11	13.268706	313
70797.6640625	0.0	0.0	70797.6640625	44	13.268706	313
212695.75	0.0	0.0	212695.75	36	13.25055	313
633559.75	0.0	0.0	633559.75	9	15.82166	313
212904.5625	0.0	0.0	212904.5625	20	21.732366	313
416292.5625	0.0	0.0	416292.5625	9	15.845685	313
57932.44921875	0.0	0.0	57932.44921875	5	15.775009	313
212897.703125	0.0	0.0	212897.703125	20	13.294965	313
60708.0703125	0.0	0.0	91914.9765625	11	13.283792	313
630438.25	0.0	0.0	630438.25	12	27.143598	313
1448.504638671875	0.0	0.0	52153.0	25	13.337706	313
212761.9375	0.0	0.0	212761.9375	20	13.265075	313
415971.6875	0.0	0.0	415971.6875	12	15.866915	313
31.844938278198242	0.0	0.0	7822.29248046875	9	13.201663	313
83041.140625	146925.703125	0.0	118921.9921875	7	15.781155	313
641807.0	0.0	0.0	641807.0	12	25.385385	313
81405.671875	0.0	0.0	81405.671875	111	13.272339	313
213819.578125	0.0	0.0	213819.578125	147	13.375138	313
535379.4375	0.0	0.0	535379.4375	5	15.754896	313
634652.75	0.0	0.0	634652.75	12	15.855461	313
213103.734375	0.0	0.0	213103.734375	53	13.547216	313
433826.34375	0.0	0.0	433826.34375	12	27.235223	313
212793.453125	0.0	0.0	212793.453125	18	13.262281	313
538107.5625	0.0	0.0	538107.5625	9	15.862445	313
22732.681640625	37005.0859375	0.0	63883.8984375	6	15.806296	313
213043.046875	0.0	0.0	213043.046875	63	13.287423	313
58040.79296875	0.0	0.0	58040.79296875	7	13.223172	313
212328.109375	0.0	0.0	212328.109375	18	13.30977	313
212693.265625	0.0	0.0	212693.265625	19	13.305021	313
52425.2421875	0.0	0.0	52425.2421875	7	15.849593	313
681062.625	0.0	0.0	681062.625	9	15.80378	313
212141.1875	0.0	0.0	212141.1875	18	13.270941	313
299525.25	0.0	0.0	299525.25	17	15.932839	313
81639.71875	0.0	0.0	81639.71875	6	13.218983	313
10033.7880859375	16319.4453125	0.0	53646.23046875	6	25.591266	313
20584.4765625	33137.859375	0.0	61951.14453125	6	15.921108	313
213376.625	0.0	0.0	213376.625	43	13.322343	313
213305.828125	0.0	177234.0390625	213305.828125	218	15.089491	313
23949.50390625	0.0	0.0	45806.15234375	11	13.27234	313
288889.53125	0.0	0.0	288889.53125	16	15.91133	313
8837.7216796875	0.0	0.0	61785.63671875	31	21.114729	313
249099.25	0.0	0.0	249099.25	12	15.914963	313
73020.84375	0.0	0.0	73020.84375	9	15.844846	313
213543.6875	0.0	0.0	213543.6875	110	13.381284	313
11912.197265625	10438.599609375	0.0	17340.802734375	4	15.756851	313
110357.359375	64793.44140625	0.0	110357.359375	7	15.861606	313
287584.5	0.0	0.0	287584.5	16	15.934796	313
97175.078125	64626.767578125	0.0	97175.078125	6	27.148904	313
497398.0625	0.0	0.0	497398.0625	8	15.775009	313
323361.34375	0.0	0.0	323361.34375	10	15.750705	313
484888.6875	0.0	0.0	484888.6875	12	15.857975	313
98585.125	0.0	0.0	98585.125	11	15.868032	313
213264.578125	0.0	0.0	213264.578125	36	13.255856	313
212930.859375	0.0	0.0	245210.84375	287	13.324575	313
495623.25	0.0	0.0	495623.25	12	24.393983	313
156273.96875	0.0	0.0	156273.96875	11	15.853784	313
342617.8125	0.0	0.0	342617.8125	10	15.823056	313
213667.5625	0.0	0.0	213667.5625	109	13.263958	313
359424.46875	0.0	0.0	359424.46875	14	15.83423	313
30.288959503173828	7.578125	0.0	45388.15234375	6	15.78255	313
212604.359375	0.0	0.0	212604.359375	14	13.313682	313
619560.25	0.0	0.0	619560.25	9	25.699651	313
697760.1875	0.0	0.0	697760.1875	12	15.835068	313
2272454.75	0.0	0.0	2272454.75	2	15.646789	313
220908.28125	0.0	0.0	252858.0625	925	13.335752	313
61432.5859375	0.0	0.0	61432.5859375	61	13.267589	313
84133.8359375	0.0	0.0	84133.8359375	8	13.272897	313
213866.296875	0.0	0.0	213866.296875	119	13.316477	313
600163.5	0.0	0.0	600163.5	5	24.713278	313
213009.296875	0.0	0.0	213009.296875	114	13.295525	313
247918.671875	0.0	0.0	247918.671875	16	15.854623	313
560943.5	0.0	0.0	560943.5	5	15.743722	313
212693.265625	0.0	0.0	212693.265625	19	13.28882	313
212789.71875	0.0	0.0	212789.71875	53	13.264516	313
55182.80078125	9677.2421875	0.0	55182.80078125	8	15.814118	313
213226.015625	0.0	0.0	213226.015625	199	13.337147	313
213926.03125	0.0	0.0	213926.03125	86	23.632484	313
61507.9453125	0.0	0.0	61507.9453125	61	13.301111	313
212793.453125	0.0	0.0	212793.453125	18	13.260326	313
218512.3125	0.0	0.0	218512.3125	17	15.970831	313
291047.15625	0.0	0.0	291047.15625	17	15.908817	313
214294.71875	0.0	0.0	246334.03125	346	13.330442	313
71779.3828125	39242.21875	0.0	71779.3828125	6	15.802385	313
13501.3642578125	10986.4375	0.0	56371.578125	6	15.797357	313
60987.95703125	0.0	0.0	60987.95703125	62	24.936754	313
220367.625	0.0	0.0	220367.625	12	15.786182	313
356739.1875	0.0	0.0	356739.1875	15	15.818307	313
1702950.75	0.0	0.0	1702950.75	6	15.704612	313
61070.97265625	50113.68359375	0.0	107894.8125	5	15.755454	313
132676.515625	0.0	0.0	132676.515625	11	15.798193	313
292497.0	0.0	0.0	292497.0	12	15.760483	313
8504.9873046875	0.0	0.0	8504.9873046875	2	25.461647	313
212494.78125	0.0	0.0	212494.78125	19	13.222894	313
459214.6875	0.0	0.0	459214.6875	12	15.833391	313
49979.265625	0.0	0.0	49979.265625	9	15.793726	313
361136.28125	0.0	0.0	361136.28125	10	15.771379	313
430171.15625	0.0	0.0	430171.15625	5	15.670533	313
1490237.25	0.0	0.0	1490237.25	6	15.786742	313
29990.654296875	24606.53125	0.0	82391.53125	5	15.683942	313
1309.9559326171875	0.0	0.0	1309.9559326171875	3	20.966117	313
32865.19140625	26965.6171875	0.0	84747.234375	5	15.699865	313
30.287479400634766	7.578125	0.0	45388.15234375	6	16.077542	313
70541.140625	59090.28125	0.0	116858.9609375	5	15.70182	313
18529.55859375	15200.57421875	0.0	72984.265625	5	15.753779	313
469150.8125	0.0	0.0	469150.8125	9	15.742884	313
13187.6904296875	0.0	0.0	13187.6904296875	81	13.211721	313
5328.412109375	4366.58984375	0.0	62146.8515625	5	15.706289	313
34097.53125	27674.90625	0.0	85464.0625	5	17.531543	313
252896.9375	0.0	0.0	252896.9375	6	24.910496	313
363306.25	0.0	0.0	363306.25	11	15.803223	313
1616215.125	0.0	0.0	1616215.125	6	15.730593	313
546368.8125	0.0	0.0	546368.8125	12	15.715787	313
617857.5	0.0	1822.6239013671875	617857.5	9	16.962514	313
11832.94140625	9700.75	0.0	67402.1875	5	15.718301	313
17794.703125	14597.4921875	0.0	72279.3046875	5	15.700982	313
996687.25	0.0	0.0	996687.25	6	15.777243	313
1014833.0625	0.0	0.0	1014833.0625	6	24.313251	313
30.287479400634766	7.578125	0.0	45388.15234375	6	15.733665	313
44845.984375	36209.35546875	0.0	81626.5625	6	15.712155	313
60745.359375	49452.49609375	0.0	107141.9921875	5	15.728916	313
342617.8125	0.0	0.0	342617.8125	10	15.777801	313
65615.1015625	0.0	0.0	65615.1015625	6	15.837024	313
1234021.5	0.0	0.0	1234021.5	6	15.736179	313
185433.59375	0.0	0.0	185433.59375	5	15.730313	313
2272454.75	0.0	0.0	2272454.75	2	25.54629	313
71529.640625	0.0	0.0	71529.640625	12	13.214235	313
560543.5	0.0	0.0	560543.5	5	15.750707	313
11777.4990234375	0.0	0.0	13187.6904296875	81	13.235744	313
388603.28125	0.0	0.0	388603.28125	12	15.746236	313
249490.21875	0.0	0.0	249490.21875	17	15.904906	313
50105.75390625	41114.703125	0.0	98812.8125	5	15.721654	313
589852.375	0.0	0.0	589852.375	9	15.755175	313
5299.8623046875	0.0	0.0	5299.8623046875	8	15.821101	313
28346.583984375	23257.265625	0.0	80982.8671875	5	24.827809	313
680201.625	0.0	0.0	680201.625	12	15.753779	313
44845.984375	36209.35546875	0.0	81626.5625	6	15.697629	313
8502.3974609375	6913.52587890625	0.0	14675.8681640625	5	15.742326	313
3095.67529296875	0.0	0.0	57999.4453125	7	13.206971	313
49343.35546875	40122.0234375	0.0	97834.375	5	15.69372	313
98547.46875	0.0	0.0	98547.46875	10	15.829202	313
51214.609375	42024.71484375	0.0	99747.21875	5	15.68897	313
70068.890625	0.0	0.0	70068.890625	14	13.879639	313
473353.0625	0.0	0.0	473353.0625	12	24.958264	313
116943.3046875	71517.58984375	0.0	116943.3046875	7	15.936471	313
49634.0	4402.2109375	0.0	49634.0	8	15.870824	313
60745.359375	49452.49609375	0.0	107141.9921875	5	15.895687	313
83471.140625	0.0	0.0	83471.140625	6	15.749867	313
26316.11328125	21590.88671875	0.0	79368.2109375	5	15.735062	313
61336.75	0.0	0.0	61336.75	78	13.672642	313
438384.59375	0.0	0.0	438384.59375	12	15.84736	313
42771.8203125	35095.84375	0.0	92823.265625	5	15.703495	313
295059.125	0.0	0.0	295059.125	6	30.974282	313
472466.3125	0.0	0.0	472466.3125	12	15.832274	313
605225.0	0.0	0.0	605225.0	9	15.764672	313
246217.515625	0.0	0.0	246217.515625	1376	13.372903	313
1384009.375	0.0	0.0	1384009.375	10	15.823057	313
8713.7626953125	7279.318359375	0.0	14196.54296875	4	15.742046	313
495617.75	0.0	0.0	495617.75	12	15.819146	313
10839.10546875	8816.578125	0.0	54206.5625	6	15.692043	313
1168349.75	0.0	0.0	1168349.75	6	15.68506	313
81683.6875	0.0	0.0	81683.6875	155	23.149493	313
19511.423828125	16006.37890625	0.0	73702.5234375	5	15.716347	313
511540.34375	0.0	0.0	511540.34375	12	15.709921	313
372750.625	0.0	0.0	372750.625	9	15.825851	313
212190.828125	0.0	0.0	212190.828125	16	15.849316	313
1335243.0	0.0	0.0	1335243.0	11	15.792887	313
3595.83251953125	0.0	0.0	3595.83251953125	13	13.20753	313
326706.3125	0.0	0.0	326706.3125	11	15.740649	313
165993.078125	0.0	0.0	165993.078125	4	15.683384	313
50039.1875	0.0	0.0	50039.1875	9	31.06144	313
680201.625	0.0	0.0	680201.625	12	15.806575	313
2272454.75	0.0	0.0	2272454.75	2	15.639525	313
227935.140625	0.0	0.0	227935.140625	17	15.831436	313
1378560.25	0.0	0.0	1378560.25	6	15.680031	313
393977.0	0.0	0.0	393977.0	12	15.908816	313
316049.3125	0.0	0.0	316049.3125	10	15.71439	313
454691.53125	0.0	0.0	454691.53125	5	15.677517	313
535787.8125	0.0	0.0	535787.8125	9	15.767745	313
25248.76953125	20714.93359375	0.0	78482.265625	5	16.192632	313
15568.30859375	12559.6875	0.0	57940.47265625	6	26.051907	313
266776.9375	0.0	0.0	266776.9375	15	15.86831	313
213561.484375	0.0	0.0	213561.484375	35	13.251107	313
212431.03125	0.0	0.0	212431.03125	360	13.290495	313
40814.8828125	33489.81640625	0.0	91218.9375	5	15.734223	313
59945.3125	14508.76171875	0.0	59945.3125	8	15.758248	313
246070.34375	0.0	0.0	246070.34375	11	15.833673	313
49944.51953125	0.0	0.0	49944.51953125	9	15.759086	313
110357.359375	0.0	83184.27734375	110357.359375	7	17.475117	313
4127.4580078125	0.0	0.0	4127.4580078125	6	25.280353	313
526492.625	0.0	0.0	526492.625	12	15.82194	313
23468.556640625	19253.93359375	0.0	76964.390625	5	15.693999	313
1109.87841796875	832.54296875	0.0	49829.8515625	9	15.824174	313
440800.25	0.0	0.0	440800.25	12	15.816911	313
151504.15625	0.0	0.0	151504.15625	11	15.792608	313
45388.15234375	0.0	0.0	45388.15234375	6	15.747354	313
529318.0	0.0	0.0	529318.0	12	15.781154	313
525892.25	0.0	0.0	525892.25	9	15.74037	313
4127.4580078125	0.0	0.0	4127.4580078125	6	15.734784	313
80161.3515625	0.0	0.0	81405.671875	111	25.016927	313
299990.5	0.0	0.0	299990.5	16	15.844287	313
2272454.75	0.0	0.0	2272454.75	2	15.668018	313
40275.97265625	0.0	0.0	40275.97265625	25	13.229319	313
212190.828125	0.0	0.0	212190.828125	17	15.826967	313
4842.228515625	0.0	0.0	4842.228515625	4	15.684221	313
92204.953125	0.0	0.0	92204.953125	8	15.732827	313
289220.3125	0.0	0.0	289220.3125	10	15.786182	313
71004.03125	59528.765625	0.0	117276.078125	5	15.708524	313
28415.283203125	22748.39453125	0.0	55246.36328125	6	15.725844	313
249099.25	0.0	0.0	249099.25	12	15.793446	313
472154.4375	0.0	0.0	472154.4375	12	25.143191	313
1131817.875	0.0	0.0	1131817.875	6	15.771935	313
339408.84375	0.0	0.0	339408.84375	14	15.760203	313
428839.0	0.0	0.0	428839.0	12	15.756013	313
61205.453125	0.0	0.0	61205.453125	66	13.382121	313
216588.984375	0.0	0.0	216588.984375	17	15.939264	313
310584.25	0.0	0.0	310584.25	16	15.819146	313
1682651.625	0.0	0.0	1682651.625	6	15.905186	313
1080736.5	0.0	0.0	1080736.5	6	15.74065	313
73873.1328125	0.0	0.0	73082.046875	52	13.316755	313
6891.3212890625	0.0	0.0	6891.3212890625	6	27.448366	313
288984.40625	0.0	0.0	288984.40625	16	15.769422	313
54482.34765625	44706.5	0.0	102419.2890625	5	15.722772	313
1015974.875	0.0	0.0	1015974.875	6	15.702937	313
650456.25	0.0	0.0	650456.25	9	15.746795	313
455715.8125	0.0	0.0	455715.8125	12	15.928092	313
261004.375	0.0	0.0	261004.375	17	15.877249	313
526577.125	0.0	0.0	526577.125	5	15.73646	313
50322.09765625	0.0	0.0	50322.09765625	193	13.274573	313
62132.8359375	0.0	0.0	62132.8359375	6	15.724448	313
50926.04296875	41787.890625	0.0	99556.046875	5	25.573107	313
83410.3125	71810.89453125	0.0	129529.484375	5	15.68059	313
45388.15234375	0.0	0.0	45388.15234375	6	15.682265	313
56745.15625	46563.5546875	0.0	104275.3359375	5	15.753499	313
81644.3359375	0.0	0.0	81644.3359375	6	13.164789	313
60910.77734375	0.0	0.0	60910.77734375	25	13.273176	313
60065.75	27516.279296875	0.0	60065.75	6	15.771376	313
58884.4921875	0.0	0.0	58884.4921875	2	13.143	313
62132.8359375	0.0	0.0	62132.8359375	6	15.737856	313
1469853.125	0.0	0.0	1469853.125	6	15.82138	313
81039.34375	69482.74609375	0.0	127231.9453125	5	15.661593	313
593214.625	0.0	0.0	593214.625	9	27.466521	313
361724.6875	0.0	0.0	361724.6875	8	15.831157	313
506515.125	0.0	0.0	506515.125	9	15.743441	313
61492.59375	50459.7109375	0.0	108169.6875	5	15.679751	313
454691.53125	0.0	0.0	454691.53125	5	15.676119	313
11579.65625	9496.89453125	0.0	67242.9609375	5	15.681429	313
5299.8623046875	0.0	0.0	5299.8623046875	8	15.708524	313
35631.359375	28925.109375	0.0	86697.2734375	5	15.756852	313
2655.721923828125	2173.15234375	0.0	59944.78125	5	15.714112	313
84097.984375	0.0	0.0	84097.984375	8	13.189652	313
381317.1875	0.0	0.0	381317.1875	12	15.77417	313
372750.625	0.0	0.0	372750.625	9	25.185096	313
183331.828125	0.0	0.0	183331.828125	11	15.780037	313
103370.484375	0.0	0.0	103370.484375	11	15.818029	313
22468.974609375	18433.59765625	0.0	76163.5546875	5	15.681708	313
350751.5	0.0	0.0	350751.5	13	15.705731	313
2272454.75	0.0	0.0	2272454.75	2	15.687294	313
415358.40625	0.0	0.0	415358.40625	5	15.712994	313
569448.375	0.0	0.0	569448.375	9	15.745957	313
1558094.75	0.0	0.0	1558094.75	6	15.769702	313
249212.390625	0.0	0.0	249212.390625	6	15.666063	313
147540.78125	0.0	0.0	147540.78125	6	15.735621	313
4801.08984375	3929.796875	77383.2978515625	61706.00390625	5	29.025836	313
61741.96484375	0.0	0.0	61741.96484375	60	13.473188	313
22.72751808166504	7.56396484375	0.0	5299.8623046875	8	15.734503	313
39349.01171875	32606.966796875	0.0	65129.703125	6	15.84289	313
16116.6650390625	0.0	0.0	70174.3671875	73	13.259208	313
31679.361328125	25705.10546875	0.0	83402.171875	5	15.751822	313
192884.0625	0.0	0.0	192884.0625	6	15.743721	313
416292.5625	0.0	0.0	416292.5625	9	15.711875	313
394282.9375	0.0	0.0	394282.9375	9	15.798474	313
1115886.375	0.0	0.0	1115886.375	6	15.684778	313
118921.9921875	0.0	0.0	118921.9921875	7	15.809927	313
2849.04443359375	0.0	0.0	58058.37890625	7	13.175963	313
569044.0	0.0	0.0	569044.0	5	23.478563	313
346432.25	0.0	0.0	346432.25	13	15.75294	313
619724.75	0.0	0.0	619724.75	5	15.700704	313
1281.85888671875	963.39453125	0.0	49968.63671875	9	15.761321	313
229974.15625	0.0	0.0	229974.15625	17	15.89904	313
40444.859375	0.0	0.0	40444.859375	57	13.213396	313
202670.15625	0.0	0.0	202670.15625	11	15.806576	313
569044.0	0.0	0.0	569044.0	5	15.676678	313
57532.85546875	0.0	0.0	57532.85546875	7	13.165908	313
304858.6875	0.0	0.0	304858.6875	6	15.711038	313
42771.8203125	35095.84375	0.0	92823.265625	5	15.7021	313
84053.453125	0.0	0.0	84053.453125	8	23.416269	313
4894.6875	4010.63671875	0.0	61693.2890625	5	15.693999	313
136030.765625	123998.48828125	0.0	181682.125	5	15.669136	313
50535.4921875	41467.375	0.0	99151.9375	5	15.712435	313
1613.5615234375	0.0	0.0	58044.13671875	7	13.168142	313
56745.15625	46563.5546875	0.0	104275.3359375	5	15.767747	313
53788.6328125	44137.17578125	0.0	101921.7109375	5	15.67165	313
58315.56640625	0.0	0.0	58315.56640625	5	13.166187	313
58884.4921875	0.0	0.0	58884.4921875	2	13.19887	313
47487.953125	38966.30078125	0.0	96698.34375	5	15.664946	313
141341.453125	0.0	0.0	141341.453125	13	13.186578	313
61092.20703125	0.0	0.0	61092.20703125	12	13.172331	313
70983.2890625	59528.765625	0.0	117276.078125	5	25.088441	313
4894.6875	4010.63671875	0.0	61693.2890625	5	15.676119	313
82577.265625	0.0	0.0	75841.4453125	5	13.124005	313
160606.28125	0.0	0.0	160606.28125	11	15.74847	313
2051.10400390625	0.0	0.0	50827.35546875	33	13.164789	313
167742.109375	0.0	0.0	167742.109375	11	15.76132	313
15.215530395507812	0.0	0.0	48989.28125	9	13.171772	313
57532.85546875	0.0	0.0	57532.85546875	7	13.210323	313
15.299723625183105	0.0	0.0	58005.3671875	7	13.170934	313
2026.82861328125	0.0	0.0	3401.941650390625	106	13.191327	313
84064.3046875	0.0	0.0	84064.3046875	8	13.177918	313
15.164551734924316	0.0	0.0	5495.076171875	8	13.162555	313
134.76290893554688	0.0	0.0	58032.765625	7	23.142789	313
146.2875213623047	0.0	0.0	58048.78515625	7	13.215352	313
213553.5625	0.0	0.0	213553.5625	66	13.208927	313
61758.23828125	0.0	0.0	61758.23828125	44	13.260606	313
10457.513671875	0.0	0.0	57713.48828125	9	13.208649	313
1221.3570556640625	917.36328125	0.0	49902.69921875	9	15.715788	313
80.57303619384766	0.0	0.0	57987.6640625	7	13.190211	313
303024.9375	0.0	0.0	303024.9375	17	15.818867	313
58243.28515625	0.0	0.0	58243.28515625	9	13.164231	313
84060.6875	0.0	0.0	84060.6875	8	13.251947	313
61943.46484375	50829.73046875	0.0	108582.9296875	5	15.692601	313
1554778.875	0.0	0.0	1554778.875	6	15.670534	313
295059.125	0.0	0.0	295059.125	6	23.930267	313
57532.85546875	0.0	0.0	57532.85546875	7	13.184904	313
61870.4375	0.0	0.0	61870.4375	301	13.28435	313
115.604736328125	0.0	0.0	5595.5166015625	29	13.22038	313
190.0692596435547	0.0	0.0	59361.0	15	13.202781	313
531049.6875	0.0	0.0	531049.6875	12	15.746795	313
42771.8203125	35095.84375	0.0	92823.265625	5	15.656286	313
20983.916015625	17214.83203125	0.0	74912.1171875	5	15.622764	313
3409.509765625	0.0	0.0	3409.509765625	29	13.213118	313
52721.8046875	42884.35546875	0.0	100579.96875	5	15.660476	313
61424.859375	0.0	0.0	61424.859375	61	13.315078	313
84082.5	0.0	0.0	84082.5	8	13.212837	313
70983.2890625	59528.765625	0.0	117276.078125	5	27.472947	313
139263.5625	0.0	0.0	139263.5625	11	15.726681	313
58315.56640625	0.0	0.0	58315.56640625	5	13.145515	313
4842.228515625	0.0	0.0	4842.228515625	4	15.682545	313
540.5344848632812	0.0	3598.217041015625	59378.1796875	5	15.318275	313
45275.41015625	37150.50390625	0.0	94849.1796875	5	15.676678	313
2050.431640625	0.0	0.0	58037.22265625	7	13.206691	313
57532.85546875	0.0	0.0	57532.85546875	7	13.149425	313
38.34988784790039	0.0	0.0	3413.507568359375	16	13.170935	313
68781.828125	57345.69921875	0.0	115029.546875	5	15.74037	313
1349816.375	0.0	0.0	1349816.375	6	15.652655	313
57532.85546875	0.0	0.0	57532.85546875	7	13.21675	313
23602.318359375	0.0	0.0	23602.318359375	15	13.172332	313
953978.3125	0.0	0.0	953978.3125	6	24.302079	313
141714.71875	0.0	0.0	141714.71875	7	13.163953	313
33225.72265625	26965.6171875	0.0	84747.234375	5	15.644275	313
15.163318634033203	7.56396484375	0.0	5299.8623046875	8	15.71048	313
25626.41796875	20795.796875	0.0	78479.1875	5	15.719698	313
6118.93212890625	5015.35546875	0.0	62783.625	5	15.669417	313
141652.125	0.0	0.0	141652.125	7	13.160879	313
307.7642822265625	0.0	0.0	49044.94921875	9	13.176802	313
31.515127182006836	0.0	0.0	57995.609375	7	13.16479	313
329.1854553222656	0.0	0.0	70080.09375	20	13.195797	313
41882.84375	34366.2734375	0.0	92084.0234375	5	15.638968	313
139514.171875	0.0	0.0	139514.171875	49	13.267589	313
72906.4765625	3078.1953125	0.0	72906.4765625	9	17.612834	313
54165.890625	44068.12890625	0.0	101768.21875	5	25.437064	313
57532.85546875	0.0	0.0	57532.85546875	7	13.176802	313
1241.6378173828125	0.0	0.0	1241.6378173828125	5	13.194679	313
261.5480041503906	0.0	0.0	3595.832763671875	13	13.176243	313
32502.48828125	0.0	0.0	32502.48828125	9	13.272618	313
2936.693359375	0.0	0.0	61764.78125	57	13.189931	313
7.599775791168213	0.0	0.0	5292.298828125	8	13.169538	313
6910.7744140625	0.0	0.0	6910.7744140625	4	13.173449	313
11602.3427734375	0.0	0.0	16879.4765625	99	13.193003	313
16547.44140625	0.0	0.0	49074.48828125	8	13.184623	313
40373.859375	0.0	0.0	40373.859375	121	13.279322	313
60715.30859375	0.0	0.0	60715.30859375	23	13.203059	313
2343.891357421875	0.0	0.0	2343.891357421875	8	22.648063	313
20953.07421875	0.0	0.0	54336.49609375	8	13.165628	313
472154.4375	0.0	0.0	472154.4375	12	15.847638	313
50535.4921875	41467.375	0.0	99151.9375	5	15.714669	313
57532.85546875	0.0	0.0	57532.85546875	7	13.151102	313
1103.212646484375	827.46875	0.0	49838.67578125	9	15.752383	313
6709.94873046875	0.0	0.0	64232.125	226	13.266472	313
15536.8388671875	12744.49609375	0.0	70432.203125	5	15.687573	313
132033.59375	0.0	0.0	132033.59375	10	15.743444	313
11579.65625	9496.89453125	0.0	67242.9609375	5	15.688691	313
141450.0625	0.0	0.0	141450.0625	13	13.174008	313
610369.125	0.0	0.0	610369.125	9	15.74931	313
84103.8984375	0.0	0.0	84103.8984375	8	13.179037	313
45.89139175415039	0.0	0.0	57958.12890625	7	14.855678	313
69836.0390625	0.515625	0.0	69836.0390625	20	25.996878	313
217187.171875	0.0	0.0	217187.171875	6	15.676959	313
300307.28125	0.0	0.0	300307.28125	6	15.681427	313
87492.0	75879.55859375	0.0	133574.140625	5	15.675283	313
22.72751808166504	7.56396484375	0.0	5299.8623046875	8	15.746794	313
2272454.75	2269143.1362304688	0.0	2272454.75	2	15.707407	313
1554778.875	0.0	0.0	1554778.875	6	15.675561	313
1684.6302490234375	0.0	0.0	50662.6875	33	13.199429	313
189066.4375	0.0	0.0	189066.4375	10	16.012733	313
22468.974609375	18433.59765625	0.0	76163.5546875	5	15.678355	313
94782.34375	0.0	0.0	144531.28125	271	13.217306	313
108.60169982910156	0.0	0.0	3442.886474609375	25	13.153615	313
989.7535400390625	0.0	0.0	58063.5078125	7	13.225687	313
2797.75732421875	0.0	0.0	61761.9765625	36	22.613984	313
84941.8359375	0.0	0.0	142157.8125	25	13.165907	313
46902.9921875	38486.23828125	0.0	96206.65625	5	15.662711	313
280308.28125	0.0	0.0	280308.28125	17	15.828643	313
8.020956993103027	0.0	0.0	3453.67529296875	6	13.154174	313
193757.546875	0.0	0.0	193757.546875	73	13.239654	313
132.2241973876953	0.0	0.0	58053.21875	7	13.173449	313
57532.85546875	0.0	0.0	57532.85546875	7	13.174567	313
2272454.75	2269143.1362304688	0.0	2272454.75	2	15.640363	313
218470.09375	0.0	0.0	218470.09375	6	15.68925	313
1298.479248046875	976.04296875	0.0	49981.25390625	9	15.701263	313
8.046926498413086	0.0	0.0	3383.20458984375	6	13.192725	313
44.37129592895508	0.0	0.0	58059.99609375	7	13.219542	313
91077.4921875	79403.97265625	0.0	137096.0	5	17.973191	313
299525.25	0.0	137251.6484375	299525.25	17	25.658591	313
1163.033935546875	0.0	0.0	84109.8125	8	13.172332	313
130438.8984375	0.0	0.0	130438.8984375	11	15.725006	313
1817.7847900390625	0.0	0.0	3401.941650390625	106	13.246919	313
57147.20703125	46893.51171875	0.0	104626.609375	5	15.728637	313
310584.25	0.0	0.0	310584.25	16	15.865517	313
30.067785263061523	0.0	0.0	58014.3984375	7	13.17317	313
70241.890625	0.0	0.0	70241.890625	29	13.269825	313
212772.09375	0.0	0.0	212772.09375	24	13.217586	313
60829.45703125	0.0	0.0	60829.45703125	57	13.232671	313
69836.0390625	0.515625	0.0	69836.0390625	24	15.913286	313
64671.9453125	53278.75390625	0.0	111066.1171875	5	15.709641	313
79944.875	9963.9375	0.0	79944.875	20	15.841494	313
1499725.375	1462137.59375	0.0	1546271.625	6	31.392186	313
50283.421875	40888.2734375	0.0	98641.296875	5	15.69763	313
864607.5625	794766.0859375	0.0	864607.5625	6	15.64148	313
64731.9375	0.0	0.0	141377.8125	13	13.234347	313
15.163318634033203	7.56396484375	0.0	5299.8623046875	8	15.733385	313
108.49048614501953	0.0	0.0	57955.9921875	7	13.144117	313
65032.3359375	0.0	0.0	143641.265625	91	13.219263	313
64419.2578125	0.0	0.0	141450.0625	13	13.159482	313
50926.04296875	41787.890625	0.0	99556.046875	5	15.735341	313
4894.6875	4010.63671875	0.0	61693.2890625	5	15.652933	313
33132.9296875	0.0	0.0	33070.8046875	33	13.21619	313
2272454.75	0.0	0.0	2272454.75	2	15.622763	313
89149.8359375	77517.796875	0.0	135265.140625	5	15.67193	313
7.599775791168213	0.0	0.0	5292.298828125	8	13.136017	313
57532.85546875	0.0	0.0	57532.85546875	7	24.967484	313
998911.0625	968393.484375	0.0	1052530.125	6	15.704334	313
46242.2890625	0.0	0.0	46242.2890625	43	13.185183	313
6107.7607421875	0.0	0.0	31347.90234375	6	13.236862	313
32541.62890625	0.0	0.0	31130.40625	5	13.097747	313
1045663.6875	1014485.234375	0.0	1098559.375	6	15.704615	313
1786.007080078125	0.0	0.0	3401.94140625	66	13.200826	313
1694.818115234375	0.0	0.0	3404.377685546875	71	13.180992	313
60217.8359375	49413.52734375	0.0	107186.78125	5	15.711039	313
21342.515625	17509.12890625	0.0	75226.734375	5	15.712714	313
6474.6220703125	0.0	0.0	8298.1552734375	11	13.243008	313
64671.9453125	53278.75390625	0.0	111066.1171875	5	15.673885	313
394282.9375	0.0	0.0	394282.9375	9	15.718302	313
54893.91796875	0.0	0.0	54893.91796875	8	15.707407	313
45796.01171875	0.0	0.0	45796.01171875	11	20.910247	313
63710.77734375	0.0	0.0	80820.59375	33	13.151101	313
34097.53125	27674.90625	0.0	85464.0625	5	15.699305	313
230.16769409179688	0.0	0.0	84162.09375	8	13.178757	313
64014.62890625	52627.27734375	0.0	110319.984375	5	15.654609	313
8856.953125	0.0	0.0	50665.41015625	31	13.20753	313
1229895.375	1196112.3515625	0.0	1280167.125	6	15.676678	313
3155.76318359375	0.0	0.0	58045.55859375	7	13.163672	313
29.398435592651367	0.0	0.0	57999.4375	7	13.178757	313
469991.5	0.0	0.0	469991.5	5	15.680589	313
54029.82421875	44335.125	0.0	102042.984375	5	15.713273	313
1045663.6875	1014485.234375	0.0	1098559.375	6	15.681427	313
4796.18115234375	3929.796875	0.0	61706.00390625	5	15.647905	313
72906.4765625	3078.1953125	0.0	72906.4765625	9	15.731151	313
76930.6171875	7102.2734375	0.0	76930.6171875	10	16.311913	313
136030.765625	123998.48828125	0.0	181682.125	5	26.091016	313
54029.82421875	44335.125	0.0	102042.984375	5	15.683662	313
58900.7734375	0.0	0.0	58900.7734375	5	13.154733	313
151598.0625	0.0	0.0	151598.0625	7	15.677796	313
66562.59375	0.0	0.0	141435.828125	13	13.16116	313
52723.34375	43262.921875	0.0	101037.859375	5	15.643157	313
120037.03125	0.0	0.0	120037.03125	11	15.802944	313
61406.203125	0.0	0.0	61406.203125	1444	13.326532	313
2272454.75	0.0	0.0	2272454.75	2	15.643158	313
4842.228515625	2497.925537109375	0.0	4842.228515625	4	15.668857	313
37366.9140625	30660.11328125	0.0	88381.0859375	5	15.636174	313
2272454.75	0.0	0.0	2272454.75	2	15.670812	313
57143.9140625	46890.80859375	0.0	104592.6640625	5	15.665505	313
235946.8125	216238.6953125	0.0	300307.28125	6	15.745119	313
57532.85546875	0.0	0.0	57532.85546875	7	21.039025	313
60829.5234375	0.0	0.0	60829.5234375	337	13.212558	313
6228.2099609375	0.0	0.0	142181.453125	25	13.153057	313
20.3066463470459	0.0	0.0	58031.18359375	7	13.159203	313
15.163318634033203	7.56396484375	0.0	5299.8623046875	8	15.686455	313
2272454.75	0.0	0.0	2272454.75	2	17.336839	313
144664.8125	0.0	0.0	144664.8125	37	13.212558	313
131.01490783691406	0.0	0.0	58052.34765625	7	13.194681	313
14578.013671875	11947.9453125	0.0	69684.625	5	15.658242	313
658.6840209960938	0.0	0.0	658.6840209960938	3	13.122608	313
60648.546875	0.0	0.0	60648.546875	21	13.202222	313
1174530.375	0.0	0.0	1174530.375	6	15.638128	313
263131.125	0.0	0.0	263131.125	16	15.835626	313
96552.296875	0.0	0.0	96552.296875	24	15.840934	313
61605.83203125	0.0	0.0	61605.83203125	57	13.208926	313
65857.421875	0.0	0.0	65857.421875	501	24.180841	313
2272454.75	0.0	0.0	2272454.75	2	15.642877	313
385.557861328125	0.0	0.0	49017.390625	9	13.146352	313
57532.85546875	0.0	0.0	57532.85546875	7	13.221218	313
2360.941162109375	0.0	0.0	2360.941162109375	12	13.14719	313
60587.8984375	0.0	0.0	60587.8984375	34	13.152778	313
61797.2734375	0.0	0.0	61797.2734375	1855	13.323458	313
198.7631378173828	0.0	0.0	49044.87109375	8	13.166745	313
60654.390625	0.0	0.0	60654.390625	23	13.225967	313
124.94253540039062	0.0	0.0	58030.859375	7	13.153058	313
659013.25	0.0	0.0	659013.25	12	15.754618	313
57532.85546875	0.0	0.0	57532.85546875	7	13.179037	313
65181.80859375	0.0	0.0	65181.80859375	235	13.253903	313
60917.9375	0.0	0.0	60917.9375	64	13.205015	313
45230.94140625	0.0	0.0	45230.94140625	136	13.222336	313
61605.83203125	0.0	0.0	61605.83203125	57	22.646389	313
40814.8828125	33489.81640625	0.0	91218.9375	5	15.638408	313
54165.890625	44068.12890625	0.0	101768.21875	5	15.739532	313
40377.37109375	0.0	0.0	40377.37109375	97	13.213675	313
60785.484375	0.0	0.0	60785.484375	21	13.186579	313
61242.87890625	0.0	0.0	61242.87890625	57	13.230437	313
61107.5078125	0.0	0.0	61107.5078125	56	13.202781	313
60979.99609375	0.0	0.0	60979.99609375	23	13.208367	313
61811.3125	0.0	0.0	61811.3125	283	13.300273	313
60889.66796875	0.0	0.0	60889.66796875	23	13.220379	313
142.48190307617188	0.0	0.0	58015.2578125	7	13.19915	313
22.72751808166504	7.56396484375	0.0	5299.8623046875	8	15.72305	313
15.299723625183105	0.0	0.0	58005.3671875	7	13.132106	313
84423.0859375	0.0	0.0	142063.671875	25	13.206134	313
61640.29296875	0.0	0.0	61640.29296875	61	13.45978	313
61285.03515625	0.0	0.0	61285.03515625	20	14.872717	313
44595.16015625	0.0	0.0	44595.16015625	100	21.975117	313
61707.86328125	0.0	0.0	61707.86328125	52	13.215351	313
57532.85546875	0.0	0.0	57532.85546875	7	13.156409	313
40380.4140625	0.0	0.0	40380.4140625	89	13.235185	313
30.067785263061523	0.0	0.0	58014.3984375	7	13.180712	313
60989.42578125	0.0	0.0	60989.42578125	62	13.234068	313
84114.5078125	0.0	0.0	84114.5078125	8	13.177081	313
51399.85546875	0.0	0.0	51399.85546875	25	13.183506	313
2779.26611328125	0.0	0.0	58038.71484375	7	13.207808	313
76930.6171875	0.0	0.0	76930.6171875	11	15.762159	313
6156.7421875	0.0	0.0	5974.59765625	19	13.13015	313
87828.46875	0.0	0.0	87828.46875	1081	13.262561	313
61485.1328125	0.0	0.0	61485.1328125	62	13.241051	313
84099.1953125	0.0	0.0	84099.1953125	8	13.174567	313
61318.953125	0.0	0.0	61318.953125	57	13.226526	313
60662.33203125	0.0	0.0	60662.33203125	23	21.861984	313
66636.6640625	0.0	0.0	66636.6640625	44	13.238259	313
864607.5625	0.0	0.0	864607.5625	6	15.663549	313
60985.84375	0.0	0.0	60985.84375	23	13.236583	313
78668.578125	0.0	0.0	78668.578125	13	15.750985	313
61400.22265625	0.0	0.0	61400.22265625	40	13.29357	313
86661.390625	0.0	0.0	86661.390625	9	15.763555	313
61772.01171875	0.0	0.0	61772.01171875	77	13.332678	313
61175.8984375	0.0	0.0	61175.8984375	32	13.26284	313
61231.546875	0.0	0.0	61231.546875	38	13.251108	313
61755.0234375	0.0	0.0	61755.0234375	100	13.302229	313
61649.79296875	0.0	0.0	61649.79296875	20	13.222894	313
61085.390625	0.0	0.0	61085.390625	68	13.241052	313
50329.5859375	0.0	0.0	50329.5859375	748	13.334354	313
20425.1484375	0.0	0.0	20425.1484375	5	15.735062	313
74492.90625	0.0	0.0	74492.90625	10	13.882432	313
2753.9365234375	0.0	0.0	57978.82421875	7	22.938306	313
73020.84375	0.0	0.0	73020.84375	9	15.759085	313
2687.930419921875	0.0	0.0	58047.359375	7	13.203898	313
177.20094299316406	0.0	1059506.1948242188	40387.078125	225	18.250025	313
1235.090576171875	0.0	0.0	61911.98828125	1141	13.35279	313
331088.59375	0.0	0.0	331088.59375	11	15.832553	313
1353711.375	6691232.36328125	0.0	1399174.0	11	15.780316	313
2218.319580078125	0.0	0.0	84161.6875	8	13.169818	313
3255.72509765625	0.0	0.0	61065.390625	23	13.261723	313
87.20472717285156	0.0	0.0	58013.48828125	7	13.184343	313
1775.4761962890625	0.0	0.0	40613.5234375	97	13.200545	313
212675.75	0.0	0.0	212675.75	17	13.315637	313
38219.31640625	0.0	0.0	40579.29296875	9	13.168979	313
250.2898712158203	0.0	0.0	61435.03125	67	13.233789	313
57532.85546875	0.0	0.0	57532.85546875	7	13.203619	313
1053.91748046875	0.0	0.0	40377.55078125	121	13.232391	313
11635.0458984375	0.0	0.0	61673.046875	21	21.176184	313
116.28080749511719	0.0	0.0	5596.1923828125	50	13.205016	313
234.221435546875	0.0	0.0	61840.02734375	333	13.363127	313
1421.6265869140625	0.0	0.0	61578.2890625	68	13.247477	313
58590.8203125	240051.171875	0.0	108704.1875	10	15.794564	313
125.77421569824219	0.0	0.0	58009.55078125	7	13.187696	313
31612.474609375	25937.53515625	0.0	83669.984375	5	15.692603	313
158012.546875	139437.7421875	0.0	223511.5625	6	15.693998	313
317.873046875	0.0	0.0	59322.06640625	5	13.159482	313
21.14727020263672	0.0	0.0	57959.9296875	7	13.258092	313
307.61102294921875	0.0	0.0	40380.0390625	145	13.259209	313
2158.05810546875	0.0	0.0	84146.59375	8	13.17317	313
4472.6982421875	0.0	0.0	44609.85546875	37	13.216749	313
152.11917114257812	0.0	0.0	58059.078125	7	13.162555	313
212190.828125	0.0	0.0	212190.828125	15	15.869428	313
3464.451904296875	0.0	0.0	3464.451904296875	21	13.888019	313
465.0903015136719	0.0	0.0	60952.58203125	25	30.056628	313
25976.3828125	0.0	0.0	61015.22265625	10	13.191886	313
70245.3515625	0.0	0.0	70245.3515625	14	13.221777	313
212902.5625	0.0	0.0	212902.5625	63	13.236861	313
202.65875244140625	0.0	0.0	60979.99609375	23	13.240492	313
359424.46875	0.0	0.0	359424.46875	14	15.913006	313
161.86221313476562	0.0	0.0	40371.89453125	105	13.226525	313
5589.98583984375	0.0	0.0	52922.03515625	8	13.265634	313
561.106201171875	0.0	0.0	61811.3125	283	13.280439	313
1435.422607421875	0.0	0.0	16879.4765625	99	13.223732	313
688.293212890625	0.0	0.0	40431.93359375	289	13.261723	313
22875.1640625	0.0	0.0	61560.9453125	34	13.282115	313
11816.365234375	0.0	0.0	61285.03515625	20	13.253341	313
57532.85546875	0.0	0.0	57532.85546875	7	13.225408	313
250.4225311279297	0.0	0.0	4318.2314453125	17	13.242448	313
11831.7177734375	0.0	0.0	61397.609375	19	13.251945	313
1053.91748046875	0.0	0.0	40377.55078125	121	21.20328	313
165.60984802246094	0.0	0.0	60896.88671875	21	13.278762	313
1022.4675903320312	0.0	0.0	1022.4675903320312	7	13.160599	313
3409.509765625	0.0	0.0	3409.509765625	29	13.21591	313
194205.265625	911109.82421875	0.0	242706.109375	12	15.818309	313
7944.80322265625	0.0	0.0	61029.359375	21	13.282115	313
7042.701171875	0.0	0.0	45721.69140625	163	13.257534	313
24664.166015625	0.0	0.0	61613.734375	56	13.240493	313
142.39434814453125	0.0	0.0	58048.06640625	7	13.189372	313
680.6237182617188	0.0	0.0	61441.03125	63	13.245801	313
273687.53125	0.0	0.0	273687.53125	12	15.762718	313
2358.603515625	0.0	0.0	84105.6953125	8	13.152778	313
57532.85546875	0.0	0.0	57532.85546875	7	13.234348	313
96312.046875	0.0	0.0	96312.046875	13	15.783669	313
129824.5234375	234454.25	0.0	166236.3125	4	15.701262	313
43.02994155883789	0.0	0.0	57957.2421875	7	13.187696	313
730.4445190429688	0.0	0.0	2349.03369140625	12	14.822436	313
57532.85546875	0.0	0.0	57532.85546875	7	22.787458	313
4438.58642578125	0.0	0.0	44595.16015625	100	13.234347	313
7968.85546875	0.0	0.0	60633.3046875	25	13.316475	313
746.9580688476562	0.0	0.0	61049.484375	21	13.241051	313
23811.330078125	0.0	0.0	60989.42578125	62	13.264795	313
65339.12890625	0.0	0.0	141415.28125	13	13.560904	313
21735.615234375	0.0	0.0	60987.95703125	62	13.226246	313
84666.4140625	365438.125	0.0	134074.96875	11	15.79177	313
14138.1259765625	0.0	0.0	61578.5703125	64	13.264237	313
57532.85546875	0.0	0.0	57532.85546875	7	13.228201	313
22845.6640625	0.0	0.0	22845.6640625	17	13.197473	313
3811.81689453125	0.0	0.0	58021.7734375	7	13.22904	313
3435.381103515625	0.0	0.0	61127.6953125	1524	13.352511	313
61630.1484375	0.0	65000.05187988281	61630.1484375	56	17.630431	313
213703.875	0.0	0.0	213703.875	32	13.244124	313
71341.390625	119767.8359375	0.0	117599.515625	5	15.746794	313
1342.7548828125	0.0	0.0	142155.25	25	21.304962	313
1958.039794921875	0.0	0.0	84076.7421875	8	13.166185	313
50535.4921875	82934.75	0.0	99151.9375	5	15.708803	313
50.34839630126953	0.0	0.0	50.34839630126953	4	13.179315	313
7.9542717933654785	0.0	0.0	3508.567626953125	6	13.161996	313
23478.798828125	0.0	0.0	57532.85546875	7	13.205855	313
38496.23046875	0.0	0.0	40629.421875	9	13.192446	313
317.5810546875	0.0	0.0	59362.5703125	5	13.220101	313
57905.796875	0.0	0.0	141319.390625	13	13.209486	313
61707.86328125	0.0	0.0	61707.86328125	52	13.237699	313
5394.1650390625	0.0	0.0	40403.66015625	33	13.208647	313
5642.92626953125	0.0	0.0	61579.09375	63	13.245802	313
2753.9365234375	0.0	0.0	57978.82421875	7	13.180712	313
2372.7021484375	0.0	0.0	61810.8984375	509	13.297759	313
15.165003776550293	0.0	0.0	5630.2607421875	8	13.25055	313
61514.32421875	0.0	0.0	61514.32421875	61	13.263679	313
281.86419677734375	0.0	0.0	40372.13671875	41	13.217028	313
23478.798828125	0.0	0.0	57532.85546875	7	25.142076	313
634.7513427734375	0.0	0.0	61392.79296875	786	13.28016	313
74197.3828125	0.0	0.0	74197.3828125	12	13.217028	313
50985.0390625	0.0	0.0	60748.87109375	23	13.25474	313
45.46919631958008	0.0	0.0	3409.51171875	41	13.258091	313
785.9171142578125	0.0	0.0	44554.265625	210	13.278205	313
31875.837890625	0.0	0.0	61062.19140625	56	13.246918	313
70807.7890625	0.0	0.0	70807.7890625	39	13.22876	313
101234.390625	81088.734375	0.0	101234.390625	10	16.069161	313
60986.234375	0.0	0.0	60986.234375	23	13.236302	313
115151.546875	0.0	0.0	193757.546875	73	13.207251	313
389.0080261230469	0.0	0.0	84163.09375	8	13.249712	313
710.4383544921875	0.0	0.0	40655.0234375	73	13.18602	313
229360.78125	0.0	0.0	229360.78125	17	15.84736	313
2518.43359375	0.0	0.0	58062.4609375	7	13.20306	313
51177.1796875	0.0	0.0	60941.01171875	23	13.246358	313
51092.78515625	0.0	0.0	60849.05078125	21	13.272059	313
163979.328125	304190.109375	0.0	213004.109375	12	15.775008	313
61850.859375	0.0	0.0	61850.859375	53	22.852266	313
239.07142639160156	0.0	0.0	4318.47607421875	29	13.220659	313
11700.9599609375	0.0	0.0	61615.5078125	75	13.29273	313
2002.9453125	0.0	0.0	23602.318359375	15	13.227363	313
198.39169311523438	0.0	0.0	84108.5625	8	13.230435	313
71037.0546875	0.0	0.0	71037.0546875	20	13.23323	313
112548.8125	103589.1171875	0.0	112548.8125	11	15.862725	313
26016.53515625	0.0	0.0	61117.4453125	63	13.270104	313
73359.9609375	0.0	0.0	155402.21875	27	13.163114	313
107730.1796875	94067.8671875	0.0	107730.1796875	11	15.754897	313
621577.25	0.0	0.0	621577.25	12	15.742605	313
10742.0517578125	0.0	0.0	61115.44921875	40	13.156689	313
1286.8865966796875	0.0	0.0	1286.8865966796875	3	13.120653	313
58316.4765625	0.0	0.0	58316.4765625	5	13.126799	313
32686.544921875	0.0	0.0	61900.1484375	124	13.255858	313
272248.78125	520039.2109375	0.0	320798.8125	12	15.700143	313
4443.43212890625	0.0	0.0	63742.39453125	51	13.162276	313
61507.9453125	0.0	0.0	61507.9453125	61	25.142634	313
166378.4375	210835.5625	0.0	166378.4375	10	15.743444	313
38219.31640625	0.0	0.0	40579.29296875	9	13.119256	313
63547.31640625	105027.8671875	0.0	113273.015625	12	15.811324	313
169226.5625	216774.0078125	0.0	169226.5625	10	15.701819	313
11694.0927734375	0.0	0.0	60731.71484375	53	13.223174	313
29673.529296875	0.0	0.0	61750.671875	62	13.207809	313
51106.6953125	0.0	0.0	60862.9609375	21	13.184623	313
375367.8125	0.0	0.0	375367.8125	5	15.774171	313
476.0697326660156	0.0	0.0	60678.64453125	25	13.191886	313
7042.701171875	0.0	0.0	45721.69140625	163	13.195797	313
61744.7578125	0.0	0.0	61744.7578125	56	13.246638	313
65339.12890625	0.0	0.0	141415.28125	13	13.122329	313
21671.97265625	35809.9453125	0.0	78786.5390625	12	15.751265	313
179886.828125	335909.4296875	0.0	228708.53125	12	15.72724	313
51221.625	0.0	0.0	60985.45703125	23	13.217866	313
364.9363098144531	0.0	0.0	60604.69140625	25	13.190769	313
32226.2734375	0.0	0.0	61323.36328125	61	13.197473	313
31875.837890625	0.0	0.0	61062.19140625	56	22.611189	313
774.9769287109375	0.0	0.0	61753.1875	56	13.162555	313
137734.375	76954.8203125	0.0	137734.375	11	16.28314	313
40376.6953125	0.0	0.0	40376.6953125	121	13.224012	313
196812.140625	136147.734375	0.0	196812.140625	11	15.731151	313
101945.515625	41250.6640625	0.0	101945.515625	11	15.712437	313
158841.78125	98297.7734375	0.0	158841.78125	10	15.730314	313
123878.140625	63155.5625	0.0	123878.140625	11	15.739812	313
5753.80224609375	0.0	0.0	7388.8349609375	9	13.115904	313
77220.71875	0.0	0.0	77220.71875	13	15.744282	313
103370.484375	42703.52734375	0.0	103370.484375	11	15.803782	313
50195.65625	82376.9609375	0.0	98941.140625	5	15.647626	313
73020.84375	0.0	0.0	73020.84375	8	15.73618	313
60795.73828125	0.0	0.0	60795.73828125	10	13.139648	313
12361.5166015625	0.0	0.0	60925.13671875	106	13.193283	313
25495.140625	0.0	0.0	61771.5703125	206	13.230158	313
1388400.75	1327652.15234375	0.0	1388400.75	11	15.726122	313
517.18896484375	0.0	0.0	2181.452880859375	49	14.168205	313
90178.6796875	78573.9375	0.0	139432.890625	12	26.844136	313
76168.984375	0.0	0.0	76168.984375	7	15.73618	313
21337.154296875	0.0	0.0	61703.359375	731	13.260047	313
40371.81640625	0.0	0.0	40371.81640625	105	13.304464	313
9825.982421875	0.0	0.0	61435.03125	67	13.207809	313
143586.890625	82950.6796875	0.0	143586.890625	11	15.702657	313
1271.7750244140625	0.0	0.0	1271.7750244140625	3	13.29301	313
8.814746856689453	0.0	0.0	3420.927978515625	6	13.139928	313
155844.546875	95294.28125	0.0	155844.546875	11	15.839538	313
213353.75	0.0	0.0	213353.75	94	13.326251	313
168779.578125	108058.546875	0.0	168779.578125	11	15.801826	313
40276.484375	0.0	0.0	40276.484375	33	13.201663	313
60987.84765625	0.0	0.0	60987.84765625	23	13.281556	313
538107.5625	0.0	0.0	538107.5625	9	15.770818	313
25795.892578125	0.0	0.0	61278.4140625	667	13.236581	313
178465.8125	117472.4921875	0.0	178465.8125	10	15.831437	313
8980.814453125	0.0	0.0	60910.77734375	25	13.219262	313
40379.60546875	0.0	0.0	40379.60546875	57	13.18993	313
195910.21875	135274.18359375	0.0	195910.21875	10	25.282026	313
76168.984375	0.0	0.0	76168.984375	7	15.664108	313
26083.931640625	0.0	0.0	66450.1328125	41	13.208649	313
162838.375	102349.5234375	0.0	162838.375	11	15.773332	313
157.60838317871094	0.0	0.0	84058.7734375	8	13.161439	313
28788.849609375	0.0	0.0	61271.48046875	33	13.359774	313
60965.24609375	0.0	0.0	60965.24609375	10	13.149147	313
9424.0849609375	7777.94921875	0.0	68787.8984375	25	15.963569	313
60917.97265625	0.0	0.0	60917.97265625	23	13.210603	313
29900.765625	0.0	0.0	61454.01953125	63	13.358099	313
103964.5546875	42943.4453125	0.0	103964.5546875	10	15.891776	313
103322.953125	42689.421875	0.0	103322.953125	11	15.746795	313
70242.8359375	0.0	0.0	70242.8359375	29	13.313402	313
364.9363098144531	0.0	0.0	60604.69140625	25	13.212278	313
61544.41015625	0.0	0.0	61544.41015625	61	13.284351	313
166445.84375	105869.1640625	0.0	166445.84375	10	15.750984	313
192625.15625	132019.3359375	0.0	192625.15625	10	15.754616	313
23478.798828125	0.0	0.0	57532.85546875	7	13.224849	313
60828.671875	0.0	0.0	60828.671875	21	25.192358	313
60896.84765625	0.0	0.0	60896.84765625	596	13.255856	313
12306.2373046875	0.0	0.0	61388.015625	61	13.211719	313
22913.990234375	0.0	0.0	62173.3828125	2365	13.36592	313
151906.5	91121.828125	0.0	151906.5	10	15.749308	313
200929.625	140379.1328125	0.0	200929.625	11	15.829482	313
522.7669067382812	0.0	0.0	1888.5833740234375	29	13.189651	313
122201.671875	61712.79296875	0.0	122201.671875	10	15.723609	313
76168.984375	0.0	0.0	76168.984375	7	15.6926	313
27502.0	0.0	0.0	61469.08984375	20	13.218704	313
322851.03125	0.0	0.0	322851.03125	10	15.729754	313
122324.71875	61456.8515625	0.0	122324.71875	11	15.747353	313
162756.078125	101733.21484375	0.0	162756.078125	11	15.863281	313
97846.96875	37365.23828125	0.0	97846.96875	10	15.746516	313
49632.0390625	0.0	0.0	81887.140625	676	13.233229	313
25780.099609375	0.0	0.0	61364.515625	62	13.268986	313
178902.5625	118328.26171875	0.0	178902.5625	11	15.73143	313
61753.5	0.0	0.0	61753.5	433	13.273178	313
11853.623046875	0.0	0.0	61564.015625	48	13.298318	313
1182.3294677734375	0.0	0.0	1182.3294677734375	2	25.104364	313
70232.046875	0.0	0.0	70232.046875	20	13.202503	313
40380.8359375	0.0	0.0	40380.8359375	73	13.191887	313
116494.3515625	104785.67578125	0.0	165296.796875	12	15.762439	313
138412.140625	0.0	303074.4207763672	138412.140625	11	18.334667	313
143667.71875	0.0	0.0	143667.71875	10	15.747912	313
181734.578125	0.0	0.0	181734.578125	11	15.819705	313
40371.86328125	0.0	0.0	40371.86328125	89	13.206134	313
64314.75	0.0	0.0	141447.546875	13	13.174008	313
1293499.875	0.0	0.0	1293499.875	10	15.758528	313
60653.56640625	0.0	0.0	60653.56640625	21	13.208926	313
294003.8125	0.0	0.0	294003.8125	12	15.861327	313
40372.77734375	0.0	0.0	40372.77734375	105	13.227643	313
156080.59375	0.0	0.0	156080.59375	10	15.765511	313
60868.3828125	0.0	0.0	60868.3828125	23	13.238258	313
7716.13525390625	19021.96875	0.0	76168.984375	7	15.744839	313
182763.59375	0.0	0.0	182763.59375	10	15.99653	313
153091.5	0.0	0.0	153091.5	11	15.806855	313
166930.125	0.0	0.0	166930.125	11	16.877032	313
103964.5546875	0.0	0.0	103964.5546875	10	26.644682	313
61581.67578125	0.0	0.0	61581.67578125	30	13.206971	313
61371.90625	0.0	0.0	61371.90625	64	13.232672	313
538107.5625	0.0	0.0	538107.5625	9	15.729754	313
1335243.0	0.0	0.0	1335243.0	11	15.743722	313
61662.27734375	0.0	0.0	61662.27734375	109	13.26284	313
60985.45703125	0.0	0.0	60985.45703125	23	13.291613	313
148375.84375	0.0	0.0	148375.84375	10	15.787579	313
146320.640625	0.0	0.0	146320.640625	11	15.704334	313
40608.63671875	0.0	0.0	40608.63671875	25	13.196355	313
42467.59765625	69692.3515625	0.0	92622.921875	5	15.660757	313
40959.46484375	0.0	0.0	44851.171875	64	13.241611	313
35295.66015625	57920.546875	0.0	86714.7890625	5	15.691205	313
132033.59375	0.0	0.0	132033.59375	10	15.78758	313
61454.01953125	0.0	0.0	61454.01953125	63	13.213676	313
173353.8125	0.0	0.0	173353.8125	11	15.74903	313
61100.8203125	0.0	0.0	61100.8203125	462	13.262002	313
49018.18359375	0.0	0.0	49018.18359375	8	13.192725	313
139991.46875	0.0	0.0	139991.46875	11	15.742605	313
61494.21875	0.0	0.0	61494.21875	155	22.663708	313
61318.953125	0.0	0.0	61318.953125	57	13.272897	313
107532.171875	0.0	0.0	107532.171875	11	15.743721	313
40420.44140625	0.0	0.0	40420.44140625	33	13.202223	313
61639.40234375	0.0	0.0	61639.40234375	59	13.247197	313
104951.8125	0.0	0.0	104951.8125	11	15.804899	313
112548.8125	0.0	0.0	112548.8125	11	15.749029	313
906.7766723632812	0.0	0.0	86477.2265625	31	13.249991	313
40432.9453125	0.0	0.0	40432.9453125	98	13.209485	313
192130.5625	0.0	0.0	192130.5625	12	15.722771	313
61606.62109375	0.0	0.0	61606.62109375	62	13.244683	313
60900.578125	0.0	0.0	60900.578125	23	13.267589	313
60770.40234375	0.0	0.0	60770.40234375	21	13.217027	313
896.1815185546875	0.0	0.0	2251.938720703125	5	13.540791	313
478865.5625	0.0	0.0	478865.5625	12	15.752381	313
38117.41015625	0.0	0.0	71037.0546875	20	13.272338	313
107046.8671875	0.0	0.0	107046.8671875	11	15.747353	313
180508.25	0.0	0.0	180508.25	10	15.766628	313
61792.99609375	0.0	0.0	61792.99609375	67	13.285467	313
178831.59375	0.0	0.0	178831.59375	10	27.595021	313
40278.63671875	0.0	0.0	40278.63671875	41	13.218982	313
164468.890625	0.0	0.0	164468.890625	10	15.75741	313
144907.859375	0.0	0.0	144907.859375	11	15.730313	313
61056.09765625	0.0	0.0	61056.09765625	63	13.220938	313
157533.859375	0.0	0.0	157533.859375	11	15.768304	313
61753.15625	0.0	0.0	61753.15625	61	13.228481	313
1261.2021484375	0.0	0.0	1261.2021484375	3	13.145515	313
176361.0	0.0	0.0	176361.0	11	15.777245	313
366821.09375	0.0	0.0	366821.09375	12	15.760483	313
40579.29296875	0.0	0.0	40579.29296875	9	13.158923	313
122201.671875	0.0	0.0	122201.671875	10	15.739533	313
101234.390625	0.0	0.0	101234.390625	10	15.790653	313
60993.6875	0.0	0.0	60993.6875	64	13.211999	313
61639.40234375	0.0	0.0	61639.40234375	59	13.232112	313
167316.625	0.0	0.0	167316.625	10	15.819146	313
61389.1484375	0.0	0.0	61389.1484375	61	13.204178	313
16.166170120239258	1.546875	0.0	69836.0390625	20	15.85183	313
213755.40625	0.0	0.0	213755.40625	27	13.256415	313
71524.7890625	120131.5859375	0.0	117783.0625	5	15.692323	313
60970.375	0.0	0.0	60970.375	21	22.6584	313
23.731901168823242	0.0	0.0	3475.433349609375	21	13.157806	313
205128.25	0.0	49493.7109375	205128.25	12	16.938211	313
151906.5	0.0	0.0	151906.5	10	15.710479	313
99699.703125	0.0	0.0	99699.703125	10	15.752941	313
61779.04296875	0.0	0.0	61779.04296875	505	13.331001	313
40377.37109375	0.0	0.0	40377.37109375	97	13.220938	313
40384.5703125	0.0	0.0	40384.5703125	25	13.182109	313
213667.5625	0.0	0.0	213667.5625	109	13.220938	313
41634.1015625	0.0	0.0	41634.1015625	161	13.293011	313
213147.296875	0.0	0.0	213147.296875	56	13.204456	313
61863.3671875	0.0	0.0	61863.3671875	47	13.259767	313
142396.125	0.0	0.0	142396.125	10	15.805179	313
129318.7109375	0.0	0.0	129318.7109375	11	15.760483	313
60925.13671875	0.0	0.0	60925.13671875	106	13.236861	313
208278.421875	0.0	0.0	208278.421875	10	15.71383	313
143297.359375	0.0	0.0	143297.359375	10	15.814396	313
60578.0078125	0.0	0.0	60578.0078125	63	13.243285	313
45796.01171875	0.0	0.0	45796.01171875	11	13.209764	313
163272.390625	0.0	0.0	163272.390625	11	27.690279	313
199045.140625	0.0	0.0	199045.140625	11	15.78311	313
1348674.125	0.0	0.0	1348674.125	10	15.837304	313
61195.0	0.0	0.0	61195.0	666	13.287982	313
61394.00390625	0.0	0.0	61394.00390625	61	13.227364	313
123991.6796875	0.0	0.0	123991.6796875	11	15.781993	313
169084.765625	0.0	0.0	169084.765625	10	15.705172	313
171368.21875	0.0	0.0	171368.21875	10	15.778083	313
1388400.75	0.0	0.0	1388400.75	11	15.806297	313
157279.59375	0.0	0.0	157279.59375	11	15.766069	313
60694.046875	0.0	0.0	60694.046875	23	13.24133	313
1364600.875	0.0	0.0	1364600.875	10	15.761321	313
26896.259765625	66352.59375	0.0	91990.875	21	15.888424	313
1378294.375	0.0	0.0	1378294.375	11	15.745118	313
72210.1171875	7145.5546875	0.0	72210.1171875	18	15.847919	313
166989.03125	0.0	0.0	166989.03125	10	15.765231	313
1607.1802978515625	2560.59228515625	0.0	3064.99951171875	5	15.730592	313
157076.71875	0.0	0.0	157076.71875	11	15.727799	313
179750.0625	0.0	0.0	179750.0625	11	15.745957	313
60816.609375	0.0	0.0	60816.609375	3	13.16004	313
164308.34375	0.0	0.0	164308.34375	11	25.208001	313
159619.15625	0.0	0.0	159619.15625	10	15.721374	313
7716.13525390625	19021.96875	0.0	76168.984375	7	15.725564	313
19116.4765625	47154.46875	0.0	85612.953125	20	15.82138	313
57820.46484375	0.0	0.0	141303.578125	13	13.145235	313
271.997314453125	407.856689453125	0.0	1987.5159912109375	5	15.71914	313
1335243.0	0.0	0.0	1335243.0	11	15.733385	313
115720.8984375	0.0	0.0	115720.8984375	11	15.745397	313
148375.84375	0.0	0.0	148375.84375	10	15.79987	313
72906.4765625	9234.5859375	0.0	72906.4765625	9	15.738972	313
237440.875	669372.4453125	0.0	292956.09375	9	15.68841	313
157279.59375	0.0	0.0	157279.59375	11	15.749867	313
78668.578125	26520.609375	0.0	78668.578125	13	15.79177	313
45571.66796875	0.0	0.0	45571.66796875	6	13.144119	313
72906.4765625	9234.5859375	0.0	72906.4765625	9	15.735341	313
695106.0625	0.0	0.0	695106.0625	5	15.716068	313
30114.52734375	73326.3046875	0.0	94384.0	23	15.859652	313
184205.40625	0.0	0.0	184205.40625	11	15.684221	313
21986.9296875	0.0	0.0	23737.2578125	33	13.188814	313
6686.3017578125	0.0	0.0	131783.078125	25	13.176522	313
73020.84375	9577.6875	0.0	73020.84375	8	18.171808	313
359204.75	0.0	0.0	359204.75	12	25.298788	313
1577.671630859375	2517.1591796875	0.0	3043.034912109375	5	15.735342	313
194968.875	0.0	0.0	194968.875	11	15.716345	313
25900.4609375	63311.296875	0.0	90961.796875	24	15.843449	313
244454.59375	523870.359375	0.0	244454.59375	6	15.660476	313
169226.5625	0.0	0.0	169226.5625	10	15.709084	313
7716.13525390625	19021.96875	0.0	76168.984375	6	15.705731	313
76930.6171875	21306.8203125	0.0	76930.6171875	12	15.719977	313
167742.109375	0.0	0.0	167742.109375	11	15.717743	313
116336.3828125	0.0	0.0	116336.3828125	11	16.001	313
21.837495803833008	0.0	0.0	57987.74609375	7	13.134342	313
214255.78125	0.0	0.0	214255.78125	67	13.257253	313
196808.234375	0.0	0.0	196808.234375	11	15.769422	313
123450.40625	0.0	0.0	123450.40625	11	15.776126	313
387123.90625	951871.171875	0.0	387123.90625	6	15.654052	313
145893.140625	0.0	0.0	145893.140625	11	15.737575	313
70561.734375	59090.28125	0.0	116858.9609375	5	15.683942	313
76168.984375	0.0	47389.77734375	76168.984375	7	17.825136	313
242706.109375	0.0	0.0	242706.109375	12	15.743442	313
76930.6171875	0.0	0.0	76930.6171875	12	15.760202	313
157076.71875	0.0	0.0	157076.71875	11	25.197105	313
81119.7578125	0.0	0.0	81119.7578125	23	15.838419	313
213088.71875	0.0	0.0	213088.71875	60	13.174847	313
157636.515625	0.0	0.0	157636.515625	10	15.730035	313
79944.875	0.0	0.0	79944.875	20	15.7873	313
137714.0625	0.0	0.0	137714.0625	11	15.758808	313
144180.59375	0.0	0.0	144180.59375	11	15.719141	313
171368.21875	0.0	0.0	171368.21875	10	15.676679	313
84233.03125	0.0	0.0	84233.03125	15	15.784228	313
76168.984375	0.0	0.0	76168.984375	7	15.722771	313
73020.84375	0.0	0.0	73020.84375	9	15.699307	313
73020.84375	0.0	0.0	73020.84375	7	15.776405	313
72906.4765625	0.0	0.0	72906.4765625	9	15.716905	313
76168.984375	0.0	0.0	76168.984375	6	15.691206	313
29367.783203125	23828.78515625	0.0	81522.140625	5	15.641481	313
78668.578125	0.0	0.0	78668.578125	12	15.780316	313
448836.25	0.0	0.0	448836.25	6	15.66746	313
60816.609375	0.0	0.0	60816.609375	3	13.177361	313
1313799.0	0.0	0.0	1313799.0	11	15.717743	313
77220.71875	0.0	0.0	77220.71875	13	15.768305	313
70831.3046875	0.0	0.0	70831.3046875	14	15.329171	313
131518.75	0.0	0.0	131518.75	10	25.556067	313
76930.6171875	0.0	0.0	76930.6171875	11	15.689807	313
174692.0	0.0	0.0	174692.0	11	15.787579	313
76930.6171875	0.0	0.0	76930.6171875	11	15.740649	313
20800.8828125	16743.2890625	0.0	62132.8359375	6	15.69735	313
150215.921875	0.0	0.0	150215.921875	10	15.745119	313
112174.46875	0.0	0.0	112174.46875	11	15.749029	313
76679.2109375	0.0	0.0	76679.2109375	21	15.82557	313
106815.4609375	0.0	0.0	106815.4609375	11	15.744279	313
76168.984375	0.0	0.0	76168.984375	6	15.716346	313
213580.46875	0.0	0.0	213580.46875	11	15.71858	313
15.659419059753418	0.0	0.0	3454.3876953125	26	13.143558	313
179051.4375	0.0	0.0	179051.4375	11	15.745398	313
169786.40625	0.0	0.0	169786.40625	11	15.7616	313
73020.84375	0.0	0.0	73020.84375	7	15.690089	313
76930.6171875	0.0	0.0	76930.6171875	10	15.76188	313
98344.3359375	0.0	0.0	98344.3359375	9	15.740929	313
212729.3125	0.0	0.0	212729.3125	10	15.721374	313
591.335693359375	0.0	0.0	49019.9140625	8	13.170098	313
144819.5	0.0	0.0	144819.5	12	15.738415	313
92202.8125	0.0	0.0	92202.8125	8	25.12783	313
73020.84375	0.0	0.0	73020.84375	9	15.71858	313
92345.03125	0.0	0.0	92345.03125	12	15.730872	313
103370.484375	0.0	0.0	103370.484375	11	15.766071	313
169084.765625	0.0	0.0	169084.765625	10	15.706848	313
61788.4765625	0.0	0.0	61788.4765625	61	13.209485	313
115295.21875	0.0	0.0	115295.21875	11	15.763277	313
72906.4765625	0.0	0.0	72906.4765625	9	15.728358	313
60979.99609375	0.0	0.0	60979.99609375	23	13.208647	313
611057.3125	0.0	0.0	611057.3125	5	15.654609	313
61570.6796875	0.0	0.0	61570.6796875	70	13.198591	313
116631.921875	0.0	0.0	116631.921875	10	15.764951	313
289220.3125	0.0	0.0	289220.3125	10	15.761321	313
284717.21875	0.0	0.0	284717.21875	12	15.762438	313
130438.8984375	0.0	0.0	130438.8984375	11	15.830878	313
78668.578125	0.0	0.0	78668.578125	14	15.878367	313
76168.984375	0.0	0.0	76168.984375	7	15.665504	313
77220.71875	0.0	0.0	77220.71875	11	15.747912	313
349140.09375	0.0	0.0	349140.09375	15	15.787858	313
230.16769409179688	0.0	0.0	84162.09375	8	13.180992	313
57.73512649536133	0.0	0.0	57978.98046875	7	13.146073	313
86000.9375	0.0	0.0	86000.9375	12	18.253375	313
359423.875	0.0	0.0	359423.875	12	25.247946	313
44595.55078125	37774.029296875	0.0	70278.25	6	15.673326	313
258632.109375	0.0	0.0	258632.109375	12	15.76216	313
73020.84375	0.0	0.0	73020.84375	9	15.710201	313
116631.0	0.0	0.0	116631.0	11	15.747634	313
118923.984375	0.0	0.0	118923.984375	10	15.755734	313
116607.53125	0.0	0.0	116607.53125	11	15.74484	313
1352648.875	0.0	0.0	1352648.875	10	15.712714	313
77220.71875	0.0	0.0	77220.71875	13	15.73199	313
125848.953125	0.0	71938.703125	125848.953125	11	16.317223	313
186100.78125	0.0	0.0	186100.78125	11	15.699026	313
1333865.75	0.0	0.0	1333865.75	11	15.849595	313
186931.296875	0.0	0.0	186931.296875	11	15.716904	313
104090.78125	34258.0234375	0.0	104090.78125	8	15.709083	313
157636.515625	0.0	0.0	157636.515625	10	15.733666	313
91342.3828125	21301.671875	0.0	91342.3828125	21	15.828084	313
76168.984375	6340.65625	0.0	76168.984375	7	15.71048	313
138704.9375	0.0	0.0	138704.9375	12	15.806295	313
108.65350341796875	0.0	0.0	108.65350341796875	2	15.643437	313
57141.85546875	46501.09375	0.0	104197.671875	5	15.692601	313
78668.578125	8840.203125	0.0	78668.578125	13	15.788976	313
85416.6796875	15575.453125	0.0	85416.6796875	23	27.341653	313
22.72751808166504	7.56396484375	0.0	5299.8623046875	8	15.714949	313
72906.4765625	3078.1953125	0.0	72906.4765625	9	15.771657	313
208469.375	0.0	0.0	208469.375	12	16.135366	313
64671.9453125	53278.75390625	0.0	111066.1171875	5	15.694277	313
8994.703125	7392.3671875	0.0	77220.71875	12	15.753778	313
738.0513305664062	0.0	0.0	738.0513305664062	3	13.133781	313
132548.25	0.0	0.0	132548.25	10	15.687572	313
9000.033203125	7392.3671875	0.0	77220.71875	13	15.748191	313
1308428.25	0.0	0.0	1308428.25	11	15.819983	313
281872.125	212040.3671875	0.0	281872.125	6	15.594829	313
8994.703125	7392.3671875	0.0	77220.71875	12	15.763556	313
151906.5	0.0	0.0	151906.5	10	15.72361	313
133799.515625	0.0	0.0	133799.515625	11	15.738135	313
76930.6171875	7102.2734375	0.0	76930.6171875	10	15.841495	313
88420.6875	18478.7890625	0.0	88420.6875	20	15.789814	313
76930.6171875	7102.2734375	0.0	76930.6171875	10	15.68478	313
212353.28125	0.0	0.0	212353.28125	24	13.201384	313
109429.390625	0.0	0.0	109429.390625	11	15.744002	313
76168.984375	6340.65625	0.0	76168.984375	7	15.676399	313
109429.390625	0.0	0.0	109429.390625	11	15.737857	313
131459.65625	0.0	0.0	131459.65625	11	26.100236	313
212729.3125	0.0	0.0	212729.3125	10	15.719139	313
166378.4375	0.0	0.0	166378.4375	10	15.790653	313
61454.43359375	0.0	0.0	61454.43359375	252	13.263958	313
40372.77734375	0.0	0.0	40372.77734375	105	13.211161	313
112333.6015625	0.0	0.0	112333.6015625	11	15.772215	313
70616.1640625	0.0	0.0	70616.1640625	12	13.236303	313
175048.34375	0.0	0.0	175048.34375	11	15.745119	313
76930.6171875	7102.2734375	0.0	76930.6171875	11	15.69735	313
144014.9375	0.0	0.0	144014.9375	11	15.862444	313
30.288959503173828	7.578125	0.0	45388.15234375	6	15.875852	313
76168.984375	6340.65625	0.0	76168.984375	7	15.727241	313
76168.984375	6340.65625	0.0	76168.984375	7	15.768304	313
244454.59375	174623.453125	0.0	244454.59375	6	15.676678	313
197164.203125	0.0	0.0	197164.203125	11	15.718859	313
76168.984375	6340.65625	0.0	76168.984375	7	15.727519	313
76168.984375	6340.65625	0.0	76168.984375	7	15.734783	313
1120752.0	1050906.25	0.0	1120752.0	6	15.69735	313
162473.359375	0.0	0.0	162473.359375	11	15.737296	313
76930.6171875	7102.2734375	0.0	76930.6171875	10	15.747632	313
186100.78125	0.0	0.0	186100.78125	11	15.697908	313
196117.6875	0.0	0.0	196117.6875	11	15.712713	313
145893.140625	0.0	0.0	145893.140625	11	24.392588	313
146703.03125	0.0	0.0	146703.03125	10	15.810487	313
135489.625	0.0	0.0	135489.625	10	15.712156	313
78668.578125	8840.203125	0.0	78668.578125	11	15.781156	313
209596.4375	139765.8828125	0.0	209596.4375	7	15.643995	313
192934.359375	0.0	0.0	192934.359375	11	15.727241	313
90473.71875	20512.2890625	0.0	90473.71875	20	15.875295	313
73020.84375	3192.5625	0.0	73020.84375	9	15.706289	313
212917.8125	0.0	0.0	212917.8125	14	13.198312	313
202228.0625	0.0	0.0	202228.0625	11	15.816072	313
76930.6171875	7102.2734375	0.0	76930.6171875	10	15.71942	313
51111.09375	41565.76953125	0.0	99314.8671875	5	15.651537	313
165477.046875	0.0	0.0	165477.046875	10	15.736738	313
446905.0	0.0	0.0	446905.0	12	15.73171	313
1350135.125	0.0	0.0	1350135.125	11	15.737017	313
56669.0546875	46501.09375	0.0	104197.671875	5	15.728638	313
148984.046875	0.0	0.0	148984.046875	12	15.718301	313
191905.96875	0.0	0.0	191905.96875	11	15.709362	313
70902.90625	0.0	0.0	70902.90625	53	13.257532	313
287584.5	0.0	0.0	287584.5	16	15.806296	313
228658.734375	0.0	71938.703125	228658.734375	11	16.817812	313
96227.28125	26383.34375	0.0	96227.28125	14	15.737297	313
331977.0	317290.390625	0.0	387123.90625	6	27.612341	313
119952.90625	50123.84375	0.0	119952.90625	9	15.730033	313
76168.984375	6340.65625	0.0	76168.984375	7	15.684779	313
205579.953125	0.0	0.0	205579.953125	11	15.771376	313
56073.3515625	45629.109375	0.0	103401.296875	5	15.675282	313
297028.1875	227121.4296875	0.0	297028.1875	12	15.769143	313
78668.578125	8840.203125	0.0	78668.578125	12	15.71439	313
56745.15625	46563.5546875	0.0	104275.3359375	5	15.67165	313
873.4605102539062	0.0	0.0	2653.877685546875	37	13.253342	313
873.4605102539062	0.0	0.0	2653.877685546875	37	13.276808	313
70833.8671875	0.0	0.0	70833.8671875	21	13.231555	313
76168.984375	6340.65625	0.0	76168.984375	7	15.74037	313
70588.828125	0.0	0.0	70588.828125	313	13.3405	313
71037.0546875	0.0	0.0	71037.0546875	20	13.219262	313
33501.8515625	0.0	0.0	71385.890625	37	13.191607	313
96312.046875	26476.8515625	0.0	96312.046875	13	15.781993	313
78668.578125	8840.203125	0.0	78668.578125	9	15.734224	313
70245.3515625	0.0	0.0	70245.3515625	14	13.185741	313
74909.609375	0.0	0.0	74878.03125	31	13.244124	313
71306.359375	0.0	0.0	71306.359375	19	13.216469	313
15139.951171875	0.0	0.0	16701.646484375	105	13.264517	313
12604.93359375	0.0	0.0	14268.857421875	37	13.169818	313
33501.8515625	0.0	0.0	71385.890625	37	22.696949	313
78913.203125	9074.984375	0.0	78913.203125	9	15.768585	313
70236.5078125	0.0	0.0	70236.5078125	29	13.225687	313
70657.8046875	0.0	0.0	70657.8046875	60	13.33966	313
70746.1484375	0.0	0.0	70746.1484375	58	13.357539	313
8642.041015625	7102.2734375	0.0	76930.6171875	12	15.763835	313
71025.8671875	0.0	0.0	71025.8671875	38	13.281278	313
407609.0625	337775.203125	0.0	407609.0625	6	15.632821	313
7746.3349609375	0.0	0.0	9281.4072265625	21	13.175125	313
97213.953125	27383.3125	0.0	97213.953125	9	15.683941	313
1224286.25	0.0	0.0	1224286.25	10	15.732828	313
185433.59375	115603.4375	0.0	185433.59375	5	15.691204	313
20021.39453125	0.0	0.0	21707.349609375	73	13.163392	313
70213.8671875	0.0	0.0	70213.8671875	29	13.249432	313
73020.84375	3192.5625	0.0	73020.84375	7	15.701541	313
119952.90625	50123.84375	0.0	119952.90625	9	15.733665	313
22795.951171875	0.0	0.0	24520.826171875	115	13.175963	313
8648.9609375	7102.2734375	0.0	76930.6171875	12	15.736458	313
2524.017822265625	0.0	0.0	4122.6865234375	5	13.193004	313
29897.732421875	0.0	0.0	70768.6953125	6	13.149425	313
71037.0546875	0.0	0.0	71037.0546875	20	13.218703	313
72578.4140625	3078.1953125	0.0	72578.4140625	8	15.706568	313
77220.71875	7392.3671875	0.0	77220.71875	11	17.61842	313
72906.4765625	3078.1953125	0.0	72906.4765625	9	25.700212	313
179293.40625	0.0	0.0	179293.40625	11	15.798753	313
78668.578125	8840.203125	0.0	78668.578125	13	15.804062	313
77220.71875	7392.3671875	0.0	77220.71875	12	15.717464	313
1180399.875	1110553.1328125	0.0	1180399.875	6	15.698189	313
70892.2265625	0.0	0.0	70892.2265625	33	13.22513	313
70652.2734375	0.0	0.0	70652.2734375	43	13.211162	313
8642.041015625	7102.2734375	0.0	76930.6171875	10	15.72752	313
76249.59375	0.0	0.0	76249.59375	17	13.220101	313
50.87468719482422	0.0	0.0	50.87468719482422	6	13.12624	313
1007.1104125976562	0.0	0.0	1007.1104125976562	5	15.656846	313
8642.041015625	7102.2734375	0.0	76930.6171875	11	15.711876	313
1577.671630859375	2517.1591796875	0.0	3043.034912109375	5	15.648744	313
60660.703125	0.0	0.0	60660.703125	65	13.191607	313
70245.328125	0.0	0.0	70245.328125	8	13.142721	313
70602.3515625	0.0	0.0	70602.3515625	73	13.325135	313
70912.2578125	0.0	0.0	70912.2578125	49	13.231274	313
62092.30078125	0.0	0.0	62092.30078125	199	13.199987	313
14270.7255859375	0.0	0.0	70585.6484375	37	13.211162	313
8642.041015625	7102.2734375	0.0	76930.6171875	11	15.722491	313
8648.9609375	7102.2734375	0.0	76930.6171875	12	15.833113	313
70248.28125	0.0	0.0	70248.28125	14	13.176522	313
214277.875	200060.65625	0.0	269892.21875	6	25.126152	313
72906.4765625	3078.1953125	0.0	72906.4765625	9	15.699305	313
61861.03515625	0.0	0.0	61861.03515625	283	13.239655	313
70621.953125	0.0	0.0	70621.953125	89	13.2282	313
102177.1015625	32348.046875	0.0	102177.1015625	9	15.676957	313
76168.984375	6340.65625	0.0	76168.984375	7	15.719139	313
1950.4176025390625	0.0	0.0	84143.2109375	8	13.805611	313
497398.0625	0.0	0.0	497398.0625	8	15.679192	313
18343.154296875	0.0	0.0	19869.234375	25	13.171493	313
70248.28125	0.0	0.0	70248.28125	14	13.192725	313
76930.6171875	0.0	0.0	76930.6171875	12	15.734504	313
72906.4765625	0.0	0.0	72906.4765625	9	15.687295	313
76930.6171875	0.0	0.0	76930.6171875	11	15.762718	313
78668.578125	0.0	0.0	78668.578125	12	15.724169	313
229054.71875	0.0	0.0	229054.71875	5	15.658801	313
72906.4765625	0.0	0.0	72906.4765625	9	15.743443	313
70583.8671875	0.0	0.0	70583.8671875	44	13.256695	313
77220.71875	0.0	0.0	77220.71875	12	15.781155	313
70194.1640625	0.0	0.0	70194.1640625	20	13.217027	313
212512.921875	0.0	0.0	212512.921875	20	13.261445	313
71385.890625	0.0	0.0	71385.890625	37	13.213955	313
70621.953125	0.0	0.0	70621.953125	89	13.214514	313
76930.6171875	0.0	0.0	76930.6171875	10	15.771378	313
75231.0234375	0.0	0.0	76921.75	121	25.220852	313
77220.71875	0.0	0.0	77220.71875	12	15.799591	313
213734.40625	0.0	0.0	213734.40625	44	13.202222	313
85612.953125	0.0	0.0	85612.953125	20	15.940941	313
743.3372802734375	0.0	0.0	743.3372802734375	9	13.151102	313
7.9542717933654785	0.0	0.0	3508.567626953125	6	13.169259	313
71304.5546875	0.0	0.0	71304.5546875	47	13.307256	313
76168.984375	0.0	0.0	76168.984375	7	15.874456	313
70600.3515625	0.0	0.0	70600.3515625	39	13.240213	313
868.0888061523438	0.0	0.0	868.0888061523438	2	15.635334	313
3583.300537109375	0.0	0.0	5355.33740234375	145	13.261443	313
80094.546875	0.0	0.0	80094.546875	51	13.218703	313
70245.296875	0.0	0.0	70245.296875	9	13.170655	313
51588.10546875	41955.91015625	0.0	99666.578125	5	15.737856	313
70238.859375	0.0	0.0	70238.859375	29	13.263678	313
112328.3984375	0.0	0.0	112328.3984375	11	15.757688	313
72906.4765625	0.0	0.0	72906.4765625	9	15.740649	313
273687.53125	0.0	0.0	273687.53125	12	15.842051	313
5245.06396484375	0.0	0.0	6774.15234375	17	13.156408	313
70599.9453125	0.0	0.0	70599.9453125	20	13.246638	313
40372.30078125	0.0	0.0	40372.30078125	81	13.24999	313
173.75192260742188	0.0	0.0	84042.2265625	8	13.181551	313
78668.578125	0.0	0.0	78668.578125	11	15.753779	313
526492.625	0.0	0.0	526492.625	12	25.254095	313
70596.8984375	0.0	0.0	70596.8984375	11	13.204457	313
73873.1328125	0.0	0.0	73082.046875	52	13.176802	313
77412.890625	0.0	0.0	77412.890625	21	15.892894	313
71306.359375	0.0	0.0	71306.359375	19	13.179596	313
76168.984375	0.0	0.0	76168.984375	6	15.661035	313
78668.578125	0.0	0.0	78668.578125	13	15.768305	313
70902.90625	0.0	0.0	70902.90625	53	13.248315	313
70585.453125	0.0	0.0	70585.453125	83	13.28072	313
5034.6025390625	0.0	0.0	5034.6025390625	9	13.17764	313
70573.46875	0.0	0.0	70573.46875	33	13.200825	313
70607.1484375	0.0	0.0	70607.1484375	207	13.251388	313
77220.71875	0.0	0.0	77220.71875	12	15.765511	313
40802.8203125	0.0	0.0	40572.984375	9	13.175126	313
70842.390625	0.0	0.0	70842.390625	19	13.276528	313
70643.1796875	0.0	0.0	70643.1796875	57	13.229318	313
12016.0849609375	0.0	0.0	45577.68359375	6	13.253902	313
76168.984375	0.0	0.0	76168.984375	7	15.69735	313
98691.5625	0.0	0.0	98691.5625	8	15.712156	313
61492.91015625	0.0	0.0	61492.91015625	22	13.247197	313
168779.578125	0.0	0.0	168779.578125	11	15.784507	313
163148.75	0.0	0.0	163148.75	12	15.800429	313
49145.36328125	0.0	0.0	50829.27734375	53	13.216748	313
2433.009033203125	4104.478271484375	0.0	3835.573974609375	5	27.89057	313
1180399.875	0.0	0.0	1180399.875	6	15.678075	313
77220.71875	0.0	0.0	77220.71875	13	15.730871	313
23603.962890625	0.0	0.0	25278.41796875	17	13.189651	313
81212.9140625	0.0	0.0	81212.9140625	7	15.681985	313
24167.53515625	0.0	0.0	45796.01171875	11	13.202221	313
70902.90625	0.0	0.0	70902.90625	53	13.227084	313
76930.6171875	0.0	0.0	76930.6171875	10	15.712434	313
76930.6171875	0.0	0.0	76930.6171875	11	15.741766	313
77220.71875	0.0	0.0	77220.71875	13	15.77082	313
71037.0546875	0.0	0.0	71037.0546875	20	13.20781	313
76930.6171875	0.0	0.0	76930.6171875	12	15.776127	313
1602.68603515625	0.0	143877.40625	70573.6171875	44	14.803999	313
71037.0546875	0.0	0.0	71037.0546875	20	13.19859	313
78913.203125	18149.96875	0.0	78913.203125	9	15.727521	313
943.7221069335938	0.0	0.0	2203.612060546875	29	13.149425	313
5298.97314453125	0.0	0.0	7066.11279296875	17	13.191329	313
72906.4765625	6156.390625	0.0	72906.4765625	9	15.704892	313
38939.859375	0.0	0.0	64604.5078125	31	13.243566	313
212245.515625	0.0	0.0	212245.515625	28	13.226246	313
44717.65625	0.0	0.0	70902.90625	53	13.219542	313
111850.421875	83971.171875	0.0	111850.421875	12	15.758528	313
72906.4765625	6156.390625	0.0	72906.4765625	9	15.731151	313
2518.43359375	0.0	0.0	58062.4609375	7	13.186021	313
212808.578125	0.0	0.0	245308.015625	145	22.710917	313
331977.0	634580.78125	0.0	387123.90625	6	15.67193	313
70112.65625	0.0	0.0	70112.65625	29	13.229877	313
71037.0546875	0.0	0.0	71037.0546875	20	13.225407	313
70600.3515625	0.0	0.0	70600.3515625	39	13.191327	313
70245.296875	0.0	0.0	70245.296875	9	13.184903	313
60910.77734375	0.0	0.0	60910.77734375	25	13.233229	313
76168.984375	12681.3125	0.0	76168.984375	7	15.76188	313
8642.041015625	14204.546875	0.0	76930.6171875	10	15.712434	313
741920.6875	1344162.515625	0.0	741920.6875	5	15.653772	313
104778.171875	69896.546875	0.0	104778.171875	12	15.749867	313
76168.984375	12681.3125	0.0	76168.984375	7	15.666901	313
70238.4921875	0.0	0.0	70238.4921875	20	13.211999	313
726.7767333984375	0.0	0.0	2411.121826171875	97	13.196635	313
560543.5	0.0	0.0	560543.5	5	15.716903	313
116943.3046875	71517.58984375	0.0	116943.3046875	7	15.698746	313
71037.0546875	0.0	0.0	71037.0546875	20	13.191327	313
66421.9921875	54994.48828125	0.0	112722.015625	5	15.666343	313
73020.84375	6385.125	0.0	73020.84375	7	15.71439	313
736.0159912109375	0.0	0.0	736.0159912109375	5	15.651259	313
42210.50390625	0.0	0.0	80094.546875	51	13.1863	313
185433.59375	231206.875	0.0	185433.59375	5	15.724448	313
73020.84375	6385.125	0.0	73020.84375	8	15.647068	313
72906.4765625	6156.390625	0.0	72906.4765625	9	16.582602	313
76168.984375	12681.3125	0.0	76168.984375	7	26.980459	313
2628.08349609375	0.0	0.0	3763.16650390625	37	13.15613	313
155844.546875	0.0	0.0	155844.546875	11	15.815236	313
265591.4375	390979.65625	0.0	265591.4375	12	15.713553	313
88420.6875	36957.578125	0.0	88420.6875	20	15.849036	313
157768.03125	0.0	0.0	157768.03125	10	15.746235	313
57143.9140625	46890.80859375	0.0	104592.6640625	5	15.696512	313
70746.1484375	0.0	0.0	70746.1484375	58	13.214234	313
8994.703125	14784.734375	0.0	77220.71875	12	15.704334	313
81792.9609375	23911.46875	0.0	81792.9609375	23	15.990664	313
18.50714683532715	0.0	0.0	70245.3359375	13	13.171774	313
494417.0	849163.390625	0.0	494417.0	12	15.700702	313
31546.9296875	0.0	0.0	18933.37890625	6	13.046068	313
298147.6875	0.0	0.0	298147.6875	17	15.742883	313
8994.703125	14784.734375	0.0	77220.71875	12	15.773892	313
60804.35546875	0.0	0.0	60804.35546875	23	13.21591	313
213418.046875	0.0	0.0	213418.046875	79	13.224569	313
72632.3984375	0.0	0.0	72166.625	9	13.161438	313
78668.578125	17680.40625	0.0	78668.578125	13	15.762716	313
76168.984375	12681.3125	0.0	76168.984375	7	15.745677	313
16302.8759765625	0.0	0.0	70605.234375	46	13.198589	313
214147.046875	0.0	0.0	214147.046875	99	13.214513	313
71037.0546875	0.0	0.0	71037.0546875	20	13.20753	313
61096.91015625	0.0	0.0	61096.91015625	719	13.290775	313
213741.65625	0.0	0.0	213741.65625	70	22.650577	313
4864.78125	0.0	0.0	6540.06201171875	13	13.155571	313
15845.890625	0.0	0.0	70573.6796875	38	13.192724	313
52053.3203125	0.0	0.0	52053.3203125	10	13.151381	313
2435.149658203125	0.0	0.0	45735.61328125	18	13.21228	313
23683.21484375	0.0	0.0	23683.21484375	33	13.156968	313
74889.1875	0.0	0.0	75886.640625	65	13.234068	313
264.7225646972656	0.0	0.0	264.7225646972656	5	13.162835	313
8994.703125	14784.734375	0.0	77220.71875	13	15.775009	313
61483.54296875	0.0	0.0	61483.54296875	421	13.246081	313
213353.75	0.0	0.0	213353.75	95	13.227922	313
33501.8515625	0.0	0.0	71385.890625	37	13.20306	313
8034.53076171875	0.0	0.0	8034.53076171875	9	13.14775	313
81639.71875	0.0	0.0	81639.71875	6	13.199428	313
70245.328125	0.0	0.0	70245.328125	8	13.139089	313
1226.943603515625	0.0	725786.40625	70242.28125	24	17.912851	313
221597.96875	0.0	0.0	221597.96875	213	13.288541	313
213540.1875	0.0	0.0	213540.1875	85	13.249712	313
72190.3125	0.0	0.0	72190.3125	12	13.188534	313
476.9024963378906	0.0	0.0	33104.56640625	28	13.207809	313
52835.02734375	0.0	0.0	81599.375	13	13.275132	313
1226.943603515625	0.0	0.0	70242.28125	24	13.223173	313
39655.58984375	0.0	0.0	61158.3359375	145	13.246638	313
66363.046875	0.0	0.0	66363.046875	91	13.247477	313
18.50714683532715	0.0	0.0	70245.3359375	13	25.222805	313
88897.9375	0.0	0.0	259316.75	326	13.469558	313
38117.41015625	0.0	0.0	71037.0546875	20	13.356421	313
1780.3570556640625	0.0	0.0	212567.453125	19	13.307257	313
45388.15234375	0.0	0.0	45388.15234375	6	15.883395	313
148.7466278076172	0.0	0.0	70238.859375	29	13.318709	313
212502.359375	0.0	0.0	212502.359375	20	13.222056	313
101.30587768554688	0.0	0.0	213376.625	43	13.270383	313
51548.5078125	0.0	0.0	235711.21875	1216	13.336029	313
21531.046875	0.0	0.0	21531.046875	33	13.195517	313
44498.28515625	0.0	0.0	71385.890625	37	13.279601	313
32458.939453125	0.0	0.0	70573.4140625	17	13.210323	313
4272.88623046875	0.0	0.0	5970.806640625	9	13.199987	313
213368.359375	0.0	0.0	213368.359375	61	13.285467	313
51526.6484375	42280.8046875	0.0	100040.40625	5	15.701819	313
103452.5390625	0.0	0.0	103452.5390625	11	15.80909	313
213881.40625	0.0	0.0	213881.40625	160	13.287144	313
9609.8623046875	0.0	0.0	9609.8623046875	33	13.264518	313
15164.4619140625	0.0	0.0	70573.421875	18	13.242727	313
4362.93212890625	0.0	0.0	6146.41748046875	17	13.196915	313
45806.15234375	0.0	0.0	45806.15234375	11	13.248594	313
124564.9296875	0.0	0.0	124564.9296875	51	13.230157	313
55255.13671875	0.0	0.0	87828.46875	1081	13.303066	313
61903.82421875	0.0	0.0	61903.82421875	28	13.31927	313
74698.7578125	0.0	0.0	74698.7578125	55	21.325356	313
101586.09375	0.0	0.0	86155.78125	31	13.229598	313
78668.578125	26520.609375	0.0	78668.578125	11	15.803782	313
10511.0751953125	8619.921875	0.0	66315.21875	5	15.706289	313
68908.921875	0.0	0.0	212917.8125	14	13.209765	313
15542.0126953125	0.0	0.0	70601.1796875	60	13.272059	313
214072.6875	0.0	0.0	214072.6875	96	13.257254	313
5299.8623046875	0.0	0.0	5299.8623046875	8	15.826409	313
45592.5	0.0	0.0	45592.5	16	13.213954	313
70563.640625	0.0	0.0	70563.640625	20	13.244962	313
70245.3515625	0.0	0.0	70245.3515625	14	13.270104	313
23.243040084838867	0.0	0.0	70245.5546875	47	13.255577	313
681.8732299804688	0.0	0.0	2245.861083984375	5	13.206412	313
28452.74609375	0.0	0.0	70902.90625	53	13.307537	313
471.7276306152344	0.0	0.0	2137.070556640625	49	13.211999	313
11242.068359375	0.0	0.0	11242.068359375	37	13.305301	313
212591.546875	0.0	0.0	212591.546875	18	13.269265	313
3640.75390625	0.0	0.0	70241.890625	29	13.27569	313
403.5573425292969	0.0	0.0	212902.5625	63	13.268147	313
5255.1494140625	0.0	0.0	5231.69580078125	9	13.236024	313
7761.87255859375	0.0	0.0	7761.87255859375	13	13.206132	313
106754.7734375	0.0	0.0	132463.109375	37	13.240492	313
62092.30078125	0.0	0.0	62092.30078125	189	13.360053	313
66679.5234375	0.0	0.0	213147.296875	56	13.242448	313
70245.296875	0.0	0.0	70245.296875	9	13.23295	313
280.7943115234375	0.0	0.0	213561.484375	35	25.482039	313
70743.5078125	0.0	0.0	70743.5078125	12	13.22038	313
61924.87890625	0.0	0.0	76921.75	121	13.270383	313
626.4775390625	0.0	0.0	70624.0703125	49	13.281	313
1224286.25	0.0	0.0	1224286.25	10	15.889541	313
116631.921875	0.0	0.0	116631.921875	10	15.813839	313
53690.8203125	0.0	0.0	53690.8203125	37	13.270383	313
213219.546875	0.0	0.0	213219.546875	54	13.255579	313
16674.0625	0.0	0.0	70638.3359375	134	13.309771	313
70068.890625	0.0	0.0	70068.890625	14	13.235186	313
94590.0703125	0.0	0.0	91575.125	11	13.245242	313
68818.4375	0.0	0.0	212827.328125	14	13.262561	313
620.9345703125	0.0	0.0	1788.923583984375	6	13.221776	313
94700.7421875	0.0	0.0	91865.2578125	11	13.240214	313
7716.13525390625	19021.96875	0.0	76168.984375	7	15.768304	313
8049.298828125	0.0	0.0	9281.4072265625	21	13.27178	313
119320.8046875	0.0	0.0	119320.8046875	16	13.221497	313
76086.53125	0.0	1100224.83984375	213275.96875	61	19.033872	313
54768.72265625	0.0	0.0	81571.2421875	13	13.268428	313
50474.1875	0.0	0.0	70842.390625	19	13.283792	313
364250.6875	454796.671875	0.0	364250.6875	12	15.888424	313
198.39169311523438	0.0	0.0	84108.5625	8	13.199149	313
44109.484375	0.0	0.0	245210.84375	287	13.331281	313
60770.625	0.0	0.0	60770.625	21	13.275131	313
48008.5703125	0.0	0.0	52498.3984375	37	13.215072	313
1508.3111572265625	0.0	0.0	1508.3111572265625	17	22.644991	313
7494.04052734375	0.0	0.0	7494.04052734375	41	13.247476	313
268092.75	676550.390625	0.0	437703.84375	12	15.804339	313
281.1787109375	0.0	0.0	70239.6953125	24	13.258929	313
6540.06201171875	0.0	0.0	6540.06201171875	13	13.182668	313
56269.27734375	0.0	0.0	91655.28125	12	13.213955	313
49699.19140625	0.0	0.0	75777.640625	11	13.219262	313
4437.27197265625	0.0	0.0	71222.6796875	34	13.301111	313
50.32080841064453	0.0	0.0	7761.87255859375	13	13.180991	313
525.8604125976562	0.0	0.0	70573.3828125	24	13.247197	313
90.15911865234375	0.0	0.0	70132.1171875	29	13.23714	313
39665.83203125	0.0	0.0	32363.724609375	17	13.17708	313
44740.8828125	0.0	0.0	70712.828125	18	13.238259	313
403.5573425292969	0.0	0.0	212902.5625	63	13.215631	313
22473.998046875	0.0	0.0	70902.90625	53	13.251108	313
525.921630859375	0.0	0.0	71008.0625	29	13.330164	313
212839.09375	0.0	0.0	212839.09375	44	13.201105	313
41.20267105102539	0.0	0.0	70238.0859375	9	13.202502	313
35315.83203125	0.0	0.0	73354.1796875	53	13.242449	313
988708.375	5829139.59375	0.0	1041367.6875	6	15.668298	313
47064.140625	80418.4453125	0.0	72702.015625	6	15.707128	313
111.06521606445312	0.0	0.0	45722.1953125	18	13.162834	313
8335.2216796875	0.0	0.0	8335.2216796875	53	13.221498	313
95299.125	0.0	0.0	100304.5	4	13.10473	313
131798.46875	0.0	0.0	214147.046875	99	13.209764	313
34206.8203125	0.0	0.0	70891.8203125	33	23.661257	313
16963.24609375	0.0	0.0	70585.6484375	37	13.225129	313
3770.253662109375	18469.171875	0.0	72906.4765625	9	15.756292	313
22473.998046875	0.0	0.0	70902.90625	53	13.298318	313
68328.140625	0.0	0.0	212473.171875	20	13.180991	313
33829.36328125	0.0	0.0	71037.0546875	20	13.219542	313
4396.97314453125	0.0	0.0	70593.7578125	46	13.233509	313
43496.27734375	0.0	0.0	246479.15625	948	13.323179	313
61715.91796875	0.0	0.0	61715.91796875	61	13.221497	313
3642.395751953125	0.0	0.0	70242.8359375	29	13.282674	313
19.10146141052246	0.0	0.0	32550.560546875	9	13.176243	313
33283.19921875	0.0	0.0	125708.3515625	505	13.311167	313
56658.82421875	0.0	0.0	213386.875	533	13.340779	313
7405.8828125	0.0	0.0	70143.1484375	20	13.224011	313
213887.3125	0.0	0.0	213887.3125	36	13.560066	313
23800.421875	0.0	0.0	79496.890625	45	13.292172	313
8664.9384765625	0.0	0.0	8664.9384765625	9	13.180433	313
313946.34375	1464684.28125	0.0	313946.34375	7	15.743721	313
104.86787414550781	0.0	0.0	45719.07421875	18	13.235743	313
31371.796875	0.0	0.0	79512.1796875	21	13.201104	313
67536.6875	0.0	0.0	211545.578125	14	13.246359	313
16398.45703125	0.0	0.0	220972.59375	111	13.241609	313
27959.365234375	0.0	0.0	17431.365234375	3	13.224849	313
41.792335510253906	0.0	0.0	6903.326171875	4	13.20809	313
224.0234375	0.0	0.0	70602.3515625	73	13.282395	313
16.954103469848633	0.0	0.0	70245.328125	8	13.203899	313
26622.662109375	0.0	0.0	26622.662109375	41	21.363348	313
52239.484375	0.0	0.0	83267.75	21	13.212838	313
68648.4140625	0.0	0.0	212793.453125	20	13.21619	313
213735.171875	0.0	0.0	213735.171875	25	13.248035	313
109429.390625	0.0	0.0	109429.390625	11	15.844008	313
60659.203125	0.0	0.0	60659.203125	21	13.248315	313
8695.947265625	0.0	0.0	45789.11328125	11	13.294408	313
15430.501953125	0.0	0.0	70599.9453125	20	13.230436	313
3687.510498046875	0.0	0.0	49017.390625	9	13.196076	313
213699.359375	0.0	0.0	213699.359375	44	13.223732	313
43089.9296875	0.0	0.0	244864.203125	106	13.258371	313
1705.0101318359375	0.0	0.0	7796.37353515625	12	13.214233	313
153339.625	0.0	0.0	253431.46875	2215	13.307815	313
213480.25	0.0	0.0	213480.25	36	13.247197	313
3661.594970703125	0.0	0.0	3661.594970703125	21	13.241889	313
3563.2744140625	0.0	0.0	71851.5703125	58	13.251666	313
2852.386962890625	0.0	498295.9364013672	72564.8515625	442	16.827868	313
3222.207763671875	0.0	0.0	4403.45361328125	6	13.350835	313
33829.36328125	0.0	0.0	71037.0546875	20	13.29301	313
640498.8125	1141322.140625	0.0	640498.8125	6	15.882277	313
33549.2421875	0.0	0.0	33306.375	5	13.202223	313
572.92724609375	0.0	0.0	213017.921875	85	13.382959	313
42731.01171875	0.0	0.0	95570.171875	361	13.272338	313
414.8956604003906	0.0	0.0	212844.625	19	13.320945	313
64055.703125	0.0	0.0	246476.71875	982	13.375976	313
40377.37109375	0.0	0.0	40377.37109375	97	15.727241	313
23222.21875	0.0	0.0	70714.921875	60	22.83355	313
1205.088134765625	0.0	0.0	2743.328857421875	25	13.201383	313
14663.380859375	0.0	0.0	57480.1796875	91	13.300273	313
61827.46875	0.0	0.0	61827.46875	92	13.291612	313
691.9586791992188	0.0	0.0	82925.046875	631	13.25865	313
1573.9171142578125	0.0	0.0	3240.017333984375	49	13.298875	313
147.26011657714844	0.0	0.0	32554.162109375	15	13.200267	313
28097.49609375	0.0	0.0	70652.2734375	43	13.248873	313
19528.05078125	0.0	0.0	70215.96875	58	13.2891	313
70619.953125	0.0	0.0	72034.4375	45	13.263958	313
70807.34375	0.0	0.0	213780.015625	30	13.197194	313
32131.525390625	26363.51171875	0.0	84124.8828125	5	15.759366	313
6995.92333984375	0.0	0.0	6995.92333984375	9	13.171494	313
5550.36474609375	0.0	0.0	50871.40625	15	13.218704	313
76930.6171875	14204.546875	0.0	76930.6171875	11	15.790653	313
40403.66015625	0.0	0.0	40403.66015625	33	13.219821	313
