421141.3125	0.0	0.0	421141.3125	12	0.0	313
213516.703125	0.0	0.0	213516.703125	274	0.0	313
446905.0	0.0	0.0	446905.0	12	0.0	313
9075.9423828125	0.0	41749.27197265625	40822.29296875	289	0.0	313
286.6750183105469	0.0	496473.3125	212887.375	20	0.0	313
72597.59375	0.0	0.0	213277.390625	116	0.0	313
2255.998046875	0.0	0.0	7740.94873046875	8	0.0	313
454148.9375	241930.3125	0.0	454148.9375	12	0.0	313
24221.416015625	0.0	47389.77734375	45755.9375	11	0.0	313
8256.333984375	0.0	0.0	212949.75	20	0.0	313
213662.390625	0.0	0.0	213662.390625	101	0.0	313
40379.7734375	0.0	0.0	40379.7734375	161	0.0	313
1030.0689697265625	825.7421875	0.0	46208.46484375	6	0.0	313
7509.89453125	0.0	0.0	213750.046875	42	0.0	313
212639.96875	0.0	0.0	212639.96875	18	0.0	313
47468.28125	40609.166015625	0.0	73107.9921875	6	0.0	313
605225.0	0.0	0.0	605225.0	9	0.0	313
4925.0986328125	0.0	7002.73193359375	53817.6875	91	0.0	313
639229.0625	0.0	0.0	639229.0625	5	0.0	313
233984.71875	0.0	0.0	233984.71875	16	0.0	313
213903.484375	0.0	0.0	213903.484375	97	0.0	313
635197.5625	0.0	0.0	635197.5625	12	0.0	313
68787.8984375	0.0	0.0	68787.8984375	25	0.0	313
212949.75	0.0	0.0	212949.75	20	0.0	313
19122.068359375	0.0	0.0	45711.17578125	11	0.0	313
138394.078125	0.0	0.0	138394.078125	7	0.0	313
213755.40625	0.0	0.0	213755.40625	27	0.0	313
213279.21875	0.0	0.0	213279.21875	88	0.0	313
371.7044677734375	0.0	143447.0	59350.59765625	11	0.0	313
619724.75	0.0	0.0	619724.75	5	0.0	313
48881.15625	0.0	0.0	56638.0234375	91	0.0	313
570.2785034179688	0.0	0.0	6906.83251953125	4	0.0	313
229360.78125	0.0	0.0	229360.78125	17	0.0	313
123088.9921875	0.0	0.0	123088.9921875	6	0.0	313
229360.78125	0.0	0.0	229360.78125	17	0.0	313
212358.28125	0.0	0.0	212358.28125	14	0.0	313
78668.578125	0.0	0.0	78668.578125	13	0.0	313
304733.5625	0.0	0.0	304733.5625	17	0.0	313
70585.6484375	0.0	0.0	70585.6484375	37	0.0	313
11828.0595703125	9700.75	0.0	67402.1875	5	0.0	313
291666.53125	0.0	0.0	291666.53125	16	0.0	313
492288.15625	0.0	0.0	492288.15625	5	0.0	313
246070.34375	0.0	0.0	246070.34375	11	0.0	313
593214.625	0.0	0.0	593214.625	9	0.0	313
589609.0	0.0	0.0	589609.0	12	0.0	313
454148.9375	0.0	0.0	454148.9375	12	0.0	313
98611.890625	0.0	0.0	124903.984375	301	0.0	313
60629.23828125	0.0	0.0	60629.23828125	21	0.0	313
153503.765625	0.0	0.0	153503.765625	6	0.0	313
212372.28125	0.0	0.0	212372.28125	19	0.0	313
263131.125	0.0	0.0	263131.125	16	0.0	313
40605.44140625	0.0	0.0	40605.44140625	217	0.0	313
227110.671875	0.0	0.0	227110.671875	6	0.0	313
567827.0	0.0	0.0	567827.0	9	0.0	313
30.838071823120117	0.0	0.0	32512.603515625	9	0.0	313
57237.43359375	0.0	47389.77734375	91865.2578125	11	0.0	313
231817.359375	0.0	47389.77734375	258425.0625	91	0.0	313
19149.962890625	0.0	0.0	68984.1171875	241	0.0	313
464.57110595703125	0.0	0.0	45731.18359375	11	0.0	313
561425.0	0.0	0.0	561425.0	12	0.0	313
342617.8125	0.0	0.0	342617.8125	11	0.0	313
61321.27734375	0.0	0.0	61321.27734375	18	0.0	313
98650.4140625	0.0	53931.125	221597.96875	213	0.0	313
147873.984375	0.0	0.0	147873.984375	10	0.0	313
151497.21875	0.0	0.0	151497.21875	11	0.0	313
185747.28125	0.0	0.0	185747.28125	12	0.0	313
249126.65625	0.0	0.0	249126.65625	12	0.0	313
173697.40625	0.0	0.0	173697.40625	10	0.0	313
101086.8125	0.0	0.0	101086.8125	6	0.0	313
60680.42578125	0.0	0.0	60680.42578125	23	0.0	313
11973.6337890625	0.0	0.0	45649.87109375	11	0.0	313
280309.78125	0.0	0.0	280309.78125	16	0.0	313
61719.70703125	0.0	0.0	61719.70703125	19	0.0	313
2538.0	0.0	0.0	45734.40234375	13	0.0	313
213534.46875	0.0	0.0	213534.46875	19	0.0	313
46898.34375	0.0	0.0	92348.234375	26	0.0	313
212602.859375	0.0	0.0	212602.859375	17	0.0	313
313680.6875	0.0	0.0	313680.6875	16	0.0	313
465323.8125	0.0	0.0	465323.8125	5	0.0	313
61168.5078125	0.0	0.0	61168.5078125	5	0.0	313
326868.0625	0.0	0.0	326868.0625	14	0.0	313
326025.125	0.0	0.0	326025.125	14	0.0	313
233984.71875	0.0	0.0	233984.71875	16	0.0	313
73481.90625	0.0	87718.1640625	239887.65625	2322	0.0	313
213553.5625	0.0	0.0	213553.5625	66	0.0	313
212842.34375	0.0	0.0	212842.34375	19	0.0	313
2306.13916015625	0.0	0.0	32672.0703125	14	0.0	313
301635.65625	0.0	0.0	301635.65625	16	0.0	313
369787.21875	0.0	0.0	369787.21875	9	0.0	313
660808.375	0.0	0.0	660808.375	5	0.0	313
30.288959503173828	7.578125	0.0	45388.15234375	6	0.0	313
678306.9375	0.0	0.0	678306.9375	5	0.0	313
660837.1875	0.0	0.0	660837.1875	5	0.0	313
624959.8125	0.0	0.0	624959.8125	12	0.0	313
105522.125	0.0	0.0	105522.125	7	0.0	313
466086.71875	0.0	0.0	466086.71875	12	0.0	313
179051.4375	0.0	0.0	179051.4375	11	0.0	313
469147.8125	0.0	0.0	469147.8125	9	0.0	313
213103.734375	0.0	0.0	213103.734375	63	0.0	313
381.13623046875	0.0	0.0	32573.046875	7	0.0	313
384270.75	0.0	0.0	384270.75	5	0.0	313
74968.8984375	0.0	0.0	107595.515625	883	0.0	313
452284.78125	0.0	0.0	452284.78125	9	0.0	313
213017.921875	0.0	0.0	213017.921875	85	0.0	313
4318.47607421875	0.0	0.0	4318.47607421875	29	0.0	313
192.49363708496094	0.0	84604.3359375	84125.859375	8	0.0	313
413263.84375	0.0	0.0	413263.84375	9	0.0	313
213667.5625	0.0	0.0	213667.5625	114	0.0	313
377033.53125	0.0	0.0	377033.53125	12	0.0	313
132797.8125	0.0	0.0	132797.8125	6	0.0	313
212328.109375	0.0	0.0	212328.109375	18	0.0	313
617874.1875	0.0	0.0	617874.1875	9	0.0	313
57706.88671875	0.0	47389.77734375	91538.390625	11	0.0	313
70797.6640625	0.0	0.0	70797.6640625	44	0.0	313
212695.75	0.0	0.0	212695.75	36	0.0	313
633559.75	0.0	0.0	633559.75	9	0.0	313
212904.5625	0.0	0.0	212904.5625	20	0.0	313
416292.5625	0.0	0.0	416292.5625	9	0.0	313
296.4874267578125	231.8359375	0.0	57932.44921875	5	0.0	313
212897.703125	0.0	0.0	212897.703125	20	0.0	313
60708.0703125	0.0	0.0	91914.9765625	11	0.0	313
630438.25	0.0	0.0	630438.25	12	0.0	313
1448.504638671875	0.0	0.0	52153.0	25	0.0	313
212761.9375	0.0	0.0	212761.9375	20	0.0	313
415971.6875	0.0	0.0	415971.6875	12	0.0	313
31.844938278198242	0.0	0.0	7822.29248046875	9	0.0	313
118921.9921875	0.0	0.0	118921.9921875	7	0.0	313
641807.0	0.0	0.0	641807.0	12	0.0	313
80161.3515625	0.0	1822.6239013671875	81405.671875	111	0.0	313
213819.578125	0.0	0.0	213819.578125	147	0.0	313
535379.4375	0.0	0.0	535379.4375	5	0.0	313
634652.75	0.0	0.0	634652.75	12	0.0	313
213103.734375	0.0	0.0	213103.734375	53	0.0	313
433826.34375	0.0	0.0	433826.34375	12	0.0	313
212793.453125	0.0	0.0	212793.453125	18	0.0	313
538107.5625	0.0	0.0	538107.5625	9	0.0	313
22732.681640625	18502.54296875	47389.77734375	63883.8984375	6	0.0	313
213043.046875	0.0	0.0	213043.046875	63	0.0	313
125.76739501953125	0.0	0.0	58040.79296875	7	0.0	313
212328.109375	0.0	0.0	212328.109375	18	0.0	313
212693.265625	0.0	0.0	212693.265625	19	0.0	313
52425.2421875	0.0	0.0	52425.2421875	7	0.0	313
681062.625	0.0	0.0	681062.625	9	0.0	313
212141.1875	0.0	0.0	212141.1875	18	0.0	313
108480.078125	87383.09375	496473.3125	299525.25	17	0.0	313
81639.71875	0.0	0.0	81639.71875	6	0.0	313
10033.7880859375	8159.72265625	0.0	53646.23046875	6	0.0	313
20584.4765625	16568.9296875	0.0	61951.14453125	6	0.0	313
101.30587768554688	0.0	0.0	213376.625	43	0.0	313
213305.828125	0.0	0.0	213305.828125	218	0.0	313
23949.50390625	0.0	0.0	45806.15234375	11	0.0	313
94854.4921875	76046.328125	0.0	288889.53125	16	0.0	313
6492.548828125	0.0	2427.0078125	61785.63671875	31	0.0	313
141508.90625	36845.890625	0.0	249099.25	12	0.0	313
73020.84375	0.0	0.0	73020.84375	9	0.0	313
213543.6875	0.0	0.0	213543.6875	110	0.0	313
17340.802734375	0.0	0.0	17340.802734375	4	0.0	313
110357.359375	0.0	0.0	110357.359375	7	0.0	313
287584.5	0.0	0.0	287584.5	16	0.0	313
97175.078125	0.0	0.0	97175.078125	6	0.0	313
497398.0625	0.0	0.0	497398.0625	8	0.0	313
323361.34375	0.0	0.0	323361.34375	10	0.0	313
484888.6875	0.0	0.0	484888.6875	12	0.0	313
98585.125	0.0	0.0	98585.125	11	0.0	313
213264.578125	0.0	0.0	213264.578125	36	0.0	313
60457.3515625	0.0	87718.1640625	245210.84375	287	0.0	313
495623.25	0.0	0.0	495623.25	12	0.0	313
156273.96875	0.0	0.0	156273.96875	11	0.0	313
342617.8125	0.0	0.0	342617.8125	10	0.0	313
213667.5625	0.0	0.0	213667.5625	109	0.0	313
359424.46875	0.0	0.0	359424.46875	14	0.0	313
30.288959503173828	7.578125	47389.77734375	45388.15234375	6	0.0	313
212604.359375	0.0	0.0	212604.359375	14	0.0	313
619560.25	0.0	0.0	619560.25	9	0.0	313
697760.1875	0.0	0.0	697760.1875	12	0.0	313
2272454.75	0.0	0.0	2272454.75	2	0.0	313
220908.28125	0.0	0.0	252858.0625	925	0.0	313
61432.5859375	0.0	0.0	61432.5859375	61	0.0	313
1382.0032958984375	0.0	0.0	84133.8359375	8	0.0	313
213866.296875	0.0	0.0	213866.296875	119	0.0	313
600163.5	0.0	0.0	600163.5	5	0.0	313
213009.296875	0.0	0.0	213009.296875	114	0.0	313
247918.671875	0.0	0.0	247918.671875	16	0.0	313
560943.5	0.0	0.0	560943.5	5	0.0	313
68548.2421875	0.0	496473.3125	212693.265625	19	0.0	313
8666.419921875	0.0	0.0	212789.71875	53	0.0	313
55182.80078125	9677.2421875	0.0	55182.80078125	8	0.0	313
9605.376953125	0.0	0.0	213226.015625	199	0.0	313
14812.4091796875	0.0	0.0	213926.03125	86	0.0	313
61507.9453125	0.0	0.0	61507.9453125	61	0.0	313
68648.4140625	0.0	496473.3125	212793.453125	18	0.0	313
7338.1748046875	5968.5	0.0	218512.3125	17	0.0	313
97171.921875	78283.1875	0.0	291047.15625	17	0.0	313
5740.02880859375	0.0	53931.125	246334.03125	346	0.0	313
71779.3828125	0.0	0.0	71779.3828125	6	0.0	313
13501.3642578125	10986.4375	0.0	56371.578125	6	0.0	313
60987.95703125	0.0	0.0	60987.95703125	62	0.0	313
220367.625	0.0	0.0	220367.625	12	0.0	313
356739.1875	143969.15625	0.0	356739.1875	15	0.0	313
1702950.75	0.0	0.0	1702950.75	6	0.0	313
61070.97265625	50113.68359375	0.0	107894.8125	5	0.0	313
132676.515625	0.0	0.0	132676.515625	11	0.0	313
292497.0	0.0	0.0	292497.0	12	0.0	313
8504.9873046875	0.0	0.0	8504.9873046875	2	0.0	313
485.53106689453125	0.0	0.0	212494.78125	19	0.0	313
459214.6875	0.0	0.0	459214.6875	12	0.0	313
49979.265625	0.0	0.0	49979.265625	9	0.0	313
361136.28125	0.0	0.0	361136.28125	10	0.0	313
430171.15625	0.0	0.0	430171.15625	5	0.0	313
1490237.25	0.0	0.0	1490237.25	6	0.0	313
29990.654296875	24606.53125	0.0	82391.53125	5	0.0	313
1309.9559326171875	0.0	0.0	1309.9559326171875	3	0.0	313
32865.19140625	26965.6171875	0.0	84747.234375	5	0.0	313
30.287479400634766	7.578125	0.0	45388.15234375	6	0.0	313
70541.140625	59090.28125	0.0	116858.9609375	5	0.0	313
18529.55859375	15200.57421875	0.0	72984.265625	5	0.0	313
469150.8125	0.0	0.0	469150.8125	9	0.0	313
11777.4990234375	0.0	0.0	13187.6904296875	81	0.0	313
5328.412109375	4366.58984375	0.0	62146.8515625	5	0.0	313
34097.53125	27674.90625	0.0	85464.0625	5	0.0	313
252896.9375	0.0	0.0	252896.9375	6	0.0	313
363306.25	0.0	0.0	363306.25	11	0.0	313
1616215.125	0.0	0.0	1616215.125	6	0.0	313
546368.8125	0.0	0.0	546368.8125	12	0.0	313
617857.5	0.0	0.0	617857.5	9	0.0	313
11832.94140625	9700.75	0.0	67402.1875	5	0.0	313
17794.703125	14597.4921875	0.0	72279.3046875	5	0.0	313
996687.25	0.0	0.0	996687.25	6	0.0	313
1014833.0625	0.0	0.0	1014833.0625	6	0.0	313
30.287479400634766	7.578125	0.0	45388.15234375	6	0.0	313
44845.984375	36209.35546875	0.0	81626.5625	6	0.0	313
60745.359375	49452.49609375	0.0	107141.9921875	5	0.0	313
342617.8125	0.0	0.0	342617.8125	10	0.0	313
65615.1015625	0.0	0.0	65615.1015625	6	0.0	313
1234021.5	0.0	0.0	1234021.5	6	0.0	313
185433.59375	0.0	0.0	185433.59375	5	0.0	313
2272454.75	0.0	0.0	2272454.75	2	0.0	313
14693.904296875	0.0	71938.703125	71529.640625	12	0.0	313
560543.5	0.0	0.0	560543.5	5	0.0	313
11777.4990234375	0.0	0.0	13187.6904296875	81	0.0	313
388603.28125	0.0	0.0	388603.28125	12	0.0	313
249490.21875	0.0	0.0	249490.21875	17	0.0	313
50105.75390625	41114.703125	0.0	98812.8125	5	0.0	313
589852.375	0.0	0.0	589852.375	9	0.0	313
22.72751808166504	7.56396484375	5444.5947265625	5299.8623046875	8	0.0	313
28346.583984375	23257.265625	0.0	80982.8671875	5	0.0	313
680201.625	0.0	0.0	680201.625	12	0.0	313
44845.984375	36209.35546875	0.0	81626.5625	6	0.0	313
14675.8681640625	0.0	0.0	14675.8681640625	5	0.0	313
3095.67529296875	0.0	0.0	57999.4453125	7	0.0	313
49343.35546875	40122.0234375	0.0	97834.375	5	0.0	313
98547.46875	0.0	0.0	98547.46875	10	0.0	313
51214.609375	42024.71484375	0.0	99747.21875	5	0.0	313
70068.890625	0.0	0.0	70068.890625	14	0.0	313
473353.0625	0.0	0.0	473353.0625	12	0.0	313
116943.3046875	0.0	0.0	116943.3046875	7	0.0	313
49634.0	0.0	0.0	49634.0	8	0.0	313
60745.359375	49452.49609375	0.0	107141.9921875	5	0.0	313
83471.140625	0.0	0.0	83471.140625	6	0.0	313
26316.11328125	21590.88671875	0.0	79368.2109375	5	0.0	313
61336.75	0.0	0.0	61336.75	78	0.0	313
438384.59375	0.0	0.0	438384.59375	12	0.0	313
42771.8203125	35095.84375	0.0	92823.265625	5	0.0	313
295059.125	0.0	0.0	295059.125	6	0.0	313
472466.3125	0.0	0.0	472466.3125	12	0.0	313
605225.0	0.0	0.0	605225.0	9	0.0	313
90641.6953125	0.0	87718.1640625	246217.515625	1376	0.0	313
1384009.375	0.0	0.0	1384009.375	10	0.0	313
14196.54296875	0.0	0.0	14196.54296875	4	0.0	313
495617.75	0.0	0.0	495617.75	12	0.0	313
10839.10546875	8816.578125	47389.77734375	54206.5625	6	0.0	313
1168349.75	0.0	0.0	1168349.75	6	0.0	313
49223.33203125	0.0	0.0	81683.6875	155	0.0	313
19511.423828125	16006.37890625	0.0	73702.5234375	5	0.0	313
511540.34375	0.0	0.0	511540.34375	12	0.0	313
372750.625	0.0	0.0	372750.625	9	0.0	313
212190.828125	0.0	0.0	212190.828125	16	0.0	313
1335243.0	0.0	0.0	1335243.0	11	0.0	313
3595.83251953125	0.0	0.0	3595.83251953125	13	0.0	313
326706.3125	0.0	0.0	326706.3125	11	0.0	313
165993.078125	0.0	0.0	165993.078125	4	0.0	313
1377.225830078125	1035.95703125	49397.23828125	50039.1875	9	0.0	313
680201.625	0.0	0.0	680201.625	12	0.0	313
2272454.75	0.0	0.0	2272454.75	2	0.0	313
227935.140625	0.0	0.0	227935.140625	17	0.0	313
1378560.25	0.0	0.0	1378560.25	6	0.0	313
393977.0	0.0	0.0	393977.0	12	0.0	313
316049.3125	0.0	0.0	316049.3125	10	0.0	313
454691.53125	0.0	0.0	454691.53125	5	0.0	313
535787.8125	0.0	0.0	535787.8125	9	0.0	313
25248.76953125	20714.93359375	0.0	78482.265625	5	0.0	313
15568.30859375	12559.6875	0.0	57940.47265625	6	0.0	313
266776.9375	0.0	0.0	266776.9375	15	0.0	313
213561.484375	0.0	0.0	213561.484375	35	0.0	313
212431.03125	0.0	0.0	212431.03125	360	0.0	313
40814.8828125	33489.81640625	0.0	91218.9375	5	0.0	313
59945.3125	0.0	0.0	59945.3125	8	0.0	313
246070.34375	0.0	0.0	246070.34375	11	0.0	313
1258.03955078125	945.2734375	0.0	49944.51953125	9	0.0	313
110357.359375	0.0	0.0	110357.359375	7	0.0	313
2222.6865234375	1793.527587890625	0.0	4127.4580078125	6	0.0	313
526492.625	0.0	0.0	526492.625	12	0.0	313
23468.556640625	19253.93359375	0.0	76964.390625	5	0.0	313
1109.87841796875	832.54296875	0.0	49829.8515625	9	0.0	313
440800.25	0.0	0.0	440800.25	12	0.0	313
151504.15625	0.0	0.0	151504.15625	11	0.0	313
30.288959503173828	7.578125	47389.77734375	45388.15234375	6	0.0	313
529318.0	0.0	0.0	529318.0	12	0.0	313
525892.25	0.0	0.0	525892.25	9	0.0	313
2222.6865234375	1793.527587890625	0.0	4127.4580078125	6	0.0	313
24147.63671875	0.0	0.0	81405.671875	111	0.0	313
299990.5	0.0	0.0	299990.5	16	0.0	313
2272454.75	0.0	0.0	2272454.75	2	0.0	313
40275.97265625	0.0	0.0	40275.97265625	25	0.0	313
212190.828125	0.0	0.0	212190.828125	17	0.0	313
4842.228515625	0.0	0.0	4842.228515625	4	0.0	313
92204.953125	22374.0546875	0.0	92204.953125	8	0.0	313
289220.3125	0.0	0.0	289220.3125	10	0.0	313
71004.03125	59528.765625	0.0	117276.078125	5	0.0	313
28415.283203125	22748.39453125	0.0	55246.36328125	6	0.0	313
249099.25	0.0	0.0	249099.25	12	0.0	313
472154.4375	0.0	0.0	472154.4375	12	0.0	313
1131817.875	0.0	0.0	1131817.875	6	0.0	313
339408.84375	0.0	0.0	339408.84375	14	0.0	313
428839.0	0.0	0.0	428839.0	12	0.0	313
61205.453125	0.0	0.0	61205.453125	66	0.0	313
216588.984375	0.0	0.0	216588.984375	17	0.0	313
310584.25	0.0	0.0	310584.25	16	0.0	313
1682651.625	0.0	0.0	1682651.625	6	0.0	313
1080736.5	0.0	0.0	1080736.5	6	0.0	313
18506.138671875	0.0	157374.390625	73082.046875	52	0.0	313
6891.3212890625	0.0	0.0	6891.3212890625	6	0.0	313
288984.40625	0.0	0.0	288984.40625	16	0.0	313
54482.34765625	44706.5	0.0	102419.2890625	5	0.0	313
1015974.875	0.0	0.0	1015974.875	6	0.0	313
650456.25	0.0	0.0	650456.25	9	0.0	313
455715.8125	0.0	0.0	455715.8125	12	0.0	313
261004.375	0.0	0.0	261004.375	17	0.0	313
526577.125	0.0	0.0	526577.125	5	0.0	313
50322.09765625	0.0	0.0	50322.09765625	193	0.0	313
20800.8828125	16743.2890625	0.0	62132.8359375	6	0.0	313
50926.04296875	41787.890625	0.0	99556.046875	5	0.0	313
83410.3125	71810.89453125	0.0	129529.484375	5	0.0	313
30.288959503173828	7.578125	0.0	45388.15234375	6	0.0	313
56745.15625	46563.5546875	0.0	104275.3359375	5	0.0	313
81644.3359375	0.0	0.0	81644.3359375	6	0.0	313
60910.77734375	0.0	0.0	60910.77734375	25	0.0	313
60065.75	0.0	0.0	60065.75	6	0.0	313
58884.4921875	0.0	0.0	58884.4921875	2	0.0	313
20800.8828125	16743.2890625	0.0	62132.8359375	6	0.0	313
1469853.125	0.0	0.0	1469853.125	6	0.0	313
81039.34375	69482.74609375	0.0	127231.9453125	5	0.0	313
593214.625	0.0	0.0	593214.625	9	0.0	313
361724.6875	0.0	0.0	361724.6875	8	0.0	313
506515.125	0.0	0.0	506515.125	9	0.0	313
61492.59375	50459.7109375	0.0	108169.6875	5	0.0	313
454691.53125	0.0	0.0	454691.53125	5	0.0	313
11579.65625	9496.89453125	0.0	67242.9609375	5	0.0	313
22.72751808166504	7.56396484375	0.0	5299.8623046875	8	0.0	313
35631.359375	28925.109375	0.0	86697.2734375	5	0.0	313
2655.721923828125	2173.15234375	0.0	59944.78125	5	0.0	313
84097.984375	0.0	0.0	84097.984375	8	0.0	313
381317.1875	0.0	0.0	381317.1875	12	0.0	313
372750.625	0.0	0.0	372750.625	9	0.0	313
183331.828125	0.0	0.0	183331.828125	11	0.0	313
103370.484375	0.0	0.0	103370.484375	11	0.0	313
22468.974609375	18433.59765625	0.0	76163.5546875	5	0.0	313
350751.5	0.0	0.0	350751.5	13	0.0	313
2272454.75	0.0	0.0	2272454.75	2	0.0	313
415358.40625	0.0	0.0	415358.40625	5	0.0	313
569448.375	0.0	0.0	569448.375	9	0.0	313
1558094.75	0.0	0.0	1558094.75	6	0.0	313
249212.390625	0.0	0.0	249212.390625	6	0.0	313
147540.78125	0.0	0.0	147540.78125	6	0.0	313
4801.08984375	3929.796875	0.0	61706.00390625	5	0.0	313
61741.96484375	0.0	0.0	61741.96484375	60	0.0	313
22.72751808166504	7.56396484375	0.0	5299.8623046875	8	0.0	313
65129.703125	0.0	0.0	65129.703125	6	0.0	313
1902.7138671875	0.0	0.0	70174.3671875	73	0.0	313
31679.361328125	25705.10546875	0.0	83402.171875	5	0.0	313
192884.0625	0.0	0.0	192884.0625	6	0.0	313
416292.5625	0.0	0.0	416292.5625	9	0.0	313
394282.9375	0.0	0.0	394282.9375	9	0.0	313
1115886.375	0.0	0.0	1115886.375	6	0.0	313
118921.9921875	0.0	0.0	118921.9921875	7	0.0	313
2849.04443359375	0.0	0.0	58058.37890625	7	0.0	313
569044.0	0.0	0.0	569044.0	5	0.0	313
346432.25	0.0	0.0	346432.25	13	0.0	313
619724.75	0.0	0.0	619724.75	5	0.0	313
1281.85888671875	963.39453125	0.0	49968.63671875	9	0.0	313
229974.15625	0.0	0.0	229974.15625	17	0.0	313
40444.859375	0.0	0.0	40444.859375	57	0.0	313
202670.15625	0.0	0.0	202670.15625	11	0.0	313
569044.0	0.0	0.0	569044.0	5	0.0	313
57532.85546875	0.0	0.0	57532.85546875	7	0.0	313
304858.6875	0.0	0.0	304858.6875	6	0.0	313
42771.8203125	35095.84375	0.0	92823.265625	5	0.0	313
209.6114044189453	0.0	85330.9296875	84053.453125	8	0.0	313
4894.6875	4010.63671875	0.0	61693.2890625	5	0.0	313
136030.765625	123998.48828125	0.0	181682.125	5	0.0	313
50535.4921875	41467.375	0.0	99151.9375	5	0.0	313
1613.5615234375	0.0	0.0	58044.13671875	7	0.0	313
56745.15625	46563.5546875	0.0	104275.3359375	5	0.0	313
53788.6328125	44137.17578125	0.0	101921.7109375	5	0.0	313
58315.56640625	0.0	0.0	58315.56640625	5	0.0	313
58884.4921875	0.0	0.0	58884.4921875	2	0.0	313
47487.953125	38966.30078125	0.0	96698.34375	5	0.0	313
63725.3984375	0.0	0.0	141341.453125	13	0.0	313
61092.20703125	0.0	0.0	61092.20703125	12	0.0	313
70983.2890625	59528.765625	0.0	117276.078125	5	0.0	313
4894.6875	4010.63671875	0.0	61693.2890625	5	0.0	313
52601.6796875	0.0	49493.7109375	75841.4453125	5	0.0	313
160606.28125	0.0	0.0	160606.28125	11	0.0	313
1786.969970703125	0.0	0.0	50827.35546875	33	0.0	313
167742.109375	0.0	0.0	167742.109375	11	0.0	313
15.215530395507812	0.0	0.0	48989.28125	9	0.0	313
57532.85546875	0.0	0.0	57532.85546875	7	0.0	313
15.299723625183105	0.0	0.0	58005.3671875	7	0.0	313
30.689016342163086	0.0	3598.217041015625	3401.941650390625	106	0.0	313
159.32334899902344	0.0	0.0	84064.3046875	8	0.0	313
15.164551734924316	0.0	5444.5947265625	5495.076171875	8	0.0	313
134.76290893554688	0.0	0.0	58032.765625	7	0.0	313
146.2875213623047	0.0	0.0	58048.78515625	7	0.0	313
213553.5625	0.0	0.0	213553.5625	66	0.0	313
61758.23828125	0.0	0.0	61758.23828125	44	0.0	313
8683.583984375	0.0	0.0	57713.48828125	9	0.0	313
1221.3570556640625	1834.7265625	0.0	49902.69921875	9	0.0	313
80.57303619384766	0.0	0.0	57987.6640625	7	0.0	313
303024.9375	0.0	0.0	303024.9375	17	0.0	313
58243.28515625	0.0	0.0	58243.28515625	9	0.0	313
1402.8675537109375	0.0	0.0	84060.6875	8	0.0	313
61943.46484375	50829.73046875	0.0	108582.9296875	5	0.0	313
1554778.875	0.0	0.0	1554778.875	6	0.0	313
295059.125	0.0	0.0	295059.125	6	0.0	313
57532.85546875	0.0	0.0	57532.85546875	7	0.0	313
61870.4375	0.0	0.0	61870.4375	301	0.0	313
115.604736328125	0.0	0.0	5595.5166015625	29	0.0	313
190.0692596435547	0.0	0.0	59361.0	15	0.0	313
531049.6875	0.0	0.0	531049.6875	12	0.0	313
42771.8203125	35095.84375	0.0	92823.265625	5	0.0	313
20983.916015625	17214.83203125	0.0	74912.1171875	5	0.0	313
38.61463928222656	0.0	0.0	3409.509765625	29	0.0	313
52721.8046875	42884.35546875	0.0	100579.96875	5	0.0	313
61424.859375	0.0	0.0	61424.859375	61	0.0	313
84082.5	0.0	0.0	84082.5	8	0.0	313
70983.2890625	59528.765625	0.0	117276.078125	5	0.0	313
139263.5625	0.0	0.0	139263.5625	11	0.0	313
58315.56640625	0.0	0.0	58315.56640625	5	0.0	313
4842.228515625	0.0	0.0	4842.228515625	4	0.0	313
540.5344848632812	0.0	0.0	59378.1796875	5	0.0	313
45275.41015625	37150.50390625	0.0	94849.1796875	5	0.0	313
2050.431640625	0.0	0.0	58037.22265625	7	0.0	313
57532.85546875	0.0	0.0	57532.85546875	7	0.0	313
38.34988784790039	0.0	0.0	3413.507568359375	16	0.0	313
68781.828125	57345.69921875	0.0	115029.546875	5	0.0	313
1349816.375	0.0	0.0	1349816.375	6	0.0	313
57532.85546875	0.0	0.0	57532.85546875	7	0.0	313
23602.318359375	0.0	0.0	23602.318359375	15	0.0	313
953978.3125	0.0	0.0	953978.3125	6	0.0	313
64238.140625	0.0	85330.9296875	141714.71875	7	0.0	313
33225.72265625	26965.6171875	0.0	84747.234375	5	0.0	313
15.163318634033203	7.56396484375	0.0	5299.8623046875	8	0.0	313
25626.41796875	20795.796875	0.0	78479.1875	5	0.0	313
6118.93212890625	5015.35546875	0.0	62783.625	5	0.0	313
58588.12109375	0.0	0.0	141652.125	7	0.0	313
15.208182334899902	0.0	0.0	49044.94921875	9	0.0	313
31.515127182006836	0.0	0.0	57995.609375	7	0.0	313
329.1854553222656	0.0	0.0	70080.09375	20	0.0	313
41882.84375	34366.2734375	0.0	92084.0234375	5	0.0	313
66581.125	0.0	0.0	139514.171875	49	0.0	313
72906.4765625	3078.1953125	0.0	72906.4765625	9	0.0	313
54165.890625	44068.12890625	0.0	101768.21875	5	0.0	313
57532.85546875	0.0	0.0	57532.85546875	7	0.0	313
1241.6378173828125	0.0	0.0	1241.6378173828125	5	0.0	313
261.5480041503906	0.0	0.0	3595.832763671875	13	0.0	313
9628.875	0.0	33787.0390625	32502.48828125	9	0.0	313
1156.2724609375	0.0	2427.0078125	61764.78125	57	0.0	313
7.599775791168213	0.0	0.0	5292.298828125	8	0.0	313
15.14819049835205	0.0	7002.73193359375	6910.7744140625	4	0.0	313
1435.422607421875	0.0	0.0	16879.4765625	99	0.0	313
591.9620971679688	0.0	0.0	49074.48828125	8	0.0	313
40373.859375	0.0	0.0	40373.859375	121	0.0	313
60715.30859375	0.0	0.0	60715.30859375	23	0.0	313
250.2840576171875	0.0	0.0	2343.891357421875	8	0.0	313
7401.810546875	0.0	0.0	54336.49609375	8	0.0	313
472154.4375	0.0	0.0	472154.4375	12	0.0	313
50535.4921875	41467.375	0.0	99151.9375	5	0.0	313
57532.85546875	0.0	0.0	57532.85546875	7	0.0	313
1103.212646484375	1654.9375	0.0	49838.67578125	9	0.0	313
1865.318359375	0.0	0.0	64232.125	226	0.0	313
15536.8388671875	12744.49609375	0.0	70432.203125	5	0.0	313
132033.59375	0.0	0.0	132033.59375	10	0.0	313
11579.65625	9496.89453125	0.0	67242.9609375	5	0.0	313
64419.2578125	0.0	0.0	141450.0625	13	0.0	313
610369.125	0.0	0.0	610369.125	9	0.0	313
4504.9052734375	0.0	0.0	84103.8984375	8	0.0	313
45.89139175415039	0.0	0.0	57958.12890625	7	0.0	313
16.166170120239258	0.515625	0.0	69836.0390625	20	0.0	313
217187.171875	0.0	0.0	217187.171875	6	0.0	313
300307.28125	0.0	0.0	300307.28125	6	0.0	313
87492.0	75879.55859375	0.0	133574.140625	5	0.0	313
22.72751808166504	7.56396484375	0.0	5299.8623046875	8	0.0	313
2272454.75	0.0	0.0	2272454.75	2	0.0	313
1554778.875	0.0	0.0	1554778.875	6	0.0	313
1684.6302490234375	0.0	0.0	50662.6875	33	0.0	313
189066.4375	0.0	0.0	189066.4375	10	0.0	313
22468.974609375	18433.59765625	0.0	76163.5546875	5	0.0	313
14404.525390625	0.0	85330.9296875	144531.28125	271	0.0	313
108.60169982910156	0.0	3598.217041015625	3442.886474609375	25	0.0	313
989.7535400390625	0.0	0.0	58063.5078125	7	0.0	313
1234.33154296875	0.0	0.0	61761.9765625	36	0.0	313
6477.041015625	0.0	0.0	142157.8125	25	0.0	313
46902.9921875	38486.23828125	0.0	96206.65625	5	0.0	313
280308.28125	0.0	0.0	280308.28125	17	0.0	313
8.020956993103027	0.0	0.0	3453.67529296875	6	0.0	313
85175.96875	0.0	0.0	193757.546875	73	0.0	313
132.2241973876953	0.0	0.0	58053.21875	7	0.0	313
57532.85546875	0.0	0.0	57532.85546875	7	0.0	313
2272454.75	0.0	0.0	2272454.75	2	0.0	313
152872.15625	134377.09375	0.0	218470.09375	6	0.0	313
1298.479248046875	1952.0859375	0.0	49981.25390625	9	0.0	313
8.046926498413086	0.0	3598.217041015625	3383.20458984375	6	0.0	313
44.37129592895508	0.0	0.0	58059.99609375	7	0.0	313
91077.4921875	79403.97265625	0.0	137096.0	5	0.0	313
299525.25	0.0	0.0	299525.25	17	0.0	313
1163.033935546875	0.0	0.0	84109.8125	8	0.0	313
130438.8984375	0.0	0.0	130438.8984375	11	0.0	313
30.689016342163086	0.0	0.0	3401.941650390625	106	0.0	313
57147.20703125	46893.51171875	0.0	104626.609375	5	0.0	313
310584.25	0.0	0.0	310584.25	16	0.0	313
30.067785263061523	0.0	0.0	58014.3984375	7	0.0	313
3640.75390625	0.0	0.0	70241.890625	29	0.0	313
212772.09375	0.0	0.0	212772.09375	24	0.0	313
60829.45703125	0.0	0.0	60829.45703125	57	0.0	313
16.167322158813477	0.515625	0.0	69836.0390625	24	0.0	313
64671.9453125	53278.75390625	0.0	111066.1171875	5	0.0	313
12121.013671875	9963.9375	0.0	79944.875	20	0.0	313
1546271.625	0.0	0.0	1546271.625	6	0.0	313
50283.421875	40888.2734375	0.0	98641.296875	5	0.0	313
864607.5625	0.0	0.0	864607.5625	6	0.0	313
64731.9375	0.0	85330.9296875	141377.8125	13	0.0	313
15.163318634033203	7.56396484375	0.0	5299.8623046875	8	0.0	313
108.49048614501953	0.0	0.0	57955.9921875	7	0.0	313
65032.3359375	0.0	0.0	143641.265625	91	0.0	313
64419.2578125	0.0	0.0	141450.0625	13	0.0	313
50926.04296875	41787.890625	0.0	99556.046875	5	0.0	313
4894.6875	4010.63671875	0.0	61693.2890625	5	0.0	313
31423.482421875	0.0	1822.6239013671875	33070.8046875	33	0.0	313
2272454.75	0.0	0.0	2272454.75	2	0.0	313
89149.8359375	77517.796875	0.0	135265.140625	5	0.0	313
7.599775791168213	0.0	0.0	5292.298828125	8	0.0	313
57532.85546875	0.0	0.0	57532.85546875	7	0.0	313
1052530.125	0.0	0.0	1052530.125	6	0.0	313
784.2528686523438	0.0	47389.77734375	46242.2890625	43	0.0	313
6107.7607421875	0.0	0.0	31347.90234375	6	0.0	313
31414.154296875	0.0	1822.6239013671875	31130.40625	5	0.0	313
1098559.375	0.0	0.0	1098559.375	6	0.0	313
30.920080184936523	0.0	3598.217041015625	3401.94140625	66	0.0	313
30.82121467590332	0.0	0.0	3404.377685546875	71	0.0	313
60217.8359375	49413.52734375	0.0	107186.78125	5	0.0	313
21342.515625	17509.12890625	0.0	75226.734375	5	0.0	313
6474.6220703125	0.0	0.0	8298.1552734375	11	0.0	313
64671.9453125	53278.75390625	0.0	111066.1171875	5	0.0	313
394282.9375	0.0	0.0	394282.9375	9	0.0	313
11626.2548828125	9455.4296875	0.0	54893.91796875	8	0.0	313
587.3281860351562	0.0	0.0	45796.01171875	11	0.0	313
63710.77734375	0.0	85330.9296875	80820.59375	33	0.0	313
34097.53125	27674.90625	0.0	85464.0625	5	0.0	313
230.16769409179688	0.0	0.0	84162.09375	8	0.0	313
64014.62890625	52627.27734375	0.0	110319.984375	5	0.0	313
8856.953125	0.0	0.0	50665.41015625	31	0.0	313
1280167.125	0.0	0.0	1280167.125	6	0.0	313
3155.76318359375	0.0	0.0	58045.55859375	7	0.0	313
29.398435592651367	0.0	0.0	57999.4375	7	0.0	313
469991.5	0.0	0.0	469991.5	5	0.0	313
54029.82421875	44335.125	0.0	102042.984375	5	0.0	313
1098559.375	0.0	0.0	1098559.375	6	0.0	313
4796.18115234375	3929.796875	0.0	61706.00390625	5	0.0	313
72906.4765625	0.0	0.0	72906.4765625	9	0.0	313
8642.041015625	7102.2734375	71938.703125	76930.6171875	10	0.0	313
136030.765625	123998.48828125	0.0	181682.125	5	0.0	313
54029.82421875	44335.125	0.0	102042.984375	5	0.0	313
58900.7734375	0.0	0.0	58900.7734375	5	0.0	313
151598.0625	0.0	0.0	151598.0625	7	0.0	313
141435.828125	0.0	0.0	141435.828125	13	0.0	313
52723.34375	43262.921875	0.0	101037.859375	5	0.0	313
120037.03125	0.0	0.0	120037.03125	11	0.0	313
319.9548034667969	0.0	279950.0	61406.203125	1444	0.0	313
2272454.75	0.0	0.0	2272454.75	2	0.0	313
4842.228515625	0.0	0.0	4842.228515625	4	0.0	313
37366.9140625	30660.11328125	0.0	88381.0859375	5	0.0	313
2272454.75	0.0	0.0	2272454.75	2	0.0	313
57143.9140625	46890.80859375	0.0	104592.6640625	5	0.0	313
300307.28125	0.0	0.0	300307.28125	6	0.0	313
23478.798828125	0.0	59579.2109375	57532.85546875	7	0.0	313
429.23907470703125	0.0	0.0	60829.5234375	337	0.0	313
6228.2099609375	0.0	85330.9296875	142181.453125	25	0.0	313
20.3066463470459	0.0	0.0	58031.18359375	7	0.0	313
15.163318634033203	7.56396484375	0.0	5299.8623046875	8	0.0	313
2272454.75	0.0	0.0	2272454.75	2	0.0	313
61408.53515625	0.0	0.0	144664.8125	37	0.0	313
131.01490783691406	0.0	0.0	58052.34765625	7	0.0	313
14578.013671875	23895.890625	0.0	69684.625	5	0.0	313
658.6840209960938	0.0	0.0	658.6840209960938	3	0.0	313
50892.28125	0.0	0.0	60648.546875	21	0.0	313
1174530.375	0.0	0.0	1174530.375	6	0.0	313
263131.125	0.0	0.0	263131.125	16	0.0	313
96552.296875	26571.0078125	0.0	96552.296875	24	0.0	313
20711.396484375	0.0	303660.796875	61605.83203125	57	0.0	313
1713.7183837890625	0.0	4461.29638671875	65857.421875	501	0.0	313
2272454.75	0.0	0.0	2272454.75	2	0.0	313
385.557861328125	0.0	0.0	49017.390625	9	0.0	313
23478.798828125	0.0	0.0	57532.85546875	7	0.0	313
791.8717041015625	0.0	2427.0078125	2360.941162109375	12	0.0	313
58464.04296875	0.0	0.0	60587.8984375	34	0.0	313
1097.8970947265625	0.0	0.0	61797.2734375	1855	0.0	313
198.7631378173828	0.0	0.0	49044.87109375	8	0.0	313
137.09725952148438	0.0	0.0	60654.390625	23	0.0	313
124.94253540039062	0.0	0.0	58030.859375	7	0.0	313
659013.25	0.0	0.0	659013.25	12	0.0	313
23478.798828125	0.0	0.0	57532.85546875	7	0.0	313
9559.05078125	0.0	0.0	65181.80859375	235	0.0	313
12104.96484375	0.0	0.0	60917.9375	64	0.0	313
5908.560546875	0.0	0.0	45230.94140625	136	0.0	313
20711.396484375	0.0	0.0	61605.83203125	57	0.0	313
40814.8828125	33489.81640625	0.0	91218.9375	5	0.0	313
54165.890625	44068.12890625	0.0	101768.21875	5	0.0	313
1066.3804931640625	0.0	0.0	40377.37109375	97	0.0	313
51029.21875	0.0	0.0	60785.484375	21	0.0	313
21330.09375	0.0	0.0	61242.87890625	57	0.0	313
11030.7041015625	0.0	174944.5625	61107.5078125	56	0.0	313
202.65875244140625	0.0	0.0	60979.99609375	23	0.0	313
561.106201171875	0.0	0.0	61811.3125	283	0.0	313
101.60173797607422	0.0	0.0	60889.66796875	23	0.0	313
142.48190307617188	0.0	0.0	58015.2578125	7	0.0	313
22.72751808166504	7.56396484375	0.0	5299.8623046875	8	0.0	313
15.299723625183105	0.0	0.0	58005.3671875	7	0.0	313
1151.946044921875	0.0	85330.9296875	142063.671875	25	0.0	313
26943.947265625	0.0	0.0	61640.29296875	61	0.0	313
11816.365234375	0.0	0.0	61285.03515625	20	0.0	313
4438.58642578125	0.0	0.0	44595.16015625	100	0.0	313
4006.0478515625	0.0	0.0	61707.86328125	52	0.0	313
23478.798828125	0.0	59579.2109375	57532.85546875	7	0.0	313
1545.3011474609375	0.0	0.0	40380.4140625	89	0.0	313
30.067785263061523	0.0	0.0	58014.3984375	7	0.0	313
23811.330078125	0.0	0.0	60989.42578125	62	0.0	313
1835.4547119140625	0.0	0.0	84114.5078125	8	0.0	313
20279.31640625	0.0	0.0	51399.85546875	25	0.0	313
2779.26611328125	0.0	0.0	58038.71484375	7	0.0	313
8642.041015625	7102.2734375	0.0	76930.6171875	11	0.0	313
4400.798828125	0.0	0.0	5974.59765625	19	0.0	313
55255.13671875	0.0	0.0	87828.46875	1081	0.0	313
339.1108093261719	0.0	0.0	61485.1328125	62	0.0	313
1479.891357421875	0.0	0.0	84099.1953125	8	0.0	313
20248.568359375	0.0	0.0	61318.953125	57	0.0	313
1954.063232421875	0.0	0.0	60662.33203125	23	0.0	313
29850.25390625	0.0	0.0	66636.6640625	44	0.0	313
864607.5625	0.0	0.0	864607.5625	6	0.0	313
233.70779418945312	0.0	0.0	60985.84375	23	0.0	313
78668.578125	0.0	0.0	78668.578125	13	0.0	313
11675.859375	0.0	0.0	61400.22265625	40	0.0	313
86661.390625	0.0	0.0	86661.390625	9	0.0	313
20701.015625	0.0	0.0	61772.01171875	77	0.0	313
22407.65234375	0.0	0.0	61175.8984375	32	0.0	313
22766.37109375	0.0	0.0	61231.546875	38	0.0	313
12391.4013671875	0.0	0.0	61755.0234375	100	0.0	313
12167.611328125	0.0	0.0	61649.79296875	20	0.0	313
1260.803955078125	0.0	0.0	61085.390625	68	0.0	313
360.9004211425781	0.0	0.0	50329.5859375	748	0.0	313
20425.1484375	0.0	0.0	20425.1484375	5	0.0	313
74492.90625	0.0	0.0	74492.90625	10	0.0	313
2753.9365234375	0.0	0.0	57978.82421875	7	0.0	313
73020.84375	0.0	0.0	73020.84375	9	0.0	313
2687.930419921875	0.0	0.0	58047.359375	7	0.0	313
177.20094299316406	0.0	0.0	40387.078125	225	0.0	313
1235.090576171875	0.0	0.0	61911.98828125	1141	0.0	313
331088.59375	0.0	0.0	331088.59375	11	0.0	313
1399174.0	0.0	0.0	1399174.0	11	0.0	313
2218.319580078125	0.0	0.0	84161.6875	8	0.0	313
51301.55859375	0.0	279950.0	61065.390625	23	0.0	313
87.20472717285156	0.0	0.0	58013.48828125	7	0.0	313
1775.4761962890625	0.0	0.0	40613.5234375	97	0.0	313
212675.75	0.0	0.0	212675.75	17	0.0	313
38219.31640625	0.0	0.0	40579.29296875	9	0.0	313
9825.982421875	0.0	157273.71875	61435.03125	67	0.0	313
23478.798828125	0.0	0.0	57532.85546875	7	0.0	313
1053.91748046875	0.0	0.0	40377.55078125	121	0.0	313
11635.0458984375	0.0	0.0	61673.046875	21	0.0	313
23.349702835083008	0.0	3598.217041015625	5596.1923828125	50	0.0	313
234.221435546875	0.0	0.0	61840.02734375	333	0.0	313
12439.44921875	0.0	0.0	61578.2890625	68	0.0	313
108704.1875	96020.46875	0.0	108704.1875	10	0.0	313
125.77421569824219	0.0	0.0	58009.55078125	7	0.0	313
31612.474609375	51875.0703125	0.0	83669.984375	5	0.0	313
158012.546875	139437.7421875	0.0	223511.5625	6	0.0	313
317.873046875	0.0	0.0	59322.06640625	5	0.0	313
21.14727020263672	0.0	0.0	57959.9296875	7	0.0	313
307.61102294921875	0.0	0.0	40380.0390625	145	0.0	313
2158.05810546875	0.0	0.0	84146.59375	8	0.0	313
4472.6982421875	0.0	0.0	44609.85546875	37	0.0	313
152.11917114257812	0.0	0.0	58059.078125	7	0.0	313
212190.828125	0.0	0.0	212190.828125	15	0.0	313
23.470478057861328	0.0	0.0	3464.451904296875	21	0.0	313
465.0903015136719	0.0	0.0	60952.58203125	25	0.0	313
61015.22265625	0.0	0.0	61015.22265625	10	0.0	313
70245.3515625	0.0	0.0	70245.3515625	14	0.0	313
212902.5625	0.0	0.0	212902.5625	63	0.0	313
51216.1640625	0.0	0.0	60979.99609375	23	0.0	313
359424.46875	0.0	0.0	359424.46875	14	0.0	313
161.86221313476562	0.0	0.0	40371.89453125	105	0.0	313
5589.98583984375	0.0	0.0	52922.03515625	8	0.0	313
561.106201171875	0.0	0.0	61811.3125	283	0.0	313
1435.422607421875	0.0	0.0	16879.4765625	99	0.0	313
688.293212890625	0.0	0.0	40431.93359375	289	0.0	313
22875.1640625	0.0	0.0	61560.9453125	34	0.0	313
11816.365234375	0.0	0.0	61285.03515625	20	0.0	313
23478.798828125	0.0	0.0	57532.85546875	7	0.0	313
250.4225311279297	0.0	0.0	4318.2314453125	17	0.0	313
30532.142578125	0.0	0.0	61397.609375	19	0.0	313
1053.91748046875	0.0	0.0	40377.55078125	121	0.0	313
51140.62109375	0.0	0.0	60896.88671875	21	0.0	313
1022.4675903320312	0.0	0.0	1022.4675903320312	7	0.0	313
38.61463928222656	0.0	0.0	3409.509765625	29	0.0	313
194205.265625	364443.9296875	0.0	242706.109375	12	0.0	313
51273.09375	0.0	0.0	61029.359375	21	0.0	313
7042.701171875	0.0	0.0	45721.69140625	163	0.0	313
32494.404296875	0.0	0.0	61613.734375	56	0.0	313
142.39434814453125	0.0	0.0	58048.06640625	7	0.0	313
11763.9169921875	0.0	0.0	61441.03125	63	0.0	313
273687.53125	0.0	0.0	273687.53125	12	0.0	313
2358.603515625	0.0	0.0	84105.6953125	8	0.0	313
23478.798828125	0.0	0.0	57532.85546875	7	0.0	313
32542.02734375	26476.8515625	71938.703125	96312.046875	13	0.0	313
166236.3125	0.0	0.0	166236.3125	4	0.0	313
43.02994155883789	0.0	0.0	57957.2421875	7	0.0	313
730.4445190429688	0.0	0.0	2349.03369140625	12	0.0	313
23478.798828125	0.0	0.0	57532.85546875	7	0.0	313
4438.58642578125	0.0	0.0	44595.16015625	100	0.0	313
7968.85546875	0.0	0.0	60633.3046875	25	0.0	313
51293.21875	0.0	0.0	61049.484375	21	0.0	313
25873.73828125	0.0	0.0	60989.42578125	62	0.0	313
65339.12890625	0.0	0.0	141415.28125	13	0.0	313
26858.828125	0.0	0.0	60987.95703125	62	0.0	313
134074.96875	146175.25	0.0	134074.96875	11	0.0	313
24257.955078125	0.0	0.0	61578.5703125	64	0.0	313
23478.798828125	0.0	0.0	57532.85546875	7	0.0	313
21268.76171875	0.0	0.0	22845.6640625	17	0.0	313
3811.81689453125	0.0	0.0	58021.7734375	7	0.0	313
3435.381103515625	0.0	0.0	61127.6953125	1524	0.0	313
27679.6640625	0.0	146387.078125	61630.1484375	56	0.0	313
213703.875	0.0	0.0	213703.875	32	0.0	313
71341.390625	59883.91796875	0.0	117599.515625	5	0.0	313
1342.7548828125	0.0	0.0	142155.25	25	0.0	313
1958.039794921875	0.0	0.0	84076.7421875	8	0.0	313
50535.4921875	41467.375	0.0	99151.9375	5	0.0	313
50.34839630126953	0.0	0.0	50.34839630126953	4	0.0	313
7.9542717933654785	0.0	0.0	3508.567626953125	6	0.0	313
23478.798828125	0.0	59579.2109375	57532.85546875	7	0.0	313
38496.23046875	0.0	0.0	40629.421875	9	0.0	313
317.5810546875	0.0	0.0	59362.5703125	5	0.0	313
57905.796875	0.0	0.0	141319.390625	13	0.0	313
23303.775390625	0.0	0.0	61707.86328125	52	0.0	313
5394.1650390625	0.0	0.0	40403.66015625	33	0.0	313
5642.92626953125	0.0	0.0	61579.09375	63	0.0	313
2753.9365234375	0.0	0.0	57978.82421875	7	0.0	313
2372.7021484375	0.0	0.0	61810.8984375	509	0.0	313
15.165003776550293	0.0	0.0	5630.2607421875	8	0.0	313
23721.064453125	0.0	0.0	61514.32421875	61	0.0	313
281.86419677734375	0.0	0.0	40372.13671875	41	0.0	313
23478.798828125	0.0	0.0	57532.85546875	7	0.0	313
634.7513427734375	0.0	0.0	61392.79296875	786	0.0	313
41324.07421875	0.0	0.0	74197.3828125	12	0.0	313
196.13916015625	0.0	0.0	60748.87109375	23	0.0	313
45.46919631958008	0.0	49493.7109375	3409.51171875	41	0.0	313
785.9171142578125	0.0	0.0	44554.265625	210	0.0	313
21406.515625	0.0	0.0	61062.19140625	56	0.0	313
14235.330078125	0.0	157374.390625	70807.7890625	39	0.0	313
101234.390625	81088.734375	0.0	101234.390625	10	0.0	313
60986.234375	0.0	0.0	60986.234375	23	0.0	313
85175.96875	0.0	0.0	193757.546875	73	0.0	313
389.0080261230469	0.0	0.0	84163.09375	8	0.0	313
710.4383544921875	0.0	0.0	40655.0234375	73	0.0	313
229360.78125	0.0	0.0	229360.78125	17	0.0	313
2518.43359375	0.0	0.0	58062.4609375	7	0.0	313
7769.4267578125	0.0	0.0	60941.01171875	23	0.0	313
51092.78515625	0.0	0.0	60849.05078125	21	0.0	313
213004.109375	0.0	0.0	213004.109375	12	0.0	313
61850.859375	0.0	0.0	61850.859375	53	0.0	313
239.07142639160156	0.0	0.0	4318.47607421875	29	0.0	313
61615.5078125	0.0	0.0	61615.5078125	75	0.0	313
2002.9453125	0.0	0.0	23602.318359375	15	0.0	313
198.39169311523438	0.0	0.0	84108.5625	8	0.0	313
38117.41015625	0.0	0.0	71037.0546875	20	0.0	313
112548.8125	0.0	0.0	112548.8125	11	0.0	313
61117.4453125	0.0	0.0	61117.4453125	63	0.0	313
73359.9609375	0.0	0.0	155402.21875	27	0.0	313
107730.1796875	0.0	0.0	107730.1796875	11	0.0	313
621577.25	0.0	0.0	621577.25	12	0.0	313
61115.44921875	0.0	0.0	61115.44921875	40	0.0	313
1286.8865966796875	0.0	0.0	1286.8865966796875	3	0.0	313
58316.4765625	0.0	0.0	58316.4765625	5	0.0	313
61900.1484375	0.0	0.0	61900.1484375	124	0.0	313
320798.8125	0.0	0.0	320798.8125	12	0.0	313
4443.43212890625	0.0	0.0	63742.39453125	51	0.0	313
61507.9453125	0.0	0.0	61507.9453125	61	0.0	313
166378.4375	0.0	0.0	166378.4375	10	0.0	313
40579.29296875	0.0	0.0	40579.29296875	9	0.0	313
113273.015625	0.0	0.0	113273.015625	12	0.0	313
169226.5625	0.0	0.0	169226.5625	10	0.0	313
11694.0927734375	0.0	157273.71875	60731.71484375	53	0.0	313
29673.529296875	0.0	0.0	61750.671875	62	0.0	313
60862.9609375	0.0	0.0	60862.9609375	21	0.0	313
375367.8125	0.0	0.0	375367.8125	5	0.0	313
476.0697326660156	0.0	0.0	60678.64453125	25	0.0	313
42609.40625	0.0	0.0	45721.69140625	163	0.0	313
61744.7578125	0.0	0.0	61744.7578125	56	0.0	313
65339.12890625	0.0	0.0	141415.28125	13	0.0	313
21671.97265625	17904.97265625	0.0	78786.5390625	12	0.0	313
228708.53125	0.0	0.0	228708.53125	12	0.0	313
60985.45703125	0.0	0.0	60985.45703125	23	0.0	313
60604.69140625	0.0	0.0	60604.69140625	25	0.0	313
61323.36328125	0.0	0.0	61323.36328125	61	0.0	313
61062.19140625	0.0	0.0	61062.19140625	56	0.0	313
774.9769287109375	0.0	0.0	61753.1875	56	0.0	313
137734.375	0.0	0.0	137734.375	11	0.0	313
40376.6953125	0.0	0.0	40376.6953125	121	0.0	313
196812.140625	0.0	0.0	196812.140625	11	0.0	313
101945.515625	0.0	0.0	101945.515625	11	0.0	313
158841.78125	0.0	0.0	158841.78125	10	0.0	313
123878.140625	0.0	0.0	123878.140625	11	0.0	313
5753.80224609375	0.0	0.0	7388.8349609375	9	0.0	313
9000.033203125	14784.734375	0.0	77220.71875	13	0.0	313
103370.484375	0.0	0.0	103370.484375	11	0.0	313
50195.65625	41188.48046875	0.0	98941.140625	5	0.0	313
73020.84375	3192.5625	0.0	73020.84375	8	0.0	313
60795.73828125	0.0	0.0	60795.73828125	10	0.0	313
60925.13671875	0.0	0.0	60925.13671875	106	0.0	313
61771.5703125	0.0	0.0	61771.5703125	206	0.0	313
1388400.75	0.0	0.0	1388400.75	11	0.0	313
418.4555358886719	0.0	0.0	2181.452880859375	49	0.0	313
139432.890625	0.0	0.0	139432.890625	12	0.0	313
7716.13525390625	12681.3125	71938.703125	76168.984375	7	0.0	313
61703.359375	0.0	0.0	61703.359375	731	0.0	313
40371.81640625	0.0	0.0	40371.81640625	105	0.0	313
61435.03125	0.0	0.0	61435.03125	67	0.0	313
143586.890625	0.0	0.0	143586.890625	11	0.0	313
1271.7750244140625	0.0	0.0	1271.7750244140625	3	0.0	313
8.814746856689453	0.0	0.0	3420.927978515625	6	0.0	313
155844.546875	0.0	0.0	155844.546875	11	0.0	313
213353.75	0.0	0.0	213353.75	94	0.0	313
168779.578125	0.0	0.0	168779.578125	11	0.0	313
40276.484375	0.0	0.0	40276.484375	33	0.0	313
60987.84765625	0.0	0.0	60987.84765625	23	0.0	313
538107.5625	0.0	0.0	538107.5625	9	0.0	313
61278.4140625	0.0	0.0	61278.4140625	667	0.0	313
178465.8125	0.0	0.0	178465.8125	10	0.0	313
60910.77734375	0.0	0.0	60910.77734375	25	0.0	313
40379.60546875	0.0	0.0	40379.60546875	57	0.0	313
195910.21875	0.0	0.0	195910.21875	10	0.0	313
7716.13525390625	12681.3125	0.0	76168.984375	7	0.0	313
66450.1328125	0.0	0.0	66450.1328125	41	0.0	313
162838.375	0.0	0.0	162838.375	11	0.0	313
157.60838317871094	0.0	0.0	84058.7734375	8	0.0	313
61271.48046875	0.0	0.0	61271.48046875	33	0.0	313
60965.24609375	0.0	0.0	60965.24609375	10	0.0	313
68787.8984375	0.0	0.0	68787.8984375	25	0.0	313
60917.97265625	0.0	0.0	60917.97265625	23	0.0	313
61454.01953125	0.0	0.0	61454.01953125	63	0.0	313
103964.5546875	0.0	0.0	103964.5546875	10	0.0	313
103322.953125	0.0	0.0	103322.953125	11	0.0	313
3642.395751953125	0.0	0.0	70242.8359375	29	0.0	313
60604.69140625	0.0	0.0	60604.69140625	25	0.0	313
61544.41015625	0.0	0.0	61544.41015625	61	0.0	313
166445.84375	0.0	0.0	166445.84375	10	0.0	313
192625.15625	0.0	0.0	192625.15625	10	0.0	313
57532.85546875	0.0	0.0	57532.85546875	7	0.0	313
60828.671875	0.0	0.0	60828.671875	21	0.0	313
60896.84765625	0.0	0.0	60896.84765625	596	0.0	313
61388.015625	0.0	0.0	61388.015625	61	0.0	313
62173.3828125	0.0	0.0	62173.3828125	2365	0.0	313
151906.5	0.0	0.0	151906.5	10	0.0	313
200929.625	0.0	0.0	200929.625	11	0.0	313
109.82984161376953	0.0	0.0	1888.5833740234375	29	0.0	313
122201.671875	0.0	0.0	122201.671875	10	0.0	313
7716.13525390625	12681.3125	0.0	76168.984375	7	0.0	313
61469.08984375	0.0	0.0	61469.08984375	20	0.0	313
322851.03125	0.0	0.0	322851.03125	10	0.0	313
122324.71875	0.0	0.0	122324.71875	11	0.0	313
162756.078125	0.0	0.0	162756.078125	11	0.0	313
97846.96875	0.0	0.0	97846.96875	10	0.0	313
49632.0390625	0.0	0.0	81887.140625	676	0.0	313
61364.515625	0.0	0.0	61364.515625	62	0.0	313
178902.5625	0.0	0.0	178902.5625	11	0.0	313
61753.5	0.0	0.0	61753.5	433	0.0	313
61564.015625	0.0	0.0	61564.015625	48	0.0	313
1182.3294677734375	0.0	0.0	1182.3294677734375	2	0.0	313
6440.93896484375	0.0	71938.703125	70232.046875	20	0.0	313
40380.8359375	0.0	0.0	40380.8359375	73	0.0	313
165296.796875	0.0	0.0	165296.796875	12	0.0	313
138412.140625	0.0	0.0	138412.140625	11	0.0	313
143667.71875	0.0	0.0	143667.71875	10	0.0	313
181734.578125	0.0	0.0	181734.578125	11	0.0	313
40371.86328125	0.0	0.0	40371.86328125	89	0.0	313
64314.75	0.0	0.0	141447.546875	13	0.0	313
1293499.875	0.0	0.0	1293499.875	10	0.0	313
60653.56640625	0.0	0.0	60653.56640625	21	0.0	313
294003.8125	0.0	0.0	294003.8125	12	0.0	313
40372.77734375	0.0	0.0	40372.77734375	105	0.0	313
156080.59375	0.0	0.0	156080.59375	10	0.0	313
60868.3828125	0.0	0.0	60868.3828125	23	0.0	313
7716.13525390625	19021.96875	0.0	76168.984375	7	0.0	313
182763.59375	0.0	0.0	182763.59375	10	0.0	313
153091.5	0.0	0.0	153091.5	11	0.0	313
166930.125	0.0	0.0	166930.125	11	0.0	313
103964.5546875	0.0	0.0	103964.5546875	10	0.0	313
61581.67578125	0.0	0.0	61581.67578125	30	0.0	313
61371.90625	0.0	0.0	61371.90625	64	0.0	313
538107.5625	0.0	0.0	538107.5625	9	0.0	313
1335243.0	0.0	0.0	1335243.0	11	0.0	313
61662.27734375	0.0	0.0	61662.27734375	109	0.0	313
60985.45703125	0.0	0.0	60985.45703125	23	0.0	313
148375.84375	0.0	0.0	148375.84375	10	0.0	313
146320.640625	0.0	0.0	146320.640625	11	0.0	313
40608.63671875	0.0	0.0	40608.63671875	25	0.0	313
42467.59765625	34846.17578125	0.0	92622.921875	5	0.0	313
40959.46484375	0.0	0.0	44851.171875	64	0.0	313
35295.66015625	28960.2734375	0.0	86714.7890625	5	0.0	313
132033.59375	0.0	0.0	132033.59375	10	0.0	313
61454.01953125	0.0	0.0	61454.01953125	63	0.0	313
173353.8125	0.0	0.0	173353.8125	11	0.0	313
11911.6044921875	0.0	146387.078125	61100.8203125	462	0.0	313
398.69915771484375	0.0	0.0	49018.18359375	8	0.0	313
90580.5859375	78974.93359375	0.0	139991.46875	11	0.0	313
12895.869140625	0.0	0.0	61494.21875	155	0.0	313
27576.841796875	0.0	0.0	61318.953125	57	0.0	313
56325.5859375	46545.53515625	0.0	107532.171875	11	0.0	313
40420.44140625	0.0	0.0	40420.44140625	33	0.0	313
27701.109375	0.0	0.0	61639.40234375	59	0.0	313
53769.19140625	44432.72265625	0.0	104951.8125	11	0.0	313
112548.8125	0.0	0.0	112548.8125	11	0.0	313
906.7766723632812	0.0	0.0	86477.2265625	31	0.0	313
40432.9453125	0.0	0.0	40432.9453125	98	0.0	313
192130.5625	0.0	0.0	192130.5625	12	0.0	313
61606.62109375	0.0	0.0	61606.62109375	62	0.0	313
60900.578125	0.0	0.0	60900.578125	23	0.0	313
60770.40234375	0.0	0.0	60770.40234375	21	0.0	313
896.1815185546875	0.0	0.0	2251.938720703125	5	0.0	313
478865.5625	0.0	0.0	478865.5625	12	0.0	313
33829.36328125	0.0	0.0	71037.0546875	20	0.0	313
107046.8671875	0.0	0.0	107046.8671875	11	0.0	313
180508.25	0.0	0.0	180508.25	10	0.0	313
61792.99609375	0.0	0.0	61792.99609375	67	0.0	313
178831.59375	0.0	0.0	178831.59375	10	0.0	313
40278.63671875	0.0	0.0	40278.63671875	41	0.0	313
164468.890625	0.0	0.0	164468.890625	10	0.0	313
144907.859375	0.0	0.0	144907.859375	11	0.0	313
61056.09765625	0.0	0.0	61056.09765625	63	0.0	313
157533.859375	0.0	0.0	157533.859375	11	0.0	313
61753.15625	0.0	0.0	61753.15625	61	0.0	313
1261.2021484375	0.0	0.0	1261.2021484375	3	0.0	313
176361.0	0.0	0.0	176361.0	11	0.0	313
366821.09375	0.0	0.0	366821.09375	12	0.0	313
40579.29296875	0.0	0.0	40579.29296875	9	0.0	313
122201.671875	0.0	0.0	122201.671875	10	0.0	313
101234.390625	0.0	0.0	101234.390625	10	0.0	313
60993.6875	0.0	0.0	60993.6875	64	0.0	313
61639.40234375	0.0	0.0	61639.40234375	59	0.0	313
167316.625	0.0	0.0	167316.625	10	0.0	313
61389.1484375	0.0	0.0	61389.1484375	61	0.0	313
16.166170120239258	1.546875	0.0	69836.0390625	20	0.0	313
213755.40625	0.0	0.0	213755.40625	27	0.0	313
71524.7890625	60065.79296875	0.0	117783.0625	5	0.0	313
60970.375	0.0	0.0	60970.375	21	0.0	313
23.731901168823242	0.0	0.0	3475.433349609375	21	0.0	313
205128.25	0.0	0.0	205128.25	12	0.0	313
151906.5	0.0	0.0	151906.5	10	0.0	313
99699.703125	0.0	0.0	99699.703125	10	0.0	313
61779.04296875	0.0	0.0	61779.04296875	505	0.0	313
40377.37109375	0.0	0.0	40377.37109375	97	0.0	313
40384.5703125	0.0	0.0	40384.5703125	25	0.0	313
213667.5625	0.0	0.0	213667.5625	109	0.0	313
41634.1015625	0.0	0.0	41634.1015625	161	0.0	313
213147.296875	0.0	0.0	213147.296875	56	0.0	313
61863.3671875	0.0	0.0	61863.3671875	47	0.0	313
142396.125	0.0	0.0	142396.125	10	0.0	313
129318.7109375	0.0	0.0	129318.7109375	11	0.0	313
60925.13671875	0.0	0.0	60925.13671875	106	0.0	313
208278.421875	0.0	0.0	208278.421875	10	0.0	313
143297.359375	0.0	0.0	143297.359375	10	0.0	313
60578.0078125	0.0	0.0	60578.0078125	63	0.0	313
587.3281860351562	0.0	47389.77734375	45796.01171875	11	0.0	313
163272.390625	0.0	0.0	163272.390625	11	0.0	313
199045.140625	0.0	0.0	199045.140625	11	0.0	313
1348674.125	0.0	0.0	1348674.125	10	0.0	313
61195.0	0.0	0.0	61195.0	666	0.0	313
61394.00390625	0.0	0.0	61394.00390625	61	0.0	313
123991.6796875	0.0	0.0	123991.6796875	11	0.0	313
169084.765625	0.0	0.0	169084.765625	10	0.0	313
171368.21875	0.0	0.0	171368.21875	10	0.0	313
1388400.75	0.0	0.0	1388400.75	11	0.0	313
157279.59375	0.0	0.0	157279.59375	11	0.0	313
60694.046875	0.0	0.0	60694.046875	23	0.0	313
1364600.875	0.0	0.0	1364600.875	10	0.0	313
26896.259765625	66352.59375	0.0	91990.875	21	0.0	313
1378294.375	0.0	0.0	1378294.375	11	0.0	313
2911.71484375	7145.5546875	0.0	72210.1171875	18	0.0	313
166989.03125	0.0	0.0	166989.03125	10	0.0	313
1607.1802978515625	2560.59228515625	0.0	3064.99951171875	5	0.0	313
157076.71875	0.0	0.0	157076.71875	11	0.0	313
179750.0625	0.0	0.0	179750.0625	11	0.0	313
60816.609375	0.0	0.0	60816.609375	3	0.0	313
164308.34375	0.0	0.0	164308.34375	11	0.0	313
159619.15625	0.0	0.0	159619.15625	10	0.0	313
7716.13525390625	12681.3125	0.0	76168.984375	7	0.0	313
19116.4765625	15718.15625	0.0	85612.953125	20	0.0	313
57820.46484375	0.0	0.0	141303.578125	13	0.0	313
271.997314453125	407.856689453125	0.0	1987.5159912109375	5	0.0	313
1335243.0	0.0	0.0	1335243.0	11	0.0	313
115720.8984375	0.0	0.0	115720.8984375	11	0.0	313
148375.84375	0.0	0.0	148375.84375	10	0.0	313
72906.4765625	0.0	0.0	72906.4765625	9	0.0	313
292956.09375	0.0	0.0	292956.09375	9	0.0	313
157279.59375	0.0	0.0	157279.59375	11	0.0	313
78668.578125	0.0	0.0	78668.578125	13	0.0	313
5740.486328125	0.0	47389.77734375	45571.66796875	6	0.0	313
72906.4765625	0.0	0.0	72906.4765625	9	0.0	313
695106.0625	0.0	0.0	695106.0625	5	0.0	313
94384.0	0.0	0.0	94384.0	23	0.0	313
184205.40625	0.0	0.0	184205.40625	11	0.0	313
21986.9296875	0.0	0.0	23737.2578125	33	0.0	313
6686.3017578125	0.0	0.0	131783.078125	25	0.0	313
73020.84375	0.0	0.0	73020.84375	8	0.0	313
359204.75	0.0	0.0	359204.75	12	0.0	313
1577.671630859375	2517.1591796875	0.0	3043.034912109375	5	0.0	313
194968.875	0.0	0.0	194968.875	11	0.0	313
90961.796875	0.0	0.0	90961.796875	24	0.0	313
244454.59375	0.0	0.0	244454.59375	6	0.0	313
169226.5625	0.0	0.0	169226.5625	10	0.0	313
76168.984375	0.0	0.0	76168.984375	6	0.0	313
76930.6171875	0.0	0.0	76930.6171875	12	0.0	313
167742.109375	0.0	0.0	167742.109375	11	0.0	313
116336.3828125	0.0	0.0	116336.3828125	11	0.0	313
21.837495803833008	0.0	0.0	57987.74609375	7	0.0	313
214255.78125	0.0	0.0	214255.78125	67	0.0	313
196808.234375	0.0	0.0	196808.234375	11	0.0	313
123450.40625	0.0	0.0	123450.40625	11	0.0	313
387123.90625	0.0	0.0	387123.90625	6	0.0	313
145893.140625	0.0	0.0	145893.140625	11	0.0	313
70561.734375	59090.28125	0.0	116858.9609375	5	0.0	313
7716.13525390625	6340.65625	71938.703125	76168.984375	7	0.0	313
242706.109375	0.0	0.0	242706.109375	12	0.0	313
76930.6171875	7102.2734375	0.0	76930.6171875	12	0.0	313
157076.71875	0.0	0.0	157076.71875	11	0.0	313
81119.7578125	11283.5078125	0.0	81119.7578125	23	0.0	313
213088.71875	0.0	0.0	213088.71875	60	0.0	313
157636.515625	0.0	0.0	157636.515625	10	0.0	313
79944.875	9963.9375	0.0	79944.875	20	0.0	313
137714.0625	0.0	0.0	137714.0625	11	0.0	313
144180.59375	0.0	0.0	144180.59375	11	0.0	313
171368.21875	0.0	0.0	171368.21875	10	0.0	313
84233.03125	14399.9140625	0.0	84233.03125	15	0.0	313
7719.751953125	6340.65625	0.0	76168.984375	7	0.0	313
73020.84375	3192.5625	0.0	73020.84375	9	0.0	313
73020.84375	3192.5625	0.0	73020.84375	7	0.0	313
72906.4765625	3078.1953125	0.0	72906.4765625	9	0.0	313
7716.13525390625	6340.65625	0.0	76168.984375	6	0.0	313
29367.783203125	23828.78515625	0.0	81522.140625	5	0.0	313
78668.578125	0.0	0.0	78668.578125	12	0.0	313
448836.25	0.0	0.0	448836.25	6	0.0	313
60816.609375	0.0	0.0	60816.609375	3	0.0	313
1313799.0	0.0	0.0	1313799.0	11	0.0	313
77220.71875	0.0	0.0	77220.71875	13	0.0	313
60399.14453125	0.0	71938.703125	70831.3046875	14	0.0	313
131518.75	0.0	0.0	131518.75	10	0.0	313
8642.041015625	7102.2734375	0.0	76930.6171875	11	0.0	313
174692.0	0.0	0.0	174692.0	11	0.0	313
8642.041015625	7102.2734375	0.0	76930.6171875	11	0.0	313
20800.8828125	33486.578125	0.0	62132.8359375	6	0.0	313
150215.921875	0.0	0.0	150215.921875	10	0.0	313
112174.46875	0.0	0.0	112174.46875	11	0.0	313
76679.2109375	6841.640625	0.0	76679.2109375	21	0.0	313
106815.4609375	36833.109375	0.0	106815.4609375	11	0.0	313
76168.984375	6340.65625	0.0	76168.984375	6	0.0	313
213580.46875	0.0	0.0	213580.46875	11	0.0	313
15.659419059753418	0.0	0.0	3454.3876953125	26	0.0	313
179051.4375	0.0	0.0	179051.4375	11	0.0	313
169786.40625	0.0	0.0	169786.40625	11	0.0	313
3905.509521484375	6385.125	176975.75	73020.84375	7	0.0	313
8642.041015625	14204.546875	0.0	76930.6171875	10	0.0	313
35178.9765625	28511.6640625	0.0	98344.3359375	9	0.0	313
212729.3125	0.0	0.0	212729.3125	10	0.0	313
591.335693359375	0.0	0.0	49019.9140625	8	0.0	313
144819.5	0.0	0.0	144819.5	12	0.0	313
27208.28125	22374.2109375	0.0	92202.8125	8	0.0	313
3908.03662109375	3192.5625	0.0	73020.84375	9	0.0	313
92345.03125	0.0	0.0	92345.03125	12	0.0	313
103370.484375	0.0	0.0	103370.484375	11	0.0	313
169084.765625	0.0	0.0	169084.765625	10	0.0	313
61788.4765625	0.0	0.0	61788.4765625	61	0.0	313
115295.21875	0.0	0.0	115295.21875	11	0.0	313
72906.4765625	0.0	0.0	72906.4765625	9	0.0	313
60979.99609375	0.0	0.0	60979.99609375	23	0.0	313
611057.3125	0.0	0.0	611057.3125	5	0.0	313
61570.6796875	0.0	0.0	61570.6796875	70	0.0	313
116631.921875	0.0	0.0	116631.921875	10	0.0	313
289220.3125	0.0	0.0	289220.3125	10	0.0	313
284717.21875	0.0	0.0	284717.21875	12	0.0	313
130438.8984375	0.0	0.0	130438.8984375	11	0.0	313
78668.578125	0.0	0.0	78668.578125	14	0.0	313
76168.984375	0.0	0.0	76168.984375	7	0.0	313
8994.703125	7392.3671875	71938.703125	77220.71875	11	0.0	313
349140.09375	0.0	0.0	349140.09375	15	0.0	313
230.16769409179688	0.0	0.0	84162.09375	8	0.0	313
57.73512649536133	0.0	0.0	57978.98046875	7	0.0	313
86000.9375	0.0	0.0	86000.9375	12	0.0	313
359423.875	0.0	0.0	359423.875	12	0.0	313
44595.55078125	37774.029296875	0.0	70278.25	6	0.0	313
258632.109375	0.0	0.0	258632.109375	12	0.0	313
73020.84375	3192.5625	0.0	73020.84375	9	0.0	313
116631.0	0.0	0.0	116631.0	11	0.0	313
118923.984375	0.0	0.0	118923.984375	10	0.0	313
116607.53125	0.0	0.0	116607.53125	11	0.0	313
1352648.875	0.0	0.0	1352648.875	10	0.0	313
8994.703125	7392.3671875	0.0	77220.71875	13	0.0	313
125848.953125	0.0	0.0	125848.953125	11	0.0	313
186100.78125	0.0	0.0	186100.78125	11	0.0	313
1333865.75	0.0	0.0	1333865.75	11	0.0	313
186931.296875	0.0	0.0	186931.296875	11	0.0	313
104090.78125	0.0	0.0	104090.78125	8	0.0	313
157636.515625	0.0	0.0	157636.515625	10	0.0	313
91342.3828125	0.0	0.0	91342.3828125	21	0.0	313
76168.984375	0.0	0.0	76168.984375	7	0.0	313
138704.9375	0.0	0.0	138704.9375	12	0.0	313
108.65350341796875	0.0	0.0	108.65350341796875	2	0.0	313
57141.85546875	46501.09375	0.0	104197.671875	5	0.0	313
78668.578125	0.0	0.0	78668.578125	13	0.0	313
85416.6796875	0.0	0.0	85416.6796875	23	0.0	313
22.72751808166504	7.56396484375	0.0	5299.8623046875	8	0.0	313
72906.4765625	0.0	0.0	72906.4765625	9	0.0	313
208469.375	0.0	0.0	208469.375	12	0.0	313
64671.9453125	53278.75390625	0.0	111066.1171875	5	0.0	313
8994.703125	7392.3671875	71938.703125	77220.71875	12	0.0	313
738.0513305664062	0.0	0.0	738.0513305664062	3	0.0	313
132548.25	0.0	0.0	132548.25	10	0.0	313
9000.033203125	7392.3671875	0.0	77220.71875	13	0.0	313
1308428.25	0.0	0.0	1308428.25	11	0.0	313
281872.125	0.0	0.0	281872.125	6	0.0	313
77220.71875	0.0	0.0	77220.71875	12	0.0	313
151906.5	0.0	0.0	151906.5	10	0.0	313
133799.515625	0.0	0.0	133799.515625	11	0.0	313
8642.041015625	7102.2734375	71938.703125	76930.6171875	10	0.0	313
88420.6875	18478.7890625	0.0	88420.6875	20	0.0	313
8642.041015625	7102.2734375	0.0	76930.6171875	10	0.0	313
212353.28125	0.0	0.0	212353.28125	24	0.0	313
109429.390625	0.0	0.0	109429.390625	11	0.0	313
7719.751953125	12681.3125	71938.703125	76168.984375	7	0.0	313
109429.390625	0.0	0.0	109429.390625	11	0.0	313
131459.65625	0.0	0.0	131459.65625	11	0.0	313
212729.3125	0.0	0.0	212729.3125	10	0.0	313
166378.4375	0.0	0.0	166378.4375	10	0.0	313
61454.43359375	0.0	0.0	61454.43359375	252	0.0	313
40372.77734375	0.0	0.0	40372.77734375	105	0.0	313
112333.6015625	0.0	0.0	112333.6015625	11	0.0	313
70616.1640625	0.0	0.0	70616.1640625	12	0.0	313
175048.34375	0.0	0.0	175048.34375	11	0.0	313
8642.041015625	14204.546875	0.0	76930.6171875	11	0.0	313
144014.9375	0.0	0.0	144014.9375	11	0.0	313
30.288959503173828	15.15625	0.0	45388.15234375	6	0.0	313
7716.13525390625	6340.65625	0.0	76168.984375	7	0.0	313
7719.751953125	6340.65625	0.0	76168.984375	7	0.0	313
244454.59375	0.0	0.0	244454.59375	6	0.0	313
197164.203125	0.0	0.0	197164.203125	11	0.0	313
7719.751953125	6340.65625	71938.703125	76168.984375	7	0.0	313
7719.751953125	6340.65625	0.0	76168.984375	7	0.0	313
1120752.0	0.0	0.0	1120752.0	6	0.0	313
162473.359375	0.0	0.0	162473.359375	11	0.0	313
76930.6171875	0.0	0.0	76930.6171875	10	0.0	313
186100.78125	0.0	0.0	186100.78125	11	0.0	313
196117.6875	0.0	0.0	196117.6875	11	0.0	313
145893.140625	0.0	0.0	145893.140625	11	0.0	313
146703.03125	0.0	0.0	146703.03125	10	0.0	313
135489.625	0.0	0.0	135489.625	10	0.0	313
78668.578125	0.0	0.0	78668.578125	11	0.0	313
209596.4375	0.0	0.0	209596.4375	7	0.0	313
192934.359375	0.0	0.0	192934.359375	11	0.0	313
90473.71875	0.0	0.0	90473.71875	20	0.0	313
73020.84375	0.0	0.0	73020.84375	9	0.0	313
212917.8125	0.0	0.0	212917.8125	14	0.0	313
202228.0625	0.0	0.0	202228.0625	11	0.0	313
8642.041015625	7102.2734375	71938.703125	76930.6171875	10	0.0	313
51111.09375	41565.76953125	0.0	99314.8671875	5	0.0	313
165477.046875	0.0	0.0	165477.046875	10	0.0	313
446905.0	0.0	0.0	446905.0	12	0.0	313
1350135.125	0.0	0.0	1350135.125	11	0.0	313
56669.0546875	46501.09375	0.0	104197.671875	5	0.0	313
148984.046875	0.0	0.0	148984.046875	12	0.0	313
191905.96875	0.0	0.0	191905.96875	11	0.0	313
44717.65625	0.0	0.0	70902.90625	53	0.0	313
287584.5	0.0	0.0	287584.5	16	0.0	313
228658.734375	0.0	0.0	228658.734375	11	0.0	313
96227.28125	0.0	0.0	96227.28125	14	0.0	313
387123.90625	0.0	0.0	387123.90625	6	0.0	313
119952.90625	0.0	0.0	119952.90625	9	0.0	313
76168.984375	0.0	0.0	76168.984375	7	0.0	313
205579.953125	0.0	0.0	205579.953125	11	0.0	313
56073.3515625	45629.109375	0.0	103401.296875	5	0.0	313
297028.1875	0.0	0.0	297028.1875	12	0.0	313
10754.86328125	8840.203125	157374.390625	78668.578125	12	0.0	313
56745.15625	46563.5546875	0.0	104275.3359375	5	0.0	313
873.4605102539062	0.0	0.0	2653.877685546875	37	0.0	313
873.4605102539062	0.0	0.0	2653.877685546875	37	0.0	313
1915.252197265625	0.0	0.0	70833.8671875	21	0.0	313
7716.13525390625	19021.96875	229313.09375	76168.984375	7	0.0	313
173.70726013183594	0.0	0.0	70588.828125	313	0.0	313
38117.41015625	0.0	0.0	71037.0546875	20	0.0	313
44498.28515625	0.0	0.0	71385.890625	37	0.0	313
90486.125	52953.703125	0.0	96312.046875	13	0.0	313
10754.86328125	17680.40625	0.0	78668.578125	9	0.0	313
20.655824661254883	0.0	0.0	70245.3515625	14	0.0	313
58004.83203125	0.0	0.0	74878.03125	31	0.0	313
38386.71484375	0.0	0.0	71306.359375	19	0.0	313
15139.951171875	0.0	0.0	16701.646484375	105	0.0	313
12604.93359375	0.0	0.0	14268.857421875	37	0.0	313
44498.28515625	0.0	0.0	71385.890625	37	0.0	313
78913.203125	18149.96875	0.0	78913.203125	9	0.0	313
9486.0771484375	0.0	0.0	70236.5078125	29	0.0	313
19233.62890625	0.0	0.0	70657.8046875	60	0.0	313
28574.65625	0.0	0.0	70746.1484375	58	0.0	313
76930.6171875	7102.2734375	0.0	76930.6171875	12	0.0	313
12640.7373046875	0.0	0.0	71025.8671875	38	0.0	313
407609.0625	0.0	0.0	407609.0625	6	0.0	313
7746.3349609375	0.0	0.0	9281.4072265625	21	0.0	313
97213.953125	0.0	0.0	97213.953125	9	0.0	313
1224286.25	0.0	0.0	1224286.25	10	0.0	313
185433.59375	0.0	0.0	185433.59375	5	0.0	313
20021.39453125	0.0	0.0	21707.349609375	73	0.0	313
70213.8671875	0.0	0.0	70213.8671875	29	0.0	313
73020.84375	0.0	0.0	73020.84375	7	0.0	313
119952.90625	0.0	0.0	119952.90625	9	0.0	313
22795.951171875	0.0	0.0	24520.826171875	115	0.0	313
8648.9609375	7102.2734375	71938.703125	76930.6171875	12	0.0	313
2524.017822265625	0.0	0.0	4122.6865234375	5	0.0	313
29897.732421875	0.0	0.0	70768.6953125	6	0.0	313
71037.0546875	0.0	0.0	71037.0546875	20	0.0	313
72578.4140625	0.0	0.0	72578.4140625	8	0.0	313
8994.703125	7392.3671875	71938.703125	77220.71875	11	0.0	313
72906.4765625	3078.1953125	0.0	72906.4765625	9	0.0	313
179293.40625	0.0	0.0	179293.40625	11	0.0	313
78668.578125	8840.203125	0.0	78668.578125	13	0.0	313
8994.703125	7392.3671875	0.0	77220.71875	12	0.0	313
1180399.875	0.0	0.0	1180399.875	6	0.0	313
70892.2265625	0.0	0.0	70892.2265625	33	0.0	313
70652.2734375	0.0	0.0	70652.2734375	43	0.0	313
8642.041015625	7102.2734375	71938.703125	76930.6171875	10	0.0	313
76249.59375	0.0	0.0	76249.59375	17	0.0	313
50.87468719482422	0.0	0.0	50.87468719482422	6	0.0	313
1007.1104125976562	0.0	0.0	1007.1104125976562	5	0.0	313
8642.041015625	7102.2734375	0.0	76930.6171875	11	0.0	313
1577.671630859375	1258.57958984375	0.0	3043.034912109375	5	0.0	313
60660.703125	0.0	0.0	60660.703125	65	0.0	313
70245.328125	0.0	0.0	70245.328125	8	0.0	313
13634.947265625	0.0	71938.703125	70602.3515625	73	0.0	313
15709.7607421875	0.0	0.0	70912.2578125	49	0.0	313
41534.75	0.0	0.0	62092.30078125	199	0.0	313
14270.7255859375	0.0	0.0	70585.6484375	37	0.0	313
8642.041015625	7102.2734375	0.0	76930.6171875	11	0.0	313
8648.9609375	7102.2734375	0.0	76930.6171875	12	0.0	313
70248.28125	0.0	0.0	70248.28125	14	0.0	313
269892.21875	0.0	0.0	269892.21875	6	0.0	313
72906.4765625	0.0	0.0	72906.4765625	9	0.0	313
61861.03515625	0.0	0.0	61861.03515625	283	0.0	313
70621.953125	0.0	0.0	70621.953125	89	0.0	313
102177.1015625	0.0	0.0	102177.1015625	9	0.0	313
76168.984375	0.0	0.0	76168.984375	7	0.0	313
1950.4176025390625	0.0	0.0	84143.2109375	8	0.0	313
497398.0625	0.0	0.0	497398.0625	8	0.0	313
18343.154296875	0.0	0.0	19869.234375	25	0.0	313
70248.28125	0.0	0.0	70248.28125	14	0.0	313
8648.9609375	7102.2734375	71938.703125	76930.6171875	12	0.0	313
72906.4765625	3078.1953125	0.0	72906.4765625	9	0.0	313
8642.041015625	7102.2734375	0.0	76930.6171875	11	0.0	313
78668.578125	0.0	0.0	78668.578125	12	0.0	313
229054.71875	0.0	0.0	229054.71875	5	0.0	313
3770.253662109375	3078.1953125	176975.75	72906.4765625	9	0.0	313
5864.35302734375	0.0	157374.390625	70583.8671875	44	0.0	313
8994.703125	22177.1015625	71938.703125	77220.71875	12	0.0	313
38182.41015625	0.0	0.0	70194.1640625	20	0.0	313
212512.921875	0.0	0.0	212512.921875	20	0.0	313
31204.93359375	0.0	71938.703125	71385.890625	37	0.0	313
177.58554077148438	0.0	0.0	70621.953125	89	0.0	313
8642.041015625	28409.09375	0.0	76930.6171875	10	0.0	313
20191.416015625	0.0	0.0	76921.75	121	0.0	313
8994.703125	22177.1015625	0.0	77220.71875	12	0.0	313
213734.40625	0.0	0.0	213734.40625	44	0.0	313
19116.4765625	31436.3125	0.0	85612.953125	20	0.0	313
743.3372802734375	0.0	0.0	743.3372802734375	9	0.0	313
7.9542717933654785	0.0	0.0	3508.567626953125	6	0.0	313
71304.5546875	0.0	0.0	71304.5546875	47	0.0	313
7716.13525390625	19021.96875	71938.703125	76168.984375	7	0.0	313
1375.864990234375	0.0	0.0	70600.3515625	39	0.0	313
868.0888061523438	0.0	0.0	868.0888061523438	2	0.0	313
4259.1279296875	0.0	0.0	5355.33740234375	145	0.0	313
53206.9375	0.0	0.0	80094.546875	51	0.0	313
15.368450164794922	0.0	0.0	70245.296875	9	0.0	313
51588.10546875	41955.91015625	0.0	99666.578125	5	0.0	313
148.7466278076172	0.0	0.0	70238.859375	29	0.0	313
51206.84375	84229.09375	0.0	112328.3984375	11	0.0	313
3770.253662109375	3078.1953125	0.0	72906.4765625	9	0.0	313
273687.53125	0.0	0.0	273687.53125	12	0.0	313
5245.06396484375	0.0	0.0	6774.15234375	17	0.0	313
54223.484375	0.0	157374.390625	70599.9453125	20	0.0	313
40372.30078125	0.0	0.0	40372.30078125	81	0.0	313
173.75192260742188	0.0	0.0	84042.2265625	8	0.0	313
10754.86328125	17680.40625	157374.390625	78668.578125	11	0.0	313
526492.625	0.0	0.0	526492.625	12	0.0	313
14589.0400390625	0.0	0.0	70596.8984375	11	0.0	313
18506.138671875	0.0	0.0	73082.046875	52	0.0	313
9214.58203125	15146.421875	0.0	77412.890625	21	0.0	313
38386.71484375	0.0	0.0	71306.359375	19	0.0	313
7716.13525390625	19021.96875	71938.703125	76168.984375	6	0.0	313
10788.255859375	26520.609375	0.0	78668.578125	13	0.0	313
28452.74609375	0.0	0.0	70902.90625	53	0.0	313
782.2316284179688	0.0	0.0	70585.453125	83	0.0	313
5034.6025390625	0.0	0.0	5034.6025390625	9	0.0	313
17950.71484375	0.0	0.0	70573.46875	33	0.0	313
15165.501953125	0.0	0.0	70607.1484375	207	0.0	313
52253.28515625	22177.1015625	0.0	77220.71875	12	0.0	313
40802.8203125	0.0	0.0	40572.984375	9	0.0	313
57249.40234375	0.0	0.0	70842.390625	19	0.0	313
37795.58984375	0.0	0.0	70643.1796875	57	0.0	313
12016.0849609375	0.0	0.0	45577.68359375	6	0.0	313
7716.13525390625	12681.3125	0.0	76168.984375	7	0.0	313
98691.5625	0.0	0.0	98691.5625	8	0.0	313
61492.91015625	0.0	0.0	61492.91015625	22	0.0	313
168779.578125	0.0	0.0	168779.578125	11	0.0	313
163148.75	0.0	0.0	163148.75	12	0.0	313
49145.36328125	0.0	0.0	50829.27734375	53	0.0	313
2433.009033203125	2052.2391357421875	0.0	3835.573974609375	5	0.0	313
1180399.875	0.0	0.0	1180399.875	6	0.0	313
8994.703125	7392.3671875	71938.703125	77220.71875	13	0.0	313
23603.962890625	0.0	0.0	25278.41796875	17	0.0	313
81212.9140625	11377.1484375	0.0	81212.9140625	7	0.0	313
587.3281860351562	0.0	0.0	45796.01171875	11	0.0	313
44717.65625	0.0	71938.703125	70902.90625	53	0.0	313
8642.041015625	14204.546875	0.0	76930.6171875	10	0.0	313
8642.041015625	14204.546875	0.0	76930.6171875	11	0.0	313
8994.703125	14784.734375	0.0	77220.71875	13	0.0	313
33829.36328125	0.0	71938.703125	71037.0546875	20	0.0	313
8642.041015625	21306.8203125	0.0	76930.6171875	12	0.0	313
1602.68603515625	0.0	0.0	70573.6171875	44	0.0	313
33829.36328125	0.0	0.0	71037.0546875	20	0.0	313
78913.203125	9074.984375	0.0	78913.203125	9	0.0	313
943.7221069335938	0.0	0.0	2203.612060546875	29	0.0	313
5298.97314453125	0.0	0.0	7066.11279296875	17	0.0	313
72906.4765625	3078.1953125	0.0	72906.4765625	9	0.0	313
18957.865234375	0.0	0.0	64604.5078125	31	0.0	313
212245.515625	0.0	0.0	212245.515625	28	0.0	313
34937.96875	0.0	0.0	70902.90625	53	0.0	313
51551.48046875	41985.5859375	0.0	111850.421875	12	0.0	313
72906.4765625	0.0	0.0	72906.4765625	9	0.0	313
2518.43359375	0.0	0.0	58062.4609375	7	0.0	313
71768.2578125	0.0	53931.125	245308.015625	145	0.0	313
387123.90625	0.0	0.0	387123.90625	6	0.0	313
70112.65625	0.0	0.0	70112.65625	29	0.0	313
71037.0546875	0.0	0.0	71037.0546875	20	0.0	313
1375.864990234375	0.0	71938.703125	70600.3515625	39	0.0	313
70245.296875	0.0	0.0	70245.296875	9	0.0	313
60910.77734375	0.0	0.0	60910.77734375	25	0.0	313
7716.13525390625	6340.65625	0.0	76168.984375	7	0.0	313
76930.6171875	0.0	0.0	76930.6171875	10	0.0	313
741920.6875	0.0	0.0	741920.6875	5	0.0	313
42942.09375	34948.2734375	71938.703125	104778.171875	12	0.0	313
76168.984375	6340.65625	0.0	76168.984375	7	0.0	313
1926.5791015625	0.0	0.0	70238.4921875	20	0.0	313
726.7767333984375	0.0	0.0	2411.121826171875	97	0.0	313
560543.5	0.0	0.0	560543.5	5	0.0	313
81072.0234375	71517.58984375	0.0	116943.3046875	7	0.0	313
33829.36328125	0.0	0.0	71037.0546875	20	0.0	313
66421.9921875	54994.48828125	0.0	112722.015625	5	0.0	313
73020.84375	0.0	0.0	73020.84375	7	0.0	313
736.0159912109375	0.0	0.0	736.0159912109375	5	0.0	313
80094.546875	0.0	0.0	80094.546875	51	0.0	313
185433.59375	0.0	0.0	185433.59375	5	0.0	313
73020.84375	0.0	0.0	73020.84375	8	0.0	313
72906.4765625	0.0	0.0	72906.4765625	9	0.0	313
76168.984375	0.0	0.0	76168.984375	7	0.0	313
2628.08349609375	0.0	0.0	3763.16650390625	37	0.0	313
155844.546875	0.0	0.0	155844.546875	11	0.0	313
265591.4375	0.0	0.0	265591.4375	12	0.0	313
88420.6875	0.0	0.0	88420.6875	20	0.0	313
157768.03125	0.0	0.0	157768.03125	10	0.0	313
57143.9140625	46890.80859375	0.0	104592.6640625	5	0.0	313
70746.1484375	0.0	0.0	70746.1484375	58	0.0	313
8994.703125	7392.3671875	71938.703125	77220.71875	12	0.0	313
81792.9609375	11955.734375	0.0	81792.9609375	23	0.0	313
18.50714683532715	0.0	0.0	70245.3359375	13	0.0	313
494417.0	0.0	0.0	494417.0	12	0.0	313
32779.40234375	0.0	0.0	18933.37890625	6	0.0	313
106747.2109375	85990.09375	496473.3125	298147.6875	17	0.0	313
8994.703125	7392.3671875	71938.703125	77220.71875	12	0.0	313
60804.35546875	0.0	0.0	60804.35546875	23	0.0	313
70233.59375	0.0	496473.3125	213418.046875	79	0.0	313
72632.3984375	0.0	0.0	72166.625	9	0.0	313
10788.255859375	17680.40625	157374.390625	78668.578125	13	0.0	313
7719.751953125	25362.625	229313.09375	76168.984375	7	0.0	313
2534.325439453125	0.0	0.0	70605.234375	46	0.0	313
131798.46875	0.0	0.0	214147.046875	99	0.0	313
38117.41015625	0.0	0.0	71037.0546875	20	0.0	313
61096.91015625	0.0	0.0	61096.91015625	719	0.0	313
43322.86328125	0.0	0.0	213741.65625	70	0.0	313
4864.78125	0.0	1822.6239013671875	6540.06201171875	13	0.0	313
16.12772560119629	0.0	0.0	70573.6796875	38	0.0	313
45977.98828125	0.0	0.0	52053.3203125	10	0.0	313
2435.149658203125	0.0	47389.77734375	45735.61328125	18	0.0	313
23683.21484375	0.0	0.0	23683.21484375	33	0.0	313
5318.9052734375	0.0	176975.75	75886.640625	65	0.0	313
264.7225646972656	0.0	0.0	264.7225646972656	5	0.0	313
8994.703125	36961.8359375	0.0	77220.71875	13	0.0	313
61483.54296875	0.0	0.0	61483.54296875	421	0.0	313
43623.04296875	0.0	0.0	213353.75	95	0.0	313
44498.28515625	0.0	0.0	71385.890625	37	0.0	313
6270.12744140625	0.0	1822.6239013671875	8034.53076171875	9	0.0	313
57228.03515625	0.0	33787.0390625	81639.71875	6	0.0	313
16.954103469848633	0.0	0.0	70245.328125	8	0.0	313
1226.943603515625	0.0	0.0	70242.28125	24	0.0	313
98650.4140625	0.0	61893.35791015625	221597.96875	213	0.0	313
51642.43359375	0.0	0.0	213540.1875	85	0.0	313
17590.41796875	0.0	71938.703125	72190.3125	12	0.0	313
476.9024963378906	0.0	0.0	33104.56640625	28	0.0	313
52835.02734375	0.0	0.0	81599.375	13	0.0	313
1226.943603515625	0.0	0.0	70242.28125	24	0.0	313
15543.7685546875	0.0	0.0	61158.3359375	145	0.0	313
24911.826171875	0.0	0.0	66363.046875	91	0.0	313
18.50714683532715	0.0	0.0	70245.3359375	13	0.0	313
63768.66015625	0.0	0.0	259316.75	326	0.0	313
33829.36328125	0.0	0.0	71037.0546875	20	0.0	313
1780.3570556640625	0.0	0.0	212567.453125	19	0.0	313
30.288959503173828	15.15625	0.0	45388.15234375	6	0.0	313
148.7466278076172	0.0	0.0	70238.859375	29	0.0	313
212502.359375	0.0	0.0	212502.359375	20	0.0	313
101.30587768554688	0.0	0.0	213376.625	43	0.0	313
38308.81640625	0.0	0.0	235711.21875	1216	0.0	313
19775.04296875	0.0	0.0	21531.046875	33	0.0	313
44498.28515625	0.0	0.0	71385.890625	37	0.0	313
675.1214599609375	0.0	0.0	70573.4140625	17	0.0	313
4272.88623046875	0.0	0.0	5970.806640625	9	0.0	313
83887.0	0.0	0.0	213368.359375	61	0.0	313
51526.6484375	42280.8046875	0.0	100040.40625	5	0.0	313
103452.5390625	0.0	0.0	103452.5390625	11	0.0	313
2634.969970703125	0.0	0.0	213881.40625	160	0.0	313
9609.8623046875	0.0	0.0	9609.8623046875	33	0.0	313
15164.4619140625	0.0	0.0	70573.421875	18	0.0	313
4362.93212890625	0.0	0.0	6146.41748046875	17	0.0	313
12033.357421875	0.0	0.0	45806.15234375	11	0.0	313
58475.21875	0.0	0.0	124564.9296875	51	0.0	313
2370.222412109375	0.0	0.0	87828.46875	1081	0.0	313
61903.82421875	0.0	0.0	61903.82421875	28	0.0	313
29549.376953125	0.0	0.0	74698.7578125	55	0.0	313
73217.3046875	0.0	0.0	86155.78125	31	0.0	313
10754.86328125	53041.21875	0.0	78668.578125	11	0.0	313
10511.0751953125	8619.921875	0.0	66315.21875	5	0.0	313
68908.921875	0.0	0.0	212917.8125	14	0.0	313
2575.221923828125	0.0	0.0	70601.1796875	60	0.0	313
15106.888671875	0.0	0.0	214072.6875	96	0.0	313
5299.8623046875	0.0	0.0	5299.8623046875	8	0.0	313
37.89590835571289	0.0	0.0	45592.5	16	0.0	313
3700.1669921875	0.0	0.0	70563.640625	20	0.0	313
20.655824661254883	0.0	0.0	70245.3515625	14	0.0	313
23.243040084838867	0.0	0.0	70245.5546875	47	0.0	313
681.8732299804688	0.0	1822.6239013671875	2245.861083984375	5	0.0	313
22473.998046875	0.0	0.0	70902.90625	53	0.0	313
374.2876281738281	0.0	1822.6239013671875	2137.070556640625	49	0.0	313
9468.384765625	0.0	0.0	11242.068359375	37	0.0	313
212591.546875	0.0	0.0	212591.546875	18	0.0	313
3640.75390625	0.0	0.0	70241.890625	29	0.0	313
403.5573425292969	0.0	0.0	212902.5625	63	0.0	313
5255.1494140625	0.0	0.0	5231.69580078125	9	0.0	313
50.32080841064453	0.0	0.0	7761.87255859375	13	0.0	313
100868.15625	0.0	0.0	132463.109375	37	0.0	313
41534.75	0.0	0.0	62092.30078125	189	0.0	313
66679.5234375	0.0	0.0	213147.296875	56	0.0	313
15.368450164794922	0.0	0.0	70245.296875	9	0.0	313
280.7943115234375	0.0	0.0	213561.484375	35	0.0	313
24479.88671875	0.0	0.0	70743.5078125	12	0.0	313
20191.416015625	0.0	0.0	76921.75	121	0.0	313
626.4775390625	0.0	0.0	70624.0703125	49	0.0	313
1224286.25	0.0	0.0	1224286.25	10	0.0	313
116631.921875	0.0	0.0	116631.921875	10	0.0	313
8095.62841796875	0.0	0.0	53690.8203125	37	0.0	313
7329.6611328125	0.0	0.0	213219.546875	54	0.0	313
16674.0625	0.0	0.0	70638.3359375	134	0.0	313
590.777099609375	0.0	0.0	70068.890625	14	0.0	313
56600.7734375	0.0	0.0	91575.125	11	0.0	313
68818.4375	0.0	0.0	212827.328125	14	0.0	313
1788.923583984375	0.0	0.0	1788.923583984375	6	0.0	313
57237.43359375	0.0	0.0	91865.2578125	11	0.0	313
7716.13525390625	25362.625	0.0	76168.984375	7	0.0	313
8049.298828125	0.0	1822.6239013671875	9281.4072265625	21	0.0	313
73894.9375	0.0	0.0	119320.8046875	16	0.0	313
76086.53125	0.0	0.0	213275.96875	61	0.0	313
54768.72265625	0.0	0.0	81571.2421875	13	0.0	313
50474.1875	0.0	0.0	70842.390625	19	0.0	313
364250.6875	151598.890625	0.0	364250.6875	12	0.0	313
198.39169311523438	0.0	0.0	84108.5625	8	0.0	313
44109.484375	0.0	0.0	245210.84375	287	0.0	313
60770.625	0.0	0.0	60770.625	21	0.0	313
48008.5703125	0.0	0.0	52498.3984375	37	0.0	313
1508.3111572265625	0.0	0.0	1508.3111572265625	17	0.0	313
5898.9052734375	0.0	0.0	7494.04052734375	41	0.0	313
268092.75	225516.796875	0.0	437703.84375	12	0.0	313
281.1787109375	0.0	0.0	70239.6953125	24	0.0	313
4864.78125	0.0	0.0	6540.06201171875	13	0.0	313
56269.27734375	0.0	0.0	91655.28125	12	0.0	313
49699.19140625	0.0	0.0	75777.640625	11	0.0	313
4437.27197265625	0.0	0.0	71222.6796875	34	0.0	313
50.32080841064453	0.0	0.0	7761.87255859375	13	0.0	313
525.8604125976562	0.0	0.0	70573.3828125	24	0.0	313
90.15911865234375	0.0	0.0	70132.1171875	29	0.0	313
39665.83203125	0.0	0.0	32363.724609375	17	0.0	313
44740.8828125	0.0	0.0	70712.828125	18	0.0	313
403.5573425292969	0.0	0.0	212902.5625	63	0.0	313
22473.998046875	0.0	0.0	70902.90625	53	0.0	313
525.921630859375	0.0	0.0	71008.0625	29	0.0	313
11851.3310546875	0.0	496473.3125	212839.09375	44	0.0	313
41.20267105102539	0.0	0.0	70238.0859375	9	0.0	313
35315.83203125	0.0	0.0	73354.1796875	53	0.0	313
1041367.6875	0.0	0.0	1041367.6875	6	0.0	313
72702.015625	0.0	0.0	72702.015625	6	0.0	313
111.06521606445312	0.0	0.0	45722.1953125	18	0.0	313
6773.52783203125	0.0	1822.6239013671875	8335.2216796875	53	0.0	313
95299.125	0.0	0.0	100304.5	4	0.0	313
131798.46875	0.0	0.0	214147.046875	99	0.0	313
1540.2625732421875	0.0	71938.703125	70891.8203125	33	0.0	313
14270.7255859375	0.0	0.0	70585.6484375	37	0.0	313
72906.4765625	0.0	0.0	72906.4765625	9	0.0	313
34937.96875	0.0	71938.703125	70902.90625	53	0.0	313
68328.140625	0.0	0.0	212473.171875	20	0.0	313
33829.36328125	0.0	0.0	71037.0546875	20	0.0	313
70593.7578125	0.0	0.0	70593.7578125	46	0.0	313
81486.5390625	0.0	33787.0390625	246479.15625	948	0.0	313
61715.91796875	0.0	0.0	61715.91796875	61	0.0	313
70242.8359375	0.0	0.0	70242.8359375	29	0.0	313
19.10146141052246	0.0	33787.0390625	32550.560546875	9	0.0	313
33283.19921875	0.0	53931.125	125708.3515625	505	0.0	313
56658.82421875	0.0	0.0	213386.875	533	0.0	313
7405.8828125	0.0	0.0	70143.1484375	20	0.0	313
69742.265625	0.0	0.0	213887.3125	36	0.0	313
23800.421875	0.0	0.0	79496.890625	45	0.0	313
6903.60009765625	0.0	0.0	8664.9384765625	9	0.0	313
313946.34375	0.0	0.0	313946.34375	7	0.0	313
104.86787414550781	0.0	0.0	45719.07421875	18	0.0	313
79512.1796875	0.0	0.0	79512.1796875	21	0.0	313
67536.6875	0.0	0.0	211545.578125	14	0.0	313
16398.45703125	0.0	0.0	220972.59375	111	0.0	313
27959.365234375	0.0	0.0	17431.365234375	3	0.0	313
41.792335510253906	0.0	0.0	6903.326171875	4	0.0	313
13634.947265625	0.0	71938.703125	70602.3515625	73	0.0	313
70245.328125	0.0	0.0	70245.328125	8	0.0	313
24916.3125	0.0	1822.6239013671875	26622.662109375	41	0.0	313
83267.75	0.0	0.0	83267.75	21	0.0	313
68648.4140625	0.0	0.0	212793.453125	20	0.0	313
90.26466369628906	0.0	0.0	213735.171875	25	0.0	313
109429.390625	0.0	0.0	109429.390625	11	0.0	313
60659.203125	0.0	0.0	60659.203125	21	0.0	313
8695.947265625	0.0	0.0	45789.11328125	11	0.0	313
15430.501953125	0.0	0.0	70599.9453125	20	0.0	313
49017.390625	0.0	0.0	49017.390625	9	0.0	313
9789.98828125	0.0	0.0	213699.359375	44	0.0	313
43089.9296875	0.0	0.0	244864.203125	106	0.0	313
1705.0101318359375	0.0	0.0	7796.37353515625	12	0.0	313
153339.625	0.0	0.0	253431.46875	2215	0.0	313
7413.18310546875	0.0	0.0	213480.25	36	0.0	313
3661.594970703125	0.0	0.0	3661.594970703125	21	0.0	313
25727.248046875	0.0	0.0	71851.5703125	58	0.0	313
17638.455078125	0.0	0.0	72564.8515625	442	0.0	313
3222.207763671875	0.0	0.0	4403.45361328125	6	0.0	313
33829.36328125	0.0	0.0	71037.0546875	20	0.0	313
640498.8125	0.0	0.0	640498.8125	6	0.0	313
33549.2421875	0.0	0.0	33306.375	5	0.0	313
572.92724609375	0.0	0.0	213017.921875	85	0.0	313
42731.01171875	0.0	0.0	95570.171875	361	0.0	313
414.8956604003906	0.0	0.0	212844.625	19	0.0	313
101517.671875	0.0	0.0	246476.71875	982	0.0	313
40377.37109375	0.0	0.0	40377.37109375	97	0.0	313
70714.921875	0.0	0.0	70714.921875	60	0.0	313
987.0867309570312	0.0	1822.6239013671875	2743.328857421875	25	0.0	313
14663.380859375	0.0	0.0	57480.1796875	91	0.0	313
61827.46875	0.0	0.0	61827.46875	92	0.0	313
691.9586791992188	0.0	0.0	82925.046875	631	0.0	313
1483.6412353515625	0.0	0.0	3240.017333984375	49	0.0	313
147.26011657714844	0.0	0.0	32554.162109375	15	0.0	313
70652.2734375	0.0	0.0	70652.2734375	43	0.0	313
16575.8046875	0.0	71938.703125	70215.96875	58	0.0	313
1914.4630126953125	0.0	0.0	72034.4375	45	0.0	313
70807.34375	0.0	0.0	213780.015625	30	0.0	313
84124.8828125	0.0	0.0	84124.8828125	5	0.0	313
5228.52978515625	0.0	0.0	6995.92333984375	9	0.0	313
5550.36474609375	0.0	0.0	50871.40625	15	0.0	313
8642.041015625	7102.2734375	0.0	76930.6171875	11	0.0	313
40403.66015625	0.0	0.0	40403.66015625	33	0.0	313
