0.0
209691.109375
394153.966796875
394667.8720703125
395181.77734375
440039.48828125
484894.13671875
485408.0419921875
499199.42307662964
499255.62073135376
499769.52600479126
499792.08646965027
499848.2841243744
500362.1893978119
500384.7498626709
500440.947517395
500954.8527908325
500977.4132556915
501033.61091041565
501547.51618385315
501570.07664871216
501626.2743034363
502140.1795768738
1062463.4920768738
1209191.1795768738
1355918.8670768738
1502646.5545768738
1649374.2420768738
1796101.9295768738
1942829.6170768738
2089557.3045768738
2236284.992076874
2383012.679576874
2529740.367076874
2676468.054576874
2823195.742076874
2969923.429576874
3116651.117076874
3161508.828014374
3206363.476451874
3390927.2098503113
3404718.5909347534
3404774.7885894775
3405288.693862915
3405311.254327774
3405367.451982498
3405881.3572559357
3405903.9177207947
3405960.115375519
3406474.0206489563
3406987.925922394
3407501.8311958313
3408015.736469269
3408529.6417427063
3408552.2022075653
