0.0
421141.3125
634658.015625
1081563.015625
1122385.30859375
1335272.68359375
1525429.4952392578
1533170.4439697266
1987319.3814697266
2033075.3189697266
2246025.0689697266
2459687.4595947266
2500067.2330322266
2546275.6978759766
2954692.141052246
3331648.5639038086
3404756.5560913086
4009981.5560913086
4063799.2435913086
4703028.306091309
4937013.024841309
5150916.509216309
5786114.071716309
5854901.970153809
6067851.720153809
6113562.895935059
6251956.974060059
6465712.380310059
6557169.768737793
6616520.366394043
7236245.116394043
7292883.139831543
7299789.972351074
7529150.753601074
7652239.745788574
7871487.905944824
8083846.187194824
8162514.765319824
8467248.327819824
8537833.976257324
8570750.327819824
8840142.030944824
9332430.187194824
9578500.530944824
1.0171715155944824E7
1.0761324155944824E7
1.1215473093444824E7
1.1340377077819824E7
1.1401006316101074E7
1.1554510081726074E7
1.1766882362976074E7
1.2030013487976074E7
1.2070618929382324E7
1.2297729601257324E7
1.2865556601257324E7
1.289806920477295E7
1.298993446258545E7
1.324835952508545E7
1.331734364227295E7
1.33630748258667E7
1.39244998258667E7
1.42671176383667E7
1.432843891571045E7
1.455003688446045E7
1.469791086883545E7
1.484940808758545E7
1.503515536883545E7
1.528428202508545E7
1.545797943133545E7
1.555906624383545E7
1.56197466696167E7
1.566539654071045E7
1.594570632196045E7
1.60074260289917E7
1.605316043133545E7
1.62231968571167E7
1.63155450914917E7
1.6483321847351074E7
1.6797002534851074E7
1.7262326347351074E7
1.7323494855163574E7
1.7650362917663574E7
1.7976388042663574E7
1.8210372761413574E7
1.844685407196045E7
1.866040763446045E7
1.887324997821045E7
1.890592204852295E7
1.978636392352295E7
2.015615114227295E7
2.081695951727295E7
2.08623476696167E7
2.15406546071167E7
2.22014917946167E7
2.28264516071167E7
2.29319737321167E7
2.33980604508667E7
2.35771118883667E7
2.40462597008667E7
2.42593634352417E7
2.42919364821167E7
2.46762072321167E7
2.47838027477417E7
2.52360875289917E7
2.54491054508667E7
2.5453423926940918E7
2.5537549786315918E7
2.5950813630065918E7
2.6164481192565918E7
2.6541514723815918E7
2.6674312536315918E7
2.6886640645690918E7
2.7504514833190918E7
2.7596053223815918E7
2.7666850887878418E7
2.7879546637878418E7
2.8513106387878418E7
2.8726010950378418E7
2.9142303512878418E7
2.914866069113159E7
2.936155839425659E7
2.945347337081909E7
3.008391162081909E7
3.013606462081909E7
3.034882655831909E7
3.076479824581909E7
3.077262053829956E7
3.089154253048706E7
3.153334953048706E7
3.161475520236206E7
3.182857478048706E7
3.236395421798706E7
3.299860696798706E7
3.321171070236206E7
3.364553704611206E7
3.385833049923706E7
3.439643806173706E7
3.446032196017456E7
3.467336500704956E7
3.467622754877472E7
3.488855565814972E7
3.510124892377472E7
3.515367416596222E7
3.583473679096222E7
3.604687797846222E7
3.634640322846222E7
3.642804294721222E7
3.648168917768097E7
3.654364032221222E7
3.675701694721222E7
3.697032277533722E7
3.701612892768097E7
3.776976652533722E7
3.7787105976509094E7
3.799461561603546E7
3.806763645978546E7
3.828118014728546E7
3.829852095001984E7
3.840887830939484E7
3.869646280939484E7
3.879363788751984E7
3.929103595001984E7
3.961439729376984E7
4.009928598126984E7
4.019787110626984E7
4.041113568439484E7
4.065634652814484E7
4.115196977814484E7
4.130824374689484E7
4.165086155939484E7
4.186452912189484E7
4.222395359064484E7
4.226934174298859E7
4.248194610236359E7
4.310150635236359E7
4.379926653986359E7
4.607172128986359E7
4.632457935236359E7
4.638601193830109E7
4.647014577423859E7
4.668401207111359E7
4.728417557111359E7
4.749718486798859E7
4.774510353986359E7
4.830604703986359E7
4.851874030548859E7
4.873153002423859E7
4.878671282501984E7
4.940068806720734E7
4.941533277814484E7
4.947684072345734E7
4.968963417658234E7
5.026079989533234E7
5.055184705158234E7
5.079818108283234E7
5.086996046564484E7
5.092633204376984E7
5.098732000080109E7
5.120768762580109E7
5.156442681330109E7
5.326737756330109E7
5.337527237580109E7
5.350794889142609E7
5.380044589142609E7
5.3808950878730774E7
5.3912663058418274E7
5.4371877745918274E7
5.4421857011543274E7
5.4782993292793274E7
5.5213164449043274E7
5.6703401699043274E7
5.6760997620918274E7
5.676230757685089E7
5.682203332685089E7
5.686742147919464E7
5.698428044013214E7
5.7030493598335266E7
5.7499644410835266E7
5.751283210126495E7
5.7522510121772766E7
5.7584167320991516E7
5.7837064258491516E7
5.8200370508491516E7
5.9816585633491516E7
6.0362954445991516E7
6.0980811945991516E7
6.1002305238960266E7
6.103464056122589E7
6.203132781122589E7
6.304616087372589E7
6.309154902606964E7
6.317317558856964E7
6.328031758075714E7
6.362293539325714E7
6.368855049481964E7
6.492257199481964E7
6.510800558856964E7
6.738046033856964E7
6.745198997919464E7
6.801253347919464E7
6.802572116962433E7
6.841432445087433E7
6.866381466962433E7
6.875772489228058E7
6.934757726728058E7
6.935287712958527E7
6.940439036786652E7
7.008459199286652E7
7.016621855536652E7
7.018089442353058E7
7.01832034230423E7
7.027250173163605E7
7.037104920038605E7
7.04641247980423E7
7.05341936886673E7
7.10075467511673E7
7.11244900558548E7
7.11741240558548E7
7.12812660480423E7
7.13647371886673E7
7.141541001483917E7
7.147674676483917E7
7.191513135858917E7
7.199286228827667E7
7.228792141327667E7
7.276038772577667E7
7.336561272577667E7
7.361183024140167E7
7.499583961640167E7
7.501003615937042E7
7.550565390937042E7
7.555986047187042E7
7.672821022187042E7
7.680989390937042E7
7.684534934882355E7
7.735688969257355E7
7.772964031757355E7
7.794183114569855E7
7.927707414569855E7
7.928066997821808E7
7.960737629071808E7
7.977336936884308E7
7.982340855634308E7
8.050361018134308E7
8.277606493134308E7
8.300400007196808E7
8.438256032196808E7
8.477653732196808E7
8.509258663446808E7
8.554727816571808E7
8.608306597821808E7
8.612894897431183E7
8.618688944696808E7
8.645366638446808E7
8.666722786884308E7
8.687965890009308E7
8.695383312274933E7
8.701377843524933E7
8.725984877899933E7
8.730979329853058E7
8.742015065790558E7
8.742427811591339E7
8.795077074091339E7
8.799341821552277E7
8.804324806708527E7
8.848404831708527E7
8.863555247333527E7
8.868094062567902E7
8.921025862567902E7
8.973615087567902E7
8.974027833368683E7
8.982168400556183E7
9.012167450556183E7
9.239412925556183E7
9.243440522821808E7
9.264659605634308E7
9.26514382848587E7
9.27436432379837E7
9.30328635504837E7
9.31501396286087E7
9.320538599188995E7
9.345448524188995E7
9.392663967938995E7
9.505845755438995E7
9.539786639813995E7
9.582670539813995E7
9.588791085126495E7
9.610449983563995E7
9.641508408563995E7
9.809773571063995E7
9.917847221063995E7
9.925155425751495E7
9.925844557880402E7
9.954742998505402E7
9.964984927411652E7
1.0066582414911652E8
1.0131628039911652E8
1.0177199621161652E8
1.0203300058661652E8
1.0255957771161652E8
1.0260989980927277E8
1.0267203264521027E8
1.0277158869208527E8
1.0290111817646027E8
1.0294650632880402E8
1.0305078166474152E8
1.0313242600067902E8
1.0319333677802277E8
1.0325340252802277E8
1.0331228702021027E8
1.0337441985614777E8
1.0484427298114777E8
1.0497150492646027E8
1.0556471955146027E8
1.0592644423896027E8
1.0643295936396027E8
1.0654112905146027E8
1.0699582058271027E8
1.0706306354364777E8
1.0706836340595245E8
1.0714083655536652E8
1.0714566077533722E8
1.0722975875971222E8
1.0761107594721222E8
1.0798382657221222E8
1.0816715840033722E8
1.0827052888471222E8
1.0831135963861847E8
1.0866211113861847E8
1.1093456588861847E8
1.1134992429486847E8
1.1191937266986847E8
1.1347746741986847E8
1.1372667981049347E8
1.1387422059174347E8
1.1388293558246613E8
1.1394467754730988E8
1.1394997740961456E8
1.1401510711273956E8
1.1408528147992706E8
1.1414255890766144E8
1.1433544297016144E8
1.1475173553266144E8
1.1514601847016144E8
1.1626190484516144E8
1.1638082683734894E8
1.1638295203388214E8
1.1695199603388214E8
1.1729842828388214E8
1.1791815303388214E8
1.1796812167060089E8
1.1819809582685089E8
1.1823854068622589E8
1.1844121084247589E8
1.1901025484247589E8
1.1906778769794464E8
1.1937264638544464E8
1.1945037731513214E8
1.1953443076825714E8
1.1954332111151886E8
1.1972500323651886E8
1.1982415517401886E8
1.1987762820575714E8
1.1998075550653839E8
1.2007850935419464E8
1.2013682492060089E8
1.2019570941278839E8
1.2028201185419464E8
1.2042335330731964E8
1.2048444551435089E8
1.2060172159247589E8
1.2062361599042511E8
1.2069945743573761E8
1.2086006371698761E8
1.2091089107245636E8
1.2107863318183136E8
1.2112762246308136E8
1.2118515531855011E8
1.2119190643818855E8
1.2119530837983894E8
1.2127937268452644E8
1.2128486776069832E8
1.2128497012355995E8
1.2128508107519722E8
1.2149863463769722E8
1.2156039287597847E8
1.2161810636425972E8
1.2166800906347847E8
1.2166807104104424E8
1.2197109597854424E8
1.2202933926370049E8
1.2211339995120049E8
1.2222198288088799E8
1.2377676175588799E8
1.2407182088088799E8
1.2412935373635674E8
1.2419122417385674E8
1.241968196904583E8
1.2420651599123955E8
1.2473756567873955E8
1.2481529660842705E8
1.2485342828616142E8
1.2485683779592705E8
1.249522653857708E8
1.250136902451458E8
1.250977727451458E8
1.252150488232708E8
1.253543123857708E8
1.2541262795217705E8
1.2541747018069267E8
1.2544181892190361E8
1.2552410009768486E8
1.2552563012356377E8
1.2558316297903252E8
1.2558657648660088E8
1.2570160603347588E8
1.2705142240847588E8
1.2710895526394463E8
1.27132557582304E8
1.28086535894804E8
1.28228250613554E8
1.2829920422683525E8
1.2830450408913994E8
1.2835083970828056E8
1.283619544519329E8
1.285036065769329E8
1.2855265152615166E8
1.2855267694302368E8
1.2862275703677368E8
1.2869887226333618E8
1.2883838643521118E8
1.2891129291177368E8
1.2900934343130493E8
1.2906687628677368E8
1.2906811792459106E8
1.2907171375735474E8
1.2910421624563599E8
1.2911795339797974E8
1.2912324569680786E8
1.2913015647122192E8
1.2914703594778442E8
1.2919611043606567E8
1.2923648429544067E8
1.2929719960403442E8
1.2929954349539185E8
1.293538799914856E8
1.298260344289856E8
1.299178757414856E8
1.2997540859695435E8
1.300252472727356E8
1.3004276380984497E8
1.3007099548953247E8
1.3020302908328247E8
1.3022406863113403E8
1.3036551869363403E8
1.3097588781863403E8
1.3105999171707153E8
1.3106002784793854E8
1.3110102095649147E8
1.3131820812836647E8
1.3161851540961647E8
1.3175208955024147E8
1.3175738941254616E8
1.3402984416254616E8
1.3558462303754616E8
1.3563528572504616E8
1.3582435216254616E8
1.3589468470942116E8
1.3599719378754616E8
1.3600063667402077E8
1.3600137622345924E8
1.3601499228498268E8
1.3611064938654518E8
1.3619588867560768E8
1.3647619695685768E8
1.3647965063215065E8
1.3667340817902565E8
1.3667350864990425E8
1.36731041505373E8
1.39003496255373E8
1.39221966349123E8
1.3927194760302925E8
1.392753308076191E8
1.3927536580562782E8
1.3941246180562782E8
1.3971198705562782E8
1.3979609686812782E8
1.3992653576656532E8
1.399299377082157E8
1.400345643175907E8
1.403451485675907E8
1.403774591441059E8
1.4038109989801216E8
1.4059387199176216E8
1.406547014487934E8
1.4065471813174057E8
1.4076578424892807E8
1.4078786920009995E8
1.4233414082509995E8
1.424318192665062E8
1.432964268290062E8
1.434378046415062E8
1.4344310450381088E8
1.43443187287014E8
1.43586828552639E8
1.43728278615139E8
1.4382082974404526E8
1.4382972008730698E8
1.4386279089199448E8
1.4613524564199448E8
1.4627051078261948E8
1.462758030814476E8
1.4633333593691635E8
1.4738586606191635E8
1.4743210835097885E8
1.474634562533226E8
1.474945866595726E8
1.485931460345726E8
1.4859654797597885E8
1.485999523536644E8
1.487071391349144E8
1.4875549666030502E8
1.4876379481557846E8
1.4887486093276596E8
1.4926914387026596E8
1.493240377882347E8
1.4936983379995346E8
1.4945065439370346E8
1.495189886007347E8
1.496031506944847E8
1.497134706788597E8
1.4974548947768784E8
1.5102565660268784E8
1.5102801038296127E8
1.510280342223587E8
1.514980257223587E8
1.515962179411087E8
1.526947773161087E8
1.5270348876728058E8
1.5277639524384308E8
1.5285332586103058E8
1.5303500798603058E8
1.5313705097040558E8
1.5319595174384308E8
1.5334754980634308E8
1.5348898563446808E8
1.5359002349384308E8
1.5371006052509308E8
1.5377146672821808E8
1.5604392147821808E8
1.560487637067337E8
1.561371447926712E8
1.584095995426712E8
1.585141922067337E8
1.588144994879837E8
1.5887203234345245E8
1.5893286186688995E8
1.590550931286087E8
1.590551101923008E8
1.5906041005460548E8
1.6133286480460548E8
1.6147752961710548E8
1.6147762918675423E8
1.6150410538987923E8
1.6150476407390022E8
1.6156541262077522E8
1.6273994299577522E8
1.6300307412077522E8
1.6309962641765022E8
1.6316123224968147E8
1.6322708967155647E8
1.6549954442155647E8
1.6554856181218147E8
1.6560609466765022E8
1.6560845560881233E8
1.6566904350724983E8
1.6573084078068733E8
1.6577988565178108E8
1.6584054004240608E8
1.6584063508659554E8
1.6649964833659554E8
1.665571811920643E8
1.6662236300065804E8
1.6668328093815804E8
1.667285118795643E8
1.6679011771159554E8
1.668642919342518E8
1.6696234245378304E8
1.670027198248768E8
1.670635053092518E8
1.6712474818815804E8
1.6718585569597054E8
1.672468356920643E8
1.673086470045643E8
1.6736953667253304E8
1.673696447880268E8
1.673749446503315E8
1.6737495994965744E8
1.6747020435590744E8
1.675318446488762E8
1.6759312968403244E8
1.676377248441887E8
1.6769943270746994E8
1.677569655629387E8
1.677973459770012E8
1.6779737031523514E8
1.678583597410164E8
1.679424742488289E8
1.6799387410429764E8
1.679959472981453E8
1.680728779153328E8
1.6807885251298904E8
1.6816668098173904E8
1.6822816611455154E8
1.6831226530986404E8
1.6837358426298904E8
1.684342465950203E8
1.685008832590828E8
1.693654908215828E8
1.694264766653328E8
1.695051452434578E8
1.6956654546611404E8
1.6965320685673904E8
1.697149788684578E8
1.697761547668953E8
1.698373863137703E8
1.698991413372078E8
1.6996079113017654E8
1.7002187652080154E8
1.7007220610673904E8
1.7009263125517654E8
1.7016712416142654E8
1.7016936062260818E8
1.7024238146635818E8
1.7024438659196854E8
1.7028477367009354E8
1.703466856583748E8
1.706777742521248E8
1.720769482521248E8
1.721611099396248E8
1.722221753302498E8
1.7222224225011826E8
1.7226285577355576E8
1.7247553152355576E8
1.725161108165245E8
1.725775458477745E8
1.7263507870324326E8
1.726754562540245E8
1.727371293008995E8
1.7274272549328232E8
1.7280456552062607E8
1.7286614380968857E8
1.7297484799718857E8
1.729749436611824E8
1.7303239261626053E8
1.7325590417876053E8
1.7326571005571365E8
1.7326572774588585E8
1.7330610778494835E8
1.7339025437869835E8
1.734348642341671E8
1.7343497953191185E8
1.7364717036003685E8
1.7365063481194115E8
1.737115873939724E8
1.7377260261662865E8
1.7384284796819115E8
1.739780161383648E8
1.7403899613445854E8
1.7439842060320854E8
1.744387924977398E8
1.7449171453289604E8
1.7455352584539604E8
1.7457040532195854E8
1.746108372555523E8
1.746723982008648E8
1.7473368323602104E8
1.747912160914898E8
1.747955343229351E8
1.748569319323101E8
1.7489730948309135E8
1.749582063698101E8
1.7495922883740044E8
1.7496263834716606E8
1.7520534445654106E8
1.7526637381591606E8
1.753120955073223E8
1.753737092416973E8
1.7537381729193687E8
1.7543525832318687E8
1.7570894585443687E8
1.7579305154974937E8
1.7585058440521812E8
1.7594689645209312E8
1.7611313276459312E8
1.76113166762949E8
1.761155157966404E8
1.7617304865210915E8
1.762176438122654E8
1.762782771169529E8
1.763393266013279E8
1.7640031602710915E8
1.7654173130835915E8
1.766027192653904E8
1.767367942341404E8
1.767983728044529E8
1.7685590565992165E8
1.7687875132398415E8
1.7688159403199196E8
1.7694272172730446E8
1.7700435187574196E8
1.7758364119361305E8
1.7770124070923805E8
1.778081236193943E8
1.778922003615818E8
1.779840416740818E8
1.779840920224781E8
1.7798760059010506E8
1.780451334455738E8
1.780857628674488E8
1.7809555952467537E8
1.7823687891530037E8
1.7829858677858162E8
1.7833899043873787E8
1.7840056953248787E8
1.7840262384913826E8
1.7846443474757576E8
1.7847006500831795E8
1.785315793325367E8
1.7857195146925545E8
1.786294843247242E8
1.7869087711769295E8
1.7876507450050545E8
1.788258233715992E8
1.7882923288331795E8
1.7887378714894295E8
1.789348493403492E8
1.790056571294117E8
1.791068915200367E8
1.791678777544117E8
1.793616353012867E8
1.794457983950367E8
1.794864534184742E8
1.797026916240406E8
1.7970457043092537E8
1.7976551144264412E8
1.7982636049342537E8
1.8003936460280037E8
1.8010121546217537E8
1.801055339382496E8
1.801671494460621E8
1.8019075176442146E8
1.8027486032692146E8
1.8034589738160896E8
1.8045844619410896E8
1.8051956363942146E8
1.8067496585817146E8
1.8078269603785896E8
1.8140427328785896E8
1.814653887370777E8
1.814666756236744E8
1.815249921002369E8
1.815868922486744E8
1.819076910611744E8
1.8191581493419266E8
1.8197732287950516E8
1.8214370131700516E8
1.821842806099739E8
1.822975536255989E8
1.824667801880989E8
1.8252751190294266E8
1.8258926257481766E8
1.8265012553575516E8
1.8302549334825516E8
1.830861719927864E8
1.8313189368419266E8
1.8319363844200516E8
1.8333505372325516E8
1.8341384026231766E8
1.8364254879356766E8
1.837035342505989E8
1.8376413894200516E8
1.838254623052864E8
1.8388652449669266E8
1.838891993924446E8
1.840269337674446E8
1.840673104627571E8
1.842641226033821E8
1.843660681190071E8
1.845249099002571E8
1.846487880408821E8
1.8465617687584305E8
1.8473339759459305E8
1.8483676807896805E8
1.8492817597154617E8
1.8500119681529617E8
1.8506199255357742E8
1.8512291769029617E8
1.8518468926060867E8
1.8657309001060867E8
1.8657527146348953E8
1.8671470435411453E8
1.8679087333848953E8
1.8685257669786453E8
1.8689294851427078E8
1.8695438354552078E8
1.8709797043614578E8
1.870992422111702E8
1.871026631391487E8
1.872585076860237E8
1.874718614360237E8
1.876406410141487E8
1.876809174985237E8
1.8774190534617996E8
1.8828001290867996E8
1.8834129132274246E8
1.8851975713524246E8
1.885806679125862E8
1.8862104751805496E8
1.8881695773680496E8
1.8889312672117996E8
1.8895957685399246E8
1.8912241522899246E8
1.8920647400242996E8
1.892677454828987E8
1.8932871072899246E8
1.8939749862742996E8
1.894584166000862E8
1.8951987061961746E8
1.8962383517430496E8
1.8972715812742996E8
1.897699539431038E8
1.8983055863451004E8
1.898921030446663E8
1.900585488884163E8
1.902511740446663E8
1.9030870690013504E8
1.9036953557201004E8
1.904304324196663E8
1.904918204352913E8
1.905539938181038E8
1.907059003181038E8
1.909068299431038E8
1.909087185264778E8
1.910309201983528E8
1.910874322842903E8
1.9114890137413406E8
1.9147175240538406E8
1.9159407712413406E8
1.9175683320225906E8
1.9185468017100906E8
1.9193656731163406E8
1.9199793182725906E8
1.9217683438975906E8
1.9223858788975906E8
1.9230015190538406E8
1.9230133423485184E8
1.9237156628172684E8
1.9241194711766434E8
1.9257724391453934E8
1.9271565605516434E8
1.9285932377391434E8
1.9304105835203934E8
1.930814302153206E8
1.932228777621956E8
1.945163776371956E8
1.9457703120360184E8
1.9487103501610184E8
1.949114077934456E8
1.950674883871956E8
1.951283567700081E8
1.951848688559456E8
1.953676324496956E8
1.955207239496956E8
1.956876540746956E8
1.957916186293831E8
1.9585320030516434E8
1.9591457221141434E8
1.9645267977391434E8
1.9778792277391434E8
1.978495850512581E8
1.9791057050828934E8
1.9805894635203934E8
1.9820526699266434E8
1.982458756293831E8
1.983231894028206E8
1.983680405746956E8
1.9843229650828934E8
1.9856433010203934E8
1.986257841215706E8
1.987991379340706E8
1.988602387543831E8
1.9890925693797684E8
1.9904924840672684E8
1.9911074262547684E8
1.9917206157860184E8
1.9927959375047684E8
1.993200141918831E8
1.9938165359422684E8
1.9948660540672684E8
1.9959915421922684E8
1.9968563144578934E8
1.9972606439110184E8
1.9991819495360184E8
1.999798015746956E8
2.000407021528206E8
2.0010147255516434E8
2.0010372449388504E8
2.0058259005638504E8
2.006207074665413E8
2.007277543337288E8
2.009082625837288E8
2.0097005557982254E8
2.0114888717357254E8
2.011891658102913E8
2.013536347009163E8
2.014985425602913E8
2.0155959865794754E8
2.0171713251732254E8
2.0177888567357254E8
2.0178014687572098E8
2.0195650787572098E8
2.0232332896947098E8
2.0236390826243973E8
2.0248610993431473E8
2.0258734432493973E8
2.0264833801243973E8
2.0270997741478348E8
2.0287729403978348E8
2.0293868318822098E8
2.029386998700161E8
2.031524552762661E8
2.032702383387661E8
2.033312087137661E8
2.033346841471157E8
2.035398123971157E8
2.036917188971157E8
2.037914186002407E8
2.0385319764320946E8
2.038935750143032E8
2.039339595846157E8
2.041476271471157E8
2.041892612486782E8
2.044024085455532E8
2.044642719127407E8
2.046066680377407E8
2.047359867486782E8
2.0479691188539696E8
2.0500519030727196E8
2.0514848766664696E8
2.0520906567445946E8
2.052548616861782E8
2.054181340768032E8
2.056171792174282E8
2.069658533424282E8
2.070270483424282E8
2.0708844234633446E8
2.0721243402602196E8
2.0738151879164696E8
2.0755288701039696E8
2.0894128776039696E8
2.0909856735414696E8
2.0915926140102196E8
2.1052386227602196E8
2.1057287606703758E8
2.1195117044203758E8
2.1202338055922508E8
2.1219036959047508E8
2.121934345899868E8
2.123505113087368E8
2.125302613712368E8
2.125910779806118E8
2.127553863243618E8
2.129150054806118E8
2.129738994181118E8
2.130087340509243E8
2.131500376290493E8
2.131520251450405E8
2.144872681450405E8
2.14602989043478E8
2.14751364887228E8
2.148242713637905E8
2.151172274575405E8
2.152745070512905E8
2.153531756294155E8
2.1539874729738426E8
2.1547165377394676E8
2.1616675983644676E8
2.1626114383644676E8
2.1644534924269676E8
2.1646908650050926E8
2.165568938012905E8
2.166299146450405E8
2.169891193950405E8
2.1699216242995262E8
2.1718713130495262E8
2.1727809310182762E8
2.1752254769557762E8
2.1769177425807762E8
2.1776794324245262E8
2.1784487385964012E8
2.1801261596901512E8
2.1812895235182762E8
2.1812897418932343E8
2.1834322997057343E8
2.1854003820494843E8
2.1866348861119843E8
2.1905061251744843E8
2.1919650565807343E8
2.1931336461901093E8
2.1938953360338593E8
2.1963223971276093E8
2.1970917032994843E8
2.1986624704869843E8
2.1994736680651093E8
2.2016045552526093E8
2.2031809204088593E8
2.2039803691588593E8
2.2053575097838593E8
2.2067993157213593E8
2.2085129979088593E8
2.2093553282213593E8
2.2101170180651093E8
2.2108472265026093E8
2.2115774349401093E8
2.2123064997057343E8
2.2130681895494843E8
2.213728085779953E8
2.214514771561203E8
2.219003134061203E8
2.219611300154953E8
2.232749290154953E8
2.233521497342453E8
2.234229810389328E8
2.235544997889328E8
2.236314304061203E8
2.238061224061203E8
2.238830530233078E8
2.239451858592453E8
2.240954017811203E8
2.242075762498703E8
2.242842554608078E8
2.243910709217453E8
2.244672399061203E8
2.246808203748703E8
2.246842747625656E8
2.248633262000656E8
2.250331126063156E8
2.251061334500656E8
2.251830640672531E8
2.252814084031906E8
2.254941377156906E8
2.255431576297531E8
2.256879771297531E8
2.257801799422531E8
2.258532007860031E8
2.259455458172531E8
2.260489163016281E8
2.262180010672531E8
2.262797895438156E8
2.263950847625656E8
2.264679912391281E8
2.2652897123522186E8
2.2714002854772186E8
2.2720159922740936E8
2.2731823114928436E8
2.2760745146178436E8
2.2789216868053436E8
2.2802260757897186E8
2.2810127615709686E8
2.2817744514147186E8
2.2825466586022186E8
2.2860380595397186E8
2.2868796804772186E8
2.2868802578284836E8
2.2877402672034836E8
2.2913345059534836E8
2.2920372884534836E8
2.2946236095472336E8
2.2953538179847336E8
2.2965201279847336E8
2.2977093678284836E8
2.2988754431409836E8
2.3124019318909836E8
2.3131741390784836E8
2.3144326286097336E8
2.3162936364222336E8
2.3296322939222336E8
2.3315016068909836E8
2.3325425147034836E8
2.3341188798597336E8
2.3350323036878586E8
2.3357939935316086E8
2.3371810429066086E8
2.3371821294416428E8
2.3382185589338303E8
2.3390052447150803E8
2.3398594115119553E8
2.339912410135002E8
2.340641474900627E8
2.342726168650627E8
2.343836829822502E8
2.344609037010002E8
2.3446164175233078E8
2.3459419000233078E8
2.3467141072108078E8
2.3597983897108078E8
2.3626171109608078E8
2.3633893181483078E8
2.3649083831483078E8
2.3662463783045578E8
2.3670156844764328E8
2.3678998913514328E8
2.3686691975233078E8
2.3707927303358078E8
2.3718870242420578E8
2.3726487140858078E8
2.3737430079920578E8
2.3750576045545578E8
2.3771848976795578E8
2.3788486820545578E8
2.3794632263904953E8
2.3798669541639328E8
2.3809902901795578E8
2.3816964518201828E8
2.3834469352576828E8
2.3842162414295578E8
2.3856563908045578E8
2.3861102723279953E8
2.3868719621717453E8
2.3876336520154953E8
2.3900781979529953E8
2.3920498399842453E8
2.3928115298279953E8
2.3935732196717453E8
2.4047807396717453E8
2.4064054732654953E8
2.4071747794373703E8
2.4090357872498703E8
2.4109969641248703E8
2.4124558955311203E8
2.4139229258436203E8
2.4152778220936203E8
2.4160645078748703E8
2.4181604722498703E8
2.4200898158436203E8
2.4209945530311203E8
2.4217247614686203E8
2.4238539395936203E8
2.4258762202186203E8
2.4266455263904953E8
2.4276386750623703E8
2.4292934455311203E8
2.4337624955311203E8
2.4472638467811203E8
2.4482980140467453E8
2.4497878545154953E8
2.4517069142029953E8
2.4524159432654953E8
2.4552917882654953E8
2.4575783756092453E8
2.4585406484217453E8
2.4624118874842453E8
2.4636114165467453E8
2.4643731063904953E8
2.4664289059217453E8
2.4674459305311203E8
2.4704162124061203E8
2.4712028981873703E8
2.4722359852967453E8
2.4722625240736008E8
2.4722890628504562E8
2.4729974015223312E8
2.4737590913660812E8
2.4744649796473312E8
2.4750880546691513E8
2.4755330375207138E8
2.4764961579894638E8
2.4772828437707138E8
2.4779852972863388E8
2.4787340775988388E8
2.4793023833019638E8
2.4794693997668076E8
2.4796120883410263E8
2.4800570711925888E8
2.4808462032238388E8
2.4810318138390732E8
2.4812241501281357E8
2.4815098966906357E8
2.4822792028625107E8
2.4828368301671982E8
2.4869129207921982E8
2.4870057348644638E8
2.4879778743957138E8
2.5002207368957138E8
2.5020750728332138E8
2.5022921463293076E8
2.5029942850011826E8
2.5037244934386826E8
2.5049240225011826E8
2.5051692307629013E8
2.5059385369347763E8
2.5059797638000107E8
2.5066874507531357E8
2.5073978213000107E8
2.5081236054406357E8
2.5088958126281357E8
2.5096248773937607E8
2.5114178114562607E8
2.5122044972375107E8
2.5129767044250107E8
2.5247807031750107E8
2.5254896254406357E8
2.5261961481750107E8
2.5269654543468857E8
2.5277279502843857E8
2.5277284590312576E8
2.5277385301353836E8
2.5285078363072586E8
2.5285382666563797E8
2.5291448736876297E8
2.5298473269688797E8
2.5304285740782547E8
2.5307586054063797E8
2.5313795284141922E8
2.5320853848985672E8
2.5328546910704422E8
2.5336239972423172E8
2.5343264800548172E8
2.5370254022423172E8
2.5377544670079422E8
2.5383730773595047E8
2.5390792968907547E8
2.5401010679063797E8
2.5408627577501297E8
2.5417041898595047E8
2.5466781704845047E8
2.5468768628282547E8
2.5475793456407547E8
2.5483486518126297E8
2.5490777165782547E8
2.5498470227501297E8
2.5506337085313797E8
2.5529242557188797E8
2.5536533204845047E8
2.5543591591563797E8
2.5551313663438797E8
2.5558333079845047E8
2.5579584372032547E8
2.5586722961095047E8
2.5593785156407547E8
2.5601478218126297E8
2.5609170393126297E8
2.5616892465001297E8
2.5638265905626297E8
2.5643303006749344E8
2.564337734047737E8
2.5643728197240067E8
2.5650858652708817E8
2.5656509861302567E8
2.5660935426536942E8
2.5661022235417557E8
2.566155776915779E8
2.566687846290779E8
2.567390299259529E8
2.5683285302946854E8
2.5683300177609634E8
2.5692632316672134E8
2.5699922964328384E8
2.5727291717453384E8
2.572796913268776E8
2.573502912721901E8
2.5739066357297134E8
2.5747470579953384E8
2.5755337437765884E8
2.5807986700265884E8
2.5815046390109634E8
2.5822354594797134E8
2.5827958810715103E8
2.5831797482199478E8
2.5837448690793228E8
2.5845315548605728E8
2.5849044843527603E8
2.5849123066690445E8
2.584962652694435E8
2.585668387381935E8
2.5858200424014664E8
2.5865922495889664E8
2.5869979794327164E8
2.587658689628029E8
2.5880366455264664E8
2.588492422362404E8
2.589057543221779E8
2.590044458846779E8
2.5906593879483414E8
2.5923471837295914E8
2.5939786712295914E8
2.594486964003029E8
2.594525319742775E8
2.606329318492775E8
2.607101525680275E8
2.6073543098599625E8
2.6081664390005875E8
2.608624399117775E8
2.609333428180275E8
2.61010273435215E8
2.610872040524025E8
2.611644247711525E8
2.6123546182584E8
2.613123924430275E8
2.61382966060215E8
2.614540031149025E8
2.615329163180275E8
2.6153511993008804E8
2.61542186042881E8
2.616150925194435E8
2.61679697027256E8
2.61891942542881E8
2.6195492344620132E8
2.6206677386807632E8
2.6213968034463882E8
2.6214219877823257E8
2.6238750679385757E8
2.6277463070010757E8
2.6284474335635757E8
2.6291578041104507E8
2.6298638076260757E8
2.6305662605948257E8
2.6311753683682632E8
2.6319370582120132E8
2.6327063643838882E8
2.6401255712588882E8
2.6411733529776382E8
2.6419350428213882E8
2.6426374277432632E8
2.642661538961525E8
2.648266973961525E8
2.6494364070084E8
2.650146777555275E8
2.651273997711525E8
2.652004206149025E8
2.652011566308937E8
2.652812511777687E8
2.654666847715187E8
2.655397056152687E8
2.656126120918312E8
2.656887810762062E8
2.656925442427101E8
2.658483887895851E8
2.661139802270851E8
2.662024009145851E8
2.663601689458351E8
2.664647616098976E8
2.665355077583351E8
2.666127284770851E8
2.666945214380226E8
2.667647667739601E8
2.672591837739601E8
2.6727811715286636E8
2.6757626484036636E8
2.6765348555911636E8
2.677142899145851E8
2.679277079614601E8
2.679998745864601E8
2.680785431645851E8
2.681547121489601E8
2.682253173833351E8
2.684394644302101E8
2.685105014848976E8
2.6857159839505386E8
2.6872764166067886E8
2.687341817226906E8
2.688047554023781E8
2.688568087226906E8
2.6890254433597183E8
2.689262275508156E8
2.690021141914406E8
2.690023789140053E8
2.690795996327553E8
2.69141083175724E8
2.697256631327553E8
2.697970490233803E8
2.69805083554142E8
2.69886723272892E8
2.699490240805092E8
2.699502510241127E8
2.701718489928627E8
2.703853891803627E8
2.704575794928627E8
2.7049068405926895E8
2.7057228343426895E8
2.7057351037787247E8
2.706148412489662E8
2.706812042958412E8
2.707514496317787E8
2.71241105456974E8
2.712792228671303E8
2.7128070613287735E8
2.713260942852211E8
2.713262430318489E8
2.715775340645027E8
2.71585871983448E8
2.716102117295418E8
2.716317427764168E8
2.71676241061573E8
2.7170870000102615E8
2.717146708076668E8
2.717808788623543E8
2.718809192686043E8
2.719843718076668E8
2.7228028676298904E8
2.7228989662529373E8
2.723050610872078E8
2.7231120750468826E8
2.72357013657032E8
2.724815785867195E8
2.725694070554695E8
2.7263131087968826E8
2.7270600963750076E8
2.7279216541875076E8
2.7287083399687576E8
2.729211449001961E8
2.7283227090631485E8
2.7285665312213516E8
2.7302954292656326E8
2.7303484278886795E8
2.7308043528886795E8
2.7315099892949295E8
2.7322124428105545E8
2.7322126752409554E8
2.732235133851795E8
2.73251973351244E8
2.732541104218006E8
2.7326535249016E8
2.747319402010975E8
2.7473558095500374E8
2.7473591882463264E8
2.747411505204334E8
2.74748912392992E8
2.74881375502367E8
2.7494346780314827E8
2.7502124449113655E8
2.7509148978801155E8
2.750919035118885E8
2.75162647019701E8
2.75226262629076E8
2.752406344357166E8
2.764649206857166E8
2.765815526075916E8
2.766352434279041E8
2.7654943504338264E8
2.7656610910588264E8
2.7663617799650764E8
2.7672775312150764E8
2.7703483883989143E8
2.770366277634754E8
2.771284930212879E8
2.771878405916004E8
2.77197121998827E8
2.773164428035145E8
2.773541790378895E8
2.77435750280077E8
2.7749299968242073E8
2.7813372626054573E8
2.7821783482304573E8
2.7859726138554573E8
2.7865803201054573E8
2.7871053040898323E8
2.7871203872014046E8
2.787195327606678E8
2.791572366044178E8
2.7915751778312874E8
2.7916405784514046E8
2.7925571312639046E8
2.7933149076701546E8
2.793577383749256E8
2.793655002474842E8
2.793839023705311E8
2.7938399252964973E8
2.794163562542591E8
2.794683992444935E8
2.797500638328724E8
2.7977851657896614E8
2.7982064734459114E8
2.8003348643834114E8
2.8010372452427864E8
2.801390403563099E8
2.811804080438099E8
2.812531100594349E8
2.812988322547474E8
2.813071674764271E8
2.814074719764271E8
2.814378048716297E8
2.815086966919422E8
2.815792823403797E8
2.816521888169422E8
2.817230917231922E8
2.8196329380104256E8
2.8203433085573006E8
2.8210492461354256E8
2.823449994299488E8
2.8240671534791756E8
2.8243695351320076E8
2.8246950407374763E8
2.8259521242531013E8
2.826518712495289E8
2.827220143979664E8
2.827905514917164E8
2.828700483823414E8
2.8287871332081795E8
2.8319265966456795E8
2.832383787387867E8
2.833178909184742E8
2.833854276059742E8
2.834595019887867E8
2.834769333540211E8
2.8348383668019295E8
2.8355443903175545E8
2.8362468435988045E8
2.836513070219898E8
2.837252491235523E8
2.8457982744722176E8
2.850896690625477E8
2.851990984531727E8
2.852597576562977E8
2.8530554676957893E8
2.8535977025395393E8
2.8540878764457893E8
2.8542342799809456E8
2.8549858474809456E8
2.855063811216297E8
2.855851178091297E8
2.8564895456700325E8
2.8565261616197395E8
2.8572446773228645E8
2.857308318455677E8
2.85735235299181E8
2.857734039368763E8
2.864139027493763E8
2.864472091243763E8
2.864545068553333E8
2.865500770272083E8
2.8655042366212654E8
2.8667587540431404E8
2.867162527754078E8
2.867869676972828E8
2.867897110261402E8
2.868471912058277E8
2.869090186745777E8
2.869919437214527E8
2.869951837387867E8
2.870277379008961E8
2.870983901743336E8
2.871686061430836E8
2.872406405805836E8
2.8724923521925545E8
2.8733336010206795E8
2.873403560254078E8
2.873912274316578E8
2.874681580488453E8
2.8750856170900154E8
