0.0
421141.3125
634658.015625
1081563.015625
1122385.30859375
1335272.68359375
1525429.4952392578
1533170.4439697266
1987319.3814697266
2033075.3189697266
2246025.0689697266
2459687.4595947266
2500067.2330322266
2546275.6978759766
2627011.0404052734
2715768.142944336
2788876.135131836
3394101.135131836
3447918.822631836
4087147.885131836
4321132.603881836
4535036.088256836
5170233.650756836
5239021.549194336
5451971.299194336
5497682.474975586
5636076.553100586
5849831.959350586
5941289.34777832
6000639.94543457
6620364.69543457
6677002.71887207
6683909.551391602
6913270.332641602
7036359.324829102
7255607.484985352
7467965.766235352
7546634.344360352
7851367.906860352
7921953.555297852
7954869.906860352
8224261.609985352
8716549.766235352
8962620.109985352
9555834.734985352
1.0145443734985352E7
1.0599592672485352E7
1.0724496656860352E7
1.0785125895141602E7
1.0938629660766602E7
1.1151001942016602E7
1.1414133067016602E7
1.1454738508422852E7
1.1681849180297852E7
1.2249676180297852E7
1.2282188783813477E7
1.2374054041625977E7
1.2632479104125977E7
1.2701463221313477E7
1.2747194404907227E7
1.3308619404907227E7
1.3651237217407227E7
1.3712558494750977E7
1.3934156463500977E7
1.4082030447875977E7
1.4233527666625977E7
1.4419274947875977E7
1.4668401604125977E7
1.4842099010375977E7
1.4943185822875977E7
1.5003866248657227E7
1.5049516119750977E7
1.5329825901000977E7
1.5391545608032227E7
1.5437280010375977E7
1.5607316436157227E7
1.5699664670532227E7
1.5823943383422852E7
1.6137624070922852E7
1.6602947883422852E7
1.6664116391235352E7
1.699098445373535E7
1.731700957873535E7
1.755099429748535E7
1.7787475608032227E7
1.8001029170532227E7
1.8213871514282227E7
1.8246543584594727E7
1.8296466943969727E7
1.8666254162719727E7
1.9327062537719727E7
1.9372450690063477E7
2.0050757627563477E7
2.0711594815063477E7
2.1336554627563477E7
2.1442076752563477E7
2.1908163471313477E7
2.2087214908813477E7
2.2556362721313477E7
2.2769466455688477E7
2.2802039502563477E7
2.3186310252563477E7
2.3293905768188477E7
2.3746190549438477E7
2.3959208471313477E7
2.3963526947387695E7
2.4047652806762695E7
2.4460916650512695E7
2.4674584213012695E7
2.5051617744262695E7
2.5184415556762695E7
2.5396743666137695E7
2.6014617853637695E7
2.6106156244262695E7
2.6176953908325195E7
2.6389649658325195E7
2.7023209408325195E7
2.7236113970825195E7
2.7652406533325195E7
2.765876371157837E7
2.787166141470337E7
2.796357639126587E7
2.859401464126587E7
2.864616764126587E7
2.885892957876587E7
2.927490126626587E7
2.9282723558746338E7
2.9401645550933838E7
3.0043452550933838E7
3.0124858222808838E7
3.0338677800933838E7
3.0874057238433838E7
3.1508709988433838E7
3.1721813722808838E7
3.2155640066558838E7
3.2368433519683838E7
3.2906541082183838E7
3.2970424980621338E7
3.3183468027496338E7
3.3186330569221497E7
3.3398658678596497E7
3.36113519442215E7
3.3663777186409E7
3.4344839811409E7
3.4556980998909E7
3.4856506248909E7
3.4938145967659E7
3.499179219812775E7
3.5053743342659E7
3.5267119967659E7
3.5480425795784E7
3.552623194812775E7
3.568696595691681E7
3.5704305408088684E7
3.591302774292755E7
3.598604858667755E7
3.619959227417755E7
3.6216933076911926E7
3.6327290436286926E7
3.6614874936286926E7
3.6712050014411926E7
3.7209448076911926E7
3.7532809420661926E7
3.8017698108161926E7
3.8116283233161926E7
3.8329547811286926E7
3.8574758655036926E7
3.9070381905036926E7
3.9226655873786926E7
3.9569273686286926E7
3.9782941248786926E7
4.0142365717536926E7
4.0187753869880676E7
4.0400358229255676E7
4.1019918479255676E7
4.1717678666755676E7
4.3990133416755676E7
4.4242991479255676E7
4.4304424065193176E7
4.4388557901130676E7
4.4602424198005676E7
4.5202587698005676E7
4.5415596994880676E7
4.5663515666755676E7
4.6224459166755676E7
4.6437152432380676E7
4.6649942151130676E7
4.6705124951911926E7
4.68462338405838E7
4.666176492945099E7
4.672327287476349E7
4.693606632788849E7
4.715457864038849E7
4.744562579663849E7
4.769195982788849E7
4.776373921070099E7
4.782011078882599E7
4.788109874585724E7
4.810146637085724E7
4.845820555835724E7
5.016115630835724E7
5.026905112085724E7
5.040172763648224E7
5.069422463648224E7
5.0702729623786926E7
5.087871489997101E7
5.133792958747101E7
5.138790885309601E7
5.174904513434601E7
5.217921629059601E7
5.366945354059601E7
5.372704946247101E7
5.3728359418403625E7
5.3788085168403625E7
5.3833473320747375E7
5.3950332281684875E7
5.3996545439888E7
5.4465696252388E7
5.447888394281769E7
5.44885619633255E7
5.455021916254425E7
5.480311610004425E7
5.516642235004425E7
5.678263747504425E7
5.732900628754425E7
5.794686378754425E7
5.7968357080513E7
5.8000692402778625E7
5.8997379652778625E7
6.0012212715278625E7
6.0057600867622375E7
6.0139227430122375E7
6.0246369422309875E7
6.0588987234809875E7
6.0654602336372375E7
6.1888623836372375E7
6.2074057430122375E7
6.4346512180122375E7
6.4418041820747375E7
6.4978585320747375E7
6.499177301117706E7
6.538037629242706E7
6.562986651117706E7
6.572377673383331E7
6.631362910883331E7
6.6318928971138E7
6.637044220941925E7
6.705064383441925E7
6.713227039691925E7
6.714694626508331E7
6.714925526459503E7
6.723855357318878E7
6.733710104193878E7
6.743017663959503E7
6.750024553022003E7
6.797359859272003E7
6.809054189740753E7
6.814017589740753E7
6.824731788959503E7
6.833078903022003E7
6.83814618563919E7
6.84427986063919E7
6.88811832001419E7
6.89589141298294E7
6.92539732548294E7
6.97264395673294E7
7.03316645673294E7
7.05778820829544E7
7.19618914579544E7
7.197608800092316E7
7.247170575092316E7
7.252591231342316E7
7.369426206342316E7
7.377594575092316E7
7.381140119037628E7
7.432294153412628E7
7.469569215912628E7
7.490788298725128E7
7.624312598725128E7
7.624672181977081E7
7.657342813227081E7
7.673942121039581E7
7.678946039789581E7
7.746966202289581E7
7.974211677289581E7
7.997005191352081E7
8.134861216352081E7
8.174258916352081E7
8.205863847602081E7
8.251333000727081E7
8.304911781977081E7
8.309500081586456E7
8.315294128852081E7
8.341971822602081E7
8.363327971039581E7
8.384571074164581E7
8.391988496430206E7
8.397983027680206E7
8.422590062055206E7
8.427584514008331E7
8.438620249945831E7
8.439032995746613E7
8.491682258246613E7
8.49594700570755E7
8.5009299908638E7
8.5450100158638E7
8.5601604314888E7
8.564699246723175E7
8.617631046723175E7
8.670220271723175E7
8.670633017523956E7
8.678773584711456E7
8.708772634711456E7
8.936018109711456E7
8.940045706977081E7
8.961264789789581E7
8.961749012641144E7
8.970969507953644E7
8.999891539203644E7
9.011619147016144E7
9.017143783344269E7
9.042053708344269E7
9.089269152094269E7
9.202450939594269E7
9.236391823969269E7
9.279275723969269E7
9.285396269281769E7
9.307055167719269E7
9.338113592719269E7
9.506378755219269E7
9.614452405219269E7
9.621760609906769E7
9.622449742035675E7
9.651348182660675E7
9.661590111566925E7
9.763187599066925E7
9.828233224066925E7
9.873804805316925E7
9.899905242816925E7
9.952562955316925E7
9.95759516508255E7
9.9638084486763E7
9.9737640533638E7
9.9867170018013E7
9.991255817035675E7
1.0001683350629425E8
1.0009847784223175E8
1.001593886195755E8
1.002194543695755E8
1.00278338861763E8
1.003404716977005E8
1.018103248227005E8
1.01937556768013E8
1.02530771393013E8
1.02892496080513E8
1.03399011205513E8
1.03507180893013E8
1.03961872424263E8
1.040291153852005E8
1.0403441524750519E8
1.0410688839691925E8
1.0411171261688995E8
1.0419581060126495E8
1.0457712778876495E8
1.0494987841376495E8
1.0513321024188995E8
1.0523658072626495E8
1.052774114801712E8
1.056281629801712E8
1.079006177301712E8
1.083159761364212E8
1.088854245114212E8
1.104435192614212E8
1.106927316520462E8
1.108402724332962E8
1.1084898742401886E8
1.1091072938886261E8
1.109160292511673E8
1.109811589542923E8
1.110513333214798E8
1.1110861074921417E8
1.1130149481171417E8
1.1171778737421417E8
1.1211207031171417E8
1.1322795668671417E8
1.1334687867890167E8
1.1334900387543488E8
1.1391804787543488E8
1.1426448012543488E8
1.1488420487543488E8
1.1493417351215363E8
1.1516414766840363E8
1.1520459252777863E8
1.1540726268402863E8
1.1597630668402863E8
1.1603383953949738E8
1.1633869822699738E8
1.1641642915668488E8
1.1650048260980988E8
1.165093729530716E8
1.166910550780716E8
1.167902070155716E8
1.1684368004730988E8
1.1694680734809113E8
1.1704456119574738E8
1.1710287676215363E8
1.1716176125434113E8
1.1724806369574738E8
1.1738940514887238E8
1.1745049735590363E8
1.1756777343402863E8
1.1758966783197784E8
1.1766550927729034E8
1.1782611555854034E8
1.178769429140091E8
1.180446850233841E8
1.180936743046341E8
1.1815120716010284E8
1.1815795827974129E8
1.1816136022139168E8
1.1824542452607918E8
1.1825091960225105E8
1.1825102196511269E8
1.1825113291674995E8
1.1846468647924995E8
1.185264447175312E8
1.1858415820581245E8
1.186340609050312E8
1.1863412288259697E8
1.1893714782009697E8
1.1899539110525322E8
1.1907945179275322E8
1.1918803472244072E8
1.2074281359744072E8
1.2103787272244072E8
1.2109540557790947E8
1.2115727601540947E8
1.2116287153201103E8
1.2117256783279228E8
1.2170361752029228E8
1.2178134844997978E8
1.2181948012771416E8
1.2182288963747978E8
1.2191831722732353E8
1.2197974208669853E8
1.2206382458669853E8
1.2218110066482353E8
1.2232036422732353E8
1.2237867979372978E8
1.223835220222454E8
1.2240787076345634E8
1.224901519392376E8
1.224916819651165E8
1.2254921482058525E8
1.2255262832815361E8
1.2266765787502861E8
1.2401747425002861E8
1.2407500710549736E8
1.2409860942385674E8
1.2505258773635674E8
1.2519430245510674E8
1.2526525606838799E8
1.2527055593069267E8
1.253168915498333E8
1.2532800629348564E8
1.2546965841848564E8
1.2551870336770439E8
1.2551872878457642E8
1.2558880887832642E8
1.2566492410488892E8
1.2580443827676392E8
1.2587734475332642E8
1.2597539527285767E8
1.2603292812832642E8
1.260341697661438E8
1.2603776559890747E8
1.2607026808718872E8
1.2608400523953247E8
1.260892975383606E8
1.2609620831277466E8
1.2611308778933716E8
1.2616216227761841E8
1.2620253613699341E8
1.2626325144558716E8
1.2626559533694458E8
1.2631993183303833E8
1.2679208627053833E8
1.2688392758303833E8
1.2694146043850708E8
1.2699129911428833E8
1.270088156513977E8
1.270370473310852E8
1.271690809248352E8
1.2719012047268677E8
1.2733157053518677E8
1.2794193966018677E8
1.2802604355862427E8
1.2802607968949127E8
1.280745997042942E8
1.282917868761692E8
1.285920941574192E8
1.287256682980442E8
1.2873096816034889E8
1.3100342291034889E8
1.3255820178534889E8
1.3260886447284889E8
1.3279793091034889E8
1.3286826345722389E8
1.3297077253534889E8
1.329742154218235E8
1.3297495497126198E8
1.3298857103278542E8
1.3308422813434792E8
1.3316946742341042E8
1.3344977570466042E8
1.3345322937995338E8
1.3364698692682838E8
1.3364708739770699E8
1.3370462025317574E8
1.3597707500317574E8
1.3619554509692574E8
1.36245526350832E8
1.3624890955542183E8
1.3624894455343056E8
1.3638604055343056E8
1.3668556580343056E8
1.3676967561593056E8
1.3690011451436806E8
1.3690351645601845E8
1.3700814306539345E8
1.3731872731539345E8
1.3735103789190865E8
1.373546786458149E8
1.375674507395649E8
1.3762828019659615E8
1.376282968795433E8
1.377393629967308E8
1.3776144794790268E8
1.3930771957290268E8
1.3940539801430893E8
1.4027000557680893E8
1.4041138338930893E8
1.4041668325161362E8
1.4041676603481674E8
1.4056040730044174E8
1.4070185736294174E8
1.40794408491848E8
1.408032988351097E8
1.408363696397972E8
1.431088243897972E8
1.432440895304222E8
1.4324938182925034E8
1.433069146847191E8
1.443594448097191E8
1.444056870987816E8
1.4443703500112534E8
1.4446816540737534E8
1.4556672478237534E8
1.455701267237816E8
1.4557353110146713E8
1.4568071788271713E8
1.4572907540810776E8
1.457373735633812E8
1.458484396805687E8
1.462427226180687E8
1.4629761653603745E8
1.463434125477562E8
1.464242331415062E8
1.4649256734853745E8
1.4657672944228745E8
1.4668704942666245E8
1.4671906822549057E8
1.4799923535049057E8
1.48001589130764E8
1.4800161297016144E8
1.4847160447016144E8
1.4856979668891144E8
1.4966835606391144E8
1.496770675150833E8
1.497499739916458E8
1.498269046088333E8
1.500085867338333E8
1.501106297182083E8
1.501695304916458E8
1.503211285541458E8
1.504625643822708E8
1.505636022416458E8
1.506836392728958E8
1.507450454760208E8
1.530175002260208E8
1.5302234245453644E8
1.5311072354047394E8
1.5538317829047394E8
1.5548777095453644E8
1.5578807823578644E8
1.558456110912552E8
1.559064406146927E8
1.5602867187641144E8
1.5602868894010353E8
1.5603398880240822E8
1.5830644355240822E8
1.5845110836490822E8
1.5845120793455696E8
1.5847768413768196E8
1.5847834282170296E8
1.5853899136857796E8
1.5971352174357796E8
1.5997665286857796E8
1.6007320516545296E8
1.601348109974842E8
1.602006684193592E8
1.624731231693592E8
1.625221405599842E8
1.6257967341545296E8
1.6258203435661507E8
1.6264262225505257E8
1.6270441952849007E8
1.6275346439958382E8
1.6281411879020882E8
1.6281421383439827E8
1.6347322708439827E8
1.6353075993986702E8
1.6359594174846077E8
1.6365685968596077E8
1.6370209062736702E8
1.6376369645939827E8
1.6383787068205452E8
1.6393592120158577E8
1.6397629857267952E8
1.6403708405705452E8
1.6409832693596077E8
1.6415943444377327E8
1.6422041443986702E8
1.6428222575236702E8
1.6434311542033577E8
1.6434322353582954E8
1.6434852339813423E8
1.6434853869746017E8
1.6444378310371017E8
1.6450542339667892E8
1.6456670843183517E8
1.6461130359199142E8
1.6467301145527267E8
1.6473054431074142E8
1.6477092472480392E8
1.6477094906303787E8
1.6483193848881912E8
1.6491605299663162E8
1.6496745285210037E8
1.6496952604594803E8
1.6504645666313553E8
1.6505243126079178E8
1.6514025972954178E8
1.6520174486235428E8
1.6528584405766678E8
1.6534716301079178E8
1.6540782534282303E8
1.6547446200688553E8
1.6633906956938553E8
1.6640005541313553E8
1.6647872399126053E8
1.6654012421391678E8
1.6662678560454178E8
1.6668855761626053E8
1.6674973351469803E8
1.6681096506157303E8
1.6687272008501053E8
1.6693436987797928E8
1.6699545526860428E8
1.6704578485454178E8
1.6706621000297928E8
1.6714070290922928E8
1.6714293937041092E8
1.6721596021416092E8
1.6721796533977127E8
1.6725835241789627E8
1.6732026440617752E8
1.6765135299992752E8
1.6905052699992752E8
1.6913468868742752E8
1.6919575407805252E8
1.69195820997921E8
1.692364345213585E8
1.694491102713585E8
1.6948968956432724E8
1.6955112459557724E8
1.69608657451046E8
1.6964903500182724E8
1.6971070804870224E8
1.6971630424108505E8
1.697781442684288E8
1.698397225574913E8
1.699484267449913E8
1.6994852240898514E8
1.7000597136406326E8
1.7022948292656326E8
1.702392888035164E8
1.7023930649368858E8
1.7027968653275108E8
1.7036383312650108E8
1.7040844298196983E8
1.7040855827971458E8
1.7062074910783958E8
1.7062421355974388E8
1.7068516614177513E8
1.7074618136443138E8
1.7081642671599388E8
1.7095159488616753E8
1.7101257488226128E8
1.7137199935101128E8
1.7141237124554253E8
1.7146529328069878E8
1.7152710459319878E8
1.7154398406976128E8
1.7158441600335503E8
1.7164597694866753E8
1.7170726198382378E8
1.7176479483929253E8
1.7176911307073784E8
1.7183051068011284E8
1.718708882308941E8
1.7193178511761284E8
1.7193280758520317E8
1.719362170949688E8
1.721789232043438E8
1.722399525637188E8
1.7228567425512505E8
1.7234728798950005E8
1.723473960397396E8
1.724088370709896E8
1.726825246022396E8
1.727666302975521E8
1.7282416315302086E8
1.7292047519989586E8
1.7308671151239586E8
1.7308674551075172E8
1.7308909454444313E8
1.7314662739991188E8
1.7319122256006813E8
1.7325185586475563E8
1.7331290534913063E8
1.7337389477491188E8
1.7351531005616188E8
1.7357629801319313E8
1.7371037298194313E8
1.7377195155225563E8
1.7382948440772438E8
1.7385233007178688E8
1.738551727797947E8
1.739163004751072E8
1.739779306235447E8
1.7416733995533943E8
1.7428493947096443E8
1.7439182238112068E8
1.7447589912330818E8
1.7456774043580818E8
1.7456779078420448E8
1.7457129935183144E8
1.746288322073002E8
1.746694616291752E8
1.7467925828640175E8
1.7482057767702675E8
1.74882285540308E8
1.7492268920046425E8
1.7498426829421425E8
1.7498632261086464E8
1.7504813350930214E8
1.7505376377004433E8
1.7511527809426308E8
1.7515565023098183E8
1.7521318308645058E8
1.7527457587941933E8
1.7534877326223183E8
1.7540952213332558E8
1.7541293164504433E8
1.7545748591066933E8
1.7551854810207558E8
1.7558935589113808E8
1.7569059028176308E8
1.7575157651613808E8
1.7594533406301308E8
1.7602949715676308E8
1.7607015218020058E8
1.7626209584256172E8
1.762639746494465E8
1.7632491566116524E8
1.763857647119465E8
1.765987688213215E8
1.766606196806965E8
1.766649381567707E8
1.767265536645832E8
1.7675015598294258E8
1.7683426454544258E8
1.7690530160013008E8
1.7701785041263008E8
1.7707896785794258E8
1.7723437007669258E8
1.7734210025638008E8
1.7796367750638008E8
1.7802479295559883E8
1.780260798421955E8
1.78084396318758E8
1.781462964671955E8
1.784670952796955E8
1.7847521915271378E8
1.7853672709802628E8
1.7870310553552628E8
1.7874368482849503E8
1.7885695784412003E8
1.7902618440662003E8
1.7908691612146378E8
1.7914866679333878E8
1.7920952975427628E8
1.7958489756677628E8
1.7964557621130753E8
1.7969129790271378E8
1.7975304266052628E8
1.7989445794177628E8
1.7997324448083878E8
1.8020195301208878E8
1.8026293846912003E8
1.8032354316052628E8
1.8038486652380753E8
1.8044592871521378E8
1.8044860361096573E8
1.8058633798596573E8
1.8062671468127823E8
1.8082352682190323E8
1.8092547233752823E8
1.8108431411877823E8
1.8120819225940323E8
1.8121558109436417E8
1.8129280181311417E8
1.8139617229748917E8
1.814875801900673E8
1.815606010338173E8
1.8162139677209854E8
1.816823219088173E8
1.817440934791298E8
1.831324942291298E8
1.8313467568201065E8
1.8327410857263565E8
1.8335027755701065E8
1.8341198091638565E8
1.834523527327919E8
1.835137877640419E8
1.836573746546669E8
1.836586464296913E8
1.8366206735766983E8
1.8381791190454483E8
1.8403126565454483E8
1.8420004523266983E8
1.8424032171704483E8
1.8430130956470108E8
1.8483941712720108E8
1.8490069554126358E8
1.8507916135376358E8
1.8514007213110733E8
1.8518045173657608E8
1.8537636195532608E8
1.8545253093970108E8
1.8551898107251358E8
1.8568181944751358E8
1.8576587822095108E8
1.8582714970141983E8
1.8588811494751358E8
1.8595690284595108E8
1.8601782081860733E8
1.8607927483813858E8
1.8618323939282608E8
1.8628656234595108E8
1.8632938191748428E8
1.8638998660889053E8
1.8645153101904678E8
1.8661797686279678E8
1.8681060201904678E8
1.8686813487451553E8
1.8692896354639053E8
1.8698986039404678E8
1.8705124840967178E8
1.8711342179248428E8
1.8726532829248428E8
1.8746625791748428E8
1.874681465008583E8
1.875903481727333E8
1.876468602586708E8
1.8770832934851456E8
1.8803118037976456E8
1.8815350509851456E8
1.8831626117663956E8
1.8841410814538956E8
1.8849599528601456E8
1.8855735980163956E8
1.8873626236413956E8
1.8879801586413956E8
1.8885957987976456E8
1.8886076220923233E8
1.8893099425610733E8
1.8897137509204483E8
1.8913667188891983E8
1.8927508402954483E8
1.8941875174829483E8
1.8960048632641983E8
1.8964085818970108E8
1.8978230573657608E8
1.9107580561157608E8
1.9113645917798233E8
1.9143046299048233E8
1.9147083576782608E8
1.9162691636157608E8
1.9168778474438858E8
1.9174429683032608E8
1.9192706042407608E8
1.9208015192407608E8
1.9224708204907608E8
1.9235104660376358E8
1.9241262827954483E8
1.9247400018579483E8
1.9301210774829483E8
1.9434735074829483E8
1.9440901302563858E8
1.9446999848266983E8
1.9461837432641983E8
1.9476469496704483E8
1.9480530360376358E8
1.9488261737720108E8
1.9492746854907608E8
1.9499172448266983E8
1.9512375807641983E8
1.9518521209595108E8
1.9535856590845108E8
1.9541966672876358E8
1.9546868491235733E8
1.9560867638110733E8
1.9567017059985733E8
1.9573148955298233E8
1.9583902172485733E8
1.9587944216626358E8
1.9594108156860733E8
1.9604603338110733E8
1.9615858219360733E8
1.9624505942016983E8
1.9628549236548233E8
1.9647762292798233E8
1.9653922954907608E8
1.9660013012720108E8
1.9666090052954483E8
1.9666315246826553E8
1.9714201803076553E8
1.9718013544092178E8
1.9728718230810928E8
1.9746769055810928E8
1.9752948355420303E8
1.9770831514795303E8
1.9774859378467178E8
1.9791306267529678E8
1.9805797053467178E8
1.9811902663232803E8
1.9827656049170303E8
1.9833831364795303E8
1.9833957485010147E8
1.9851593585010147E8
1.9888275694385147E8
1.9892333623682022E8
1.9904553790869522E8
1.9914677229932022E8
1.9920776598682022E8
1.9926940538916397E8
1.9943672201416397E8
1.9949811116260147E8
1.994981278443966E8
1.997118832506466E8
1.998296663131466E8
1.998906366881466E8
1.998941121214962E8
2.000992403714962E8
2.002511468714962E8
2.003508465746212E8
2.0041262561758995E8
2.004530029886837E8
2.004933875589962E8
2.007070551214962E8
2.007486892230587E8
2.009618365199337E8
2.010236998871212E8
2.011660960121212E8
2.012954147230587E8
2.0135633985977745E8
2.0156461828165245E8
2.0170791564102745E8
2.0176849364883995E8
2.018142896605587E8
2.019775620511837E8
2.021766071918087E8
2.035252813168087E8
2.035864763168087E8
2.0364787032071495E8
2.0377186200040245E8
2.0394094676602745E8
2.0411231498477745E8
2.0550071573477745E8
2.0565799532852745E8
2.0571868937540245E8
2.0708329025040245E8
2.0713230404141808E8
2.0851059841641808E8
2.0858280853360558E8
2.0874979756485558E8
2.087528625643673E8
2.089099392831173E8
2.090896893456173E8
2.091505059549923E8
2.093148142987423E8
2.094744334549923E8
2.095333273924923E8
2.095681620253048E8
2.097094656034298E8
2.09711453119421E8
2.11046696119421E8
2.111624170178585E8
2.113107928616085E8
2.11383699338171E8
2.11676655431921E8
2.11833935025671E8
2.11912603603796E8
2.1195817527176476E8
2.1203108174832726E8
2.1272618781082726E8
2.1282057181082726E8
2.1300477721707726E8
2.1302851447488976E8
2.13116321775671E8
2.13189342619421E8
2.13548547369421E8
2.135515904043331E8
2.137465592793331E8
2.138375210762081E8
2.140819756699581E8
2.142512022324581E8
2.143273712168331E8
2.144043018340206E8
2.145720439433956E8
2.146883803262081E8
2.1468840216370392E8
2.1490265794495392E8
2.1509946617932892E8
2.1522291658557892E8
2.1561004049182892E8
2.1575593363245392E8
2.1587279259339142E8
2.1594896157776642E8
2.1619166768714142E8
2.1626859830432892E8
2.1642567502307892E8
2.1650679478089142E8
2.1671988349964142E8
2.1687752001526642E8
2.1695746489026642E8
2.1709517895276642E8
2.1723935954651642E8
2.1741072776526642E8
2.1749496079651642E8
2.1757112978089142E8
2.1764415062464142E8
2.1771717146839142E8
2.1779007794495392E8
2.1786624692932892E8
2.179322365523758E8
2.180109051305008E8
2.184597413805008E8
2.185205579898758E8
2.198343569898758E8
2.199115777086258E8
2.199824090133133E8
2.201139277633133E8
2.201908583805008E8
2.203655503805008E8
2.204424809976883E8
2.205046138336258E8
2.206548297555008E8
2.207670042242508E8
2.208436834351883E8
2.209504988961258E8
2.210266678805008E8
2.212402483492508E8
2.212437027369461E8
2.214227541744461E8
2.215925405806961E8
2.216655614244461E8
2.217424920416336E8
2.218408363775711E8
2.220535656900711E8
2.221025856041336E8
2.222474051041336E8
2.223396079166336E8
2.224126287603836E8
2.225049737916336E8
2.226083442760086E8
2.227774290416336E8
2.228392175181961E8
2.229545127369461E8
2.230274192135086E8
2.2308839920960236E8
2.2369945652210236E8
2.2376102720178986E8
2.2387765912366486E8
2.2416687943616486E8
2.2445159665491486E8
2.2458203555335236E8
2.2466070413147736E8
2.2473687311585236E8
2.2481409383460236E8
2.2516323392835236E8
2.2524739602210236E8
2.2524745375722885E8
2.2533345469472885E8
2.2569287856972885E8
2.2576315681972885E8
2.2602178892910385E8
2.2609480977285385E8
2.2621144077285385E8
2.2633036475722885E8
2.2644697228847885E8
2.2779962116347885E8
2.2787684188222885E8
2.2800269083535385E8
2.2818879161660385E8
2.2952265736660385E8
2.2970958866347885E8
2.2981367944472885E8
2.2997131596035385E8
2.3006265834316635E8
2.3013882732754135E8
2.3027753226504135E8
2.3027764091854477E8
2.3038128386776352E8
2.3045995244588852E8
2.3054536912557602E8
2.305506689878807E8
2.306235754644432E8
2.308320448394432E8
2.309431109566307E8
2.310203316753807E8
2.3102106972671127E8
2.3115361797671127E8
2.3123083869546127E8
2.3253926694546127E8
2.3282113907046127E8
2.3289835978921127E8
2.3305026628921127E8
2.3318406580483627E8
2.3326099642202377E8
2.3334941710952377E8
2.3342634772671127E8
2.3363870100796127E8
2.3374813039858627E8
2.3382429938296127E8
2.3393372877358627E8
2.3406518842983627E8
2.3427791774233627E8
2.3444429617983627E8
2.3450575061343002E8
2.3454612339077377E8
2.3465845699233627E8
2.3472907315639877E8
2.3490412150014877E8
2.3498105211733627E8
2.3512506705483627E8
2.3517045520718002E8
2.3524662419155502E8
2.3532279317593002E8
2.3556724776968002E8
2.3576441197280502E8
2.3584058095718002E8
2.3591674994155502E8
2.3703750194155502E8
2.3719997530093002E8
2.3727690591811752E8
2.3746300669936752E8
2.3765912438686752E8
2.3780501752749252E8
2.3795172055874252E8
2.3808721018374252E8
2.3816587876186752E8
2.3837547519936752E8
2.3856840955874252E8
2.3865888327749252E8
2.3873190412124252E8
2.3894482193374252E8
2.3914704999624252E8
2.3922398061343002E8
2.3932329548061752E8
2.3948877252749252E8
2.3993567752749252E8
2.4128581265249252E8
2.4138922937905502E8
2.4153821342593002E8
2.4173011939468002E8
2.4180102230093002E8
2.4208860680093002E8
2.4231726553530502E8
2.4241349281655502E8
2.4280061672280502E8
2.4292056962905502E8
2.4299673861343002E8
2.4320231856655502E8
2.4330402102749252E8
2.4360104921499252E8
2.4367971779311752E8
2.4378302650405502E8
2.4378568038174057E8
2.4378833425942612E8
2.4385916812661362E8
2.4393533711098862E8
2.4400592593911362E8
2.4406823344129562E8
2.4411273172645187E8
2.4420904377332687E8
2.4428771235145187E8
2.4435795770301437E8
2.4443283573426437E8
2.4448966630457687E8
2.4450636795106125E8
2.4452063680848312E8
2.4456513509363937E8
2.4464404829676437E8
2.446626093582878E8
2.4468184298719406E8
2.4471041764344406E8
2.4478734826063156E8
2.448431109911003E8
2.452507200536003E8
2.4526000146082687E8
2.4535721541395187E8
2.4658150166395187E8
2.4676693525770187E8
2.4678864260731125E8
2.4685885647449875E8
2.4693187731824875E8
2.4705183022449875E8
2.4707635105067062E8
2.4715328166785812E8
2.4715740435438156E8
2.4722817304969406E8
2.4729921010438156E8
2.4737178851844406E8
2.4744900923719406E8
2.4752191571375656E8
2.4770120912000656E8
2.4777987769813156E8
2.4785709841688156E8
2.4903749829188156E8
2.4910839051844406E8
2.4917904279188156E8
2.4925597340906906E8
2.4933222300281906E8
2.4933227387750626E8
2.4933328098791885E8
2.4941021160510635E8
2.4941325464001846E8
2.4947391534314346E8
2.4954416067126846E8
2.4960228538220596E8
2.4963528851501846E8
2.496973808157997E8
2.497679664642372E8
2.498448970814247E8
2.499218276986122E8
2.499920759798622E8
2.502619681986122E8
2.503348746751747E8
2.5039673571033096E8
2.5046735766345596E8
2.5056953476501846E8
2.5064570374939346E8
2.5072984696033096E8
2.5122724502283096E8
2.5124711425720596E8
2.5131736253845596E8
2.5139429315564346E8
2.5146719963220596E8
2.5154413024939346E8
2.5162279882751846E8
2.5185185354626846E8
2.5192476002283096E8
2.5199534389001846E8
2.5207256460876846E8
2.5214275877283096E8
2.5235527169470596E8
2.5242665758533096E8
2.5249727953845596E8
2.5257421015564346E8
2.5265113190564346E8
2.5272835262439346E8
2.5294208703064346E8
2.5299245804187393E8
2.529932013791542E8
2.5299670994678116E8
2.5306801450146866E8
2.5312452658740616E8
2.531687822397499E8
2.5316965032855606E8
2.531750056659584E8
2.532282126034584E8
2.532984579003334E8
2.5339231258197403E8
2.5339246132860184E8
2.5348578271922684E8
2.5355868919578934E8
2.5383237672703934E8
2.538391508793831E8
2.539097508246956E8
2.5395012312547684E8
2.5403416535203934E8
2.5411283393016434E8
2.5463932655516434E8
2.5470992345360184E8
2.5478300550047684E8
2.5483904765965652E8
2.5487743437450027E8
2.5493394646043777E8
2.5501261503856277E8
2.5504990798778152E8
2.5505069021940994E8
2.55055724821949E8
2.55126298290699E8
2.5514146379265213E8
2.5521868451140213E8
2.5525925749577713E8
2.5532532851530838E8
2.5536312410515213E8
2.5540870178874588E8
2.5546521387468338E8
2.5556390543718338E8
2.5562539834733963E8
2.5579417792546463E8
2.5595732667546463E8
2.5600815595280838E8
2.56011991526783E8
2.57192391401783E8
2.57269612120533E8
2.5729489053850174E8
2.5737610345256424E8
2.57421899464283E8
2.57492802370533E8
2.575697329877205E8
2.57646663604908E8
2.57723884323658E8
2.577949213783455E8
2.57871851995533E8
2.579424256127205E8
2.58013462667408E8
2.58092375870533E8
2.5809457948259354E8
2.581016455953865E8
2.58174552071949E8
2.582391565797615E8
2.584514020953865E8
2.5851438299870682E8
2.5862623342058182E8
2.5869913989714432E8
2.5870387866667557E8
2.5894918668230057E8
2.5933631058855057E8
2.5940642324480057E8
2.5947746029948807E8
2.5954806065105057E8
2.5961830594792557E8
2.5967921672526932E8
2.5975538570964432E8
2.5983231632683182E8
2.6057423701433182E8
2.6067901518620682E8
2.6075518417058182E8
2.6082542266276932E8
2.608278337845955E8
2.613883772845955E8
2.61505320589283E8
2.615763576439705E8
2.616890796595955E8
2.617621005033455E8
2.617628365193367E8
2.618429310662117E8
2.620283646599617E8
2.621013855037117E8
2.621742919802742E8
2.622504609646492E8
2.622542241311531E8
2.624100686780281E8
2.626756601155281E8
2.627640808030281E8
2.629218488342781E8
2.630264414983406E8
2.630971876467781E8
2.631744083655281E8
2.632562013264656E8
2.633264466624031E8
2.638208636624031E8
2.6383979704130936E8
2.6413794472880936E8
2.6421516544755936E8
2.642759698030281E8
2.644893878499031E8
2.645615544749031E8
2.646402230530281E8
2.647163920374031E8
2.647869972717781E8
2.650011443186531E8
2.650721813733406E8
2.6513327828349686E8
2.6528932154912186E8
2.6529586161113358E8
2.6536643529082108E8
2.6541848861113358E8
2.6546422422441483E8
2.6548790743925858E8
2.6556379407988358E8
2.6556405880244827E8
2.6564127952119827E8
2.6570276306416702E8
2.6535352699721146E8
2.6542491288783646E8
2.6543294741859818E8
2.6551458713734818E8
2.6557703250746536E8
2.6557825945106888E8
2.6579985741981888E8
2.6601339760731888E8
2.6608558791981888E8
2.6611869248622513E8
2.6620029186122513E8
2.6620151880482864E8
2.662428496759224E8
2.663092127227974E8
2.663794580587349E8
2.659550877931099E8
2.6599320520326614E8
2.6536158264613724E8
2.65406970798481E8
2.654071195451088E8
2.653378862477455E8
2.6456970477108765E8
2.640960619781189E8
2.641175930249939E8
2.6416209131015015E8
2.6419455024960327E8
2.642005210562439E8
2.644138894156189E8
2.645139298218689E8
2.646173823609314E8
2.6444304713000488E8
2.6445265699230957E8
2.6446782145422363E8
2.644739678717041E8
2.6451977402404785E8
2.6464433895373535E8
2.6473216742248535E8
2.647940712467041E8
2.648687700045166E8
2.649549257857666E8
2.650335943638916E8
2.6508455653674316E8
2.6478033618933105E8
2.6482014871765137E8
2.6452821488757324E8
2.6453351474987793E8
2.6457910724987793E8
2.6464967089050293E8
2.6471991624206543E8
2.647199394851055E8
2.647221853461895E8
2.6475064531225395E8
2.647527823828106E8
2.6476402445116997E8
2.6477154894140434E8
2.647751896953106E8
2.6404751382409477E8
2.6405274551989555E8
2.6406050739245415E8
2.6419297050182915E8
2.642550628026104E8
2.6397116742956352E8
2.6404141272643852E8
2.6323887358434868E8
2.6330961709216118E8
2.6337325615514946E8
2.6338762796179008E8
2.6461191421179008E8
2.6472854613366508E8
2.6478223695397758E8
2.6470433984606743E8
2.6472101390856743E8
2.6479108279919243E8
2.6488265792419243E8
2.645362381036358E8
2.6453802702721977E8
2.6462989228503227E8
2.6469225480065727E8
2.6470153620788383E8
2.6482085701257133E8
2.6489425523278618E8
2.6497582647497368E8
2.6503322326012993E8
2.6538877613024712E8
2.6547288469274712E8
2.6561253171618462E8
2.6567330234118462E8
2.6572580073962212E8
2.6572730905077934E8
2.657348030913067E8
2.661725069350567E8
2.6617278811376762E8
2.6617932817577934E8
2.6627098345702934E8
2.6634676109765434E8
2.663730087055645E8
2.663807705781231E8
2.6639917270116997E8
2.6639926286028862E8
2.66431626584898E8
2.6648366957513237E8
2.6632751044231987E8
2.6635596318841362E8
2.6639809395403862E8
2.6661093304778862E8
2.6668117113372612E8
2.6671648696575737E8
2.6775785465325737E8
2.6783055666888237E8
2.6787627886419487E8
2.6788461408587456E8
2.6798491858587456E8
2.6769103800774956E8
2.6776192982806206E8
2.6783251547649956E8
2.6790542195306206E8
2.6797632485931206E8
2.6816872298309135E8
2.6823976003777885E8
2.6831035379559135E8
2.685566155729351E8
2.6861833149090385E8
2.6864856965618706E8
2.6868112021673393E8
2.6880682856829643E8
2.6829013621380424E8
2.6836027936224174E8
2.681866658468609E8
2.682661627374859E8
2.6827482767596245E8
2.6858877401971245E8
2.686344930939312E8
2.687140052736187E8
2.686869755580425E8
2.68607597940855E8
2.686250293060894E8
2.686319326322613E8
2.687025349838238E8
2.687727803119488E8
2.6879940297405815E8
2.6887334507562065E8
2.6858116195013237E8
2.6817190699116325E8
2.6828133638178825E8
2.6834199558491325E8
2.683877846981945E8
2.684420081825695E8
2.684910255731945E8
2.6816418609467888E8
2.6768942918842888E8
2.6769722556196404E8
2.67578523470747E8
2.672491501841259E8
2.672528117790966E8
2.673246633494091E8
2.6733102746269035E8
2.6733543091630363E8
2.6737359955399895E8
2.6801409836649895E8
2.6804740474149895E8
2.6768606352982903E8
2.6778163370170403E8
2.671458628365307E8
2.669510015787182E8
2.6699137894981194E8
2.6706209387168694E8
2.6706483720054436E8
2.6712231738023186E8
2.6718414484898186E8
2.6726706989585686E8
2.6727030991319084E8
2.6730286407530022E8
2.6737351634873772E8
2.6744373231748772E8
2.6751576675498772E8
2.673982788545971E8
2.674824037374096E8
2.6748939966074944E8
2.6754027106699944E8
2.6761720168418694E8
2.676576053443432E8
