0.0
58008.04296875
271524.74609375
416251.57421875
457073.8671875
669961.2421875
795164.1163330078
802905.0650634766
851952.1158447266
897708.0533447266
2517090.280517578
2546269.292236328
2586649.065673828
2616362.446533203
2720128.173095703
4560446.401794434
4699960.573669434
4757916.226013184
4811733.913513184
4895895.843200684
4944899.022888184
4953763.912536621
5095921.725036621
5102461.78704834
5566869.995056152
5612581.170837402
5670613.479431152
5670630.420919418
5695039.922872543
5756189.364278793
5837637.145528793
5894275.168966293
5901182.001485825
5959141.931173325
6017204.665548325
6101283.829610825
6181090.690328598
6251340.057516098
6254760.80824852
6325346.45668602
6387075.02699852
6445366.92152977
6503354.66762352
6645396.38637352
6787080.12074852
6845128.18715477
6903115.85121727
7028019.83559227
7088649.07387352
7146606.31606102
7182447.906576157
7240404.972982407
7281010.414388657
7348971.789388657
7406950.769857407
7439463.373373032
7531328.631185532
7658854.146810532
7727838.263998032
7773569.447591782
7831625.424154282
7839930.673177719
7901251.950521469
7990621.489583969
8061195.153646469
8132037.544271469
8202670.122396469
8260643.661458969
8330884.177083969
8441339.05989647
8502019.48567772
8547669.35677147
8631768.65364647
8693488.36067772
8739222.76302147
9332615.59895897
9424963.83333397
9899563.233724594
9957096.089193344
1.0011404694662094E7
1.0051884081380844E7
1.008414435286522E7
1.013497170833397E7
1.019298095833397E7
1.0232704865560532E7
1.0292867502279282E7
1.1689216656087875E7
1.1721888726400375E7
1.1770891906087875E7
1.1776319389486313E7
1.1860468022298813E7
1.1918475655111313E7
1.2089130795736313E7
1.2147173307455063E7
1.2152465606283188E7
1.2233286200033188E7
1.2317385395345688E7
1.2388227785970688E7
1.2437283360189438E7
1.2452139361166E7
1.2484712408041E7
1.2542721720541E7
1.2650317236166E7
1.2791969361166E7
1.2797975565755844E7
1.2802294041830063E7
1.2842738901205063E7
1.2900271756673813E7
1.2995482561300278E7
1.3053472030050278E7
1.3111004885519028E7
1.3111229056173325E7
1.3195383681173325E7
1.3286922071798325E7
1.3357719735860825E7
1.3863276072774887E7
1.3924501451681137E7
1.3937015927267075E7
1.3995029415548325E7
1.4035305388204575E7
1.4035338434770584E7
1.4127253411333084E7
1.4130704275590897E7
1.4182857275590897E7
1.460705698750496E7
1.4610466497270584E7
1.4618288789751053E7
1.4676288227251053E7
1.4733821082719803E7
1.4815226754594803E7
1.5764167946001053E7
1.5822229918657303E7
1.5879762774126053E7
1.547596755165863E7
1.561959331728363E7
1.562580404775238E7
1.568376532509613E7
1.574181026650238E7
1.6174488029985428E7
1.6235980709672928E7
1.6236204880327225E7
1.6238877306352615E7
1.6322936079790115E7
1.6372010568071365E7
1.6372045389699936E7
1.6380326365285873E7
1.6461966084035873E7
1.6519940189504623E7
1.6604088822317123E7
1.660417456731224E7
1.661079014153099E7
1.665659629387474E7
1.679791568449974E7
1.685964371184349E7
1.691717656731224E7
1.698763143449974E7
1.698824707060814E7
1.704755577373314E7
1.710556355498314E7
1.724689939873314E7
1.730488706279564E7
1.737578996904564E7
1.743378940654564E7
1.751793643779564E7
1.758851003935814E7
1.760007363799095E7
1.767630241924095E7
1.7677614396902084E7
1.7708767295339584E7
1.7792863951589584E7
1.7794549192129135E7
1.7852594133535385E7
1.7936736086660385E7
1.7969553304948807E7
1.8027086160417557E7
1.8085986933855057E7
1.8146885605730057E7
1.8266701277605057E7
1.8328133863542557E7
1.8368505687761307E7
1.8401524707292557E7
1.8546326957292557E7
1.8593491099355698E7
1.8601796348379135E7
1.8659827207754135E7
1.8662499633779526E7
1.867017140038109E7
1.881162146288109E7
1.88210519443264E7
1.8864372398311615E7
1.8925880343624115E7
1.8932091074092865E7
1.8981140480342865E7
1.8984523973751068E7
1.9125762536251068E7
1.9139237657344818E7
1.9140695476436615E7
1.9201683433467865E7
1.9271921222530365E7
1.9275323164180756E7
1.9340991961055756E7
1.9402484640743256E7
1.9483471437618256E7
1.9554045093868256E7
1.9624766039180756E7
1.959666342732811E7
1.967835198201561E7
1.974014045857811E7
1.982420476326561E7
1.988215678670311E7
1.988344367329979E7
1.994479115767479E7
2.000645405220604E7
2.006713625533104E7
2.0070558301229477E7
2.0128513953573227E7
2.0190014547323227E7
2.01903496686306E7
2.0203537359060287E7
2.0243913593435287E7
2.0304958222341537E7
2.0345332464529037E7
2.0388159769216537E7
2.0449879476247787E7
2.0507837605154037E7
2.0565370460622787E7
2.056968934001732E7
2.061006689079857E7
2.065044426189232E7
2.071096406267357E7
2.079510715642357E7
2.0807618628103256E7
2.0865636659353256E7
2.0925809995290756E7
2.0974868003103256E7
2.1035953393728256E7
2.1106198721853256E7
2.1167295632009506E7
2.1238825272634506E7
2.1322939780447006E7
2.1336127470876694E7
2.1381840638845444E7
2.1439903373220444E7
2.1501656873220444E7
2.1559660420095444E7
2.1620631205251694E7
2.1621232406484604E7
2.1678765261953354E7
2.168419274535179E7
2.176823497191429E7
2.180861538597679E7
2.189270550316429E7
2.196409139378929E7
2.202567749144554E7
2.209574638207054E7
2.217991074925804E7
2.225042335863304E7
2.233193139769554E7
2.239856806175804E7
2.245659892113304E7
2.252276020238304E7
2.258409695238304E7
2.2587498894521713E7
2.2649105515615463E7
2.2689488210927963E7
2.2831177742177963E7
2.2889214703115463E7
2.2946966609365463E7
2.294892955406761E7
2.295227900304222E7
2.296318402550316E7
2.296322739052391E7
2.302508842568016E7
2.310677211318016E7
2.314714597255516E7
2.323118819911766E7
2.337284032411766E7
2.351453212099266E7
2.3522136693258286E7
2.3583084548727036E7
2.3641110775289536E7
2.3701858966695786E7
2.3785940599508286E7
2.3843943744039536E7
2.3901957232320786E7
2.4043391169820786E7
2.4105159064352036E7
2.410854585976219E7
2.4111560565084457E7
2.4113225486715317E7
2.4122330950582504E7
2.4188167770895004E7
2.419346006972313E7
2.4196907945943832E7
2.4697410021505356E7
2.4705779032247543E7
2.4766697110372543E7
2.4828107668966293E7
2.4886139141622543E7
2.4947885833028793E7
2.5005928446310043E7
2.5067013836935043E7
2.5124546692403793E7
2.5185464704122543E7
2.5246118270528793E7
2.525141056935692E7
2.5257362716329575E7
2.5306424938985825E7
2.5364478993673325E7
2.536977129250145E7
2.543034601125145E7
2.551175168312645E7
2.55729770620327E7
2.562747761281395E7
2.56677535854702E7
2.57167960073452E7
2.57774110229702E7
2.58479910854702E7
2.590733183156395E7
2.596908250343895E7
2.60266153589077E7
2.60943145542202E7
2.6542554278612137E7
2.655085839286995E7
2.65999032639637E7
2.66613233967762E7
2.67225288499012E7
2.673655538994026E7
2.682064981962776E7
2.688242916337776E7
2.694433298759651E7
2.701741503447151E7
2.707806860087776E7
2.713695203056526E7
2.717732958134651E7
2.723818632353401E7
2.729650280009651E7
2.735451245244026E7
2.738424146806526E7
2.739308368193245E7
2.74434057795887E7
2.7455685544237137E7
2.7516582391893387E7
2.7574115247362137E7
2.757747227592659E7
2.763811442436409E7
2.771975876030159E7
2.778066953764534E7
2.7787584149950027E7
2.7849372626512527E7
2.7933449837450027E7
2.7994530290575027E7
2.8055689505418777E7
2.8101843974168777E7
2.8164065044481277E7
2.8222076532762527E7
2.8283058653856277E7
2.8316163220262527E7
2.8356540771043777E7
2.8414511200731277E7
2.8475460474168777E7
2.848374263920784E7
2.854472476030159E7
2.868643730717659E7
2.874397016264534E7
2.881420886577034E7
2.882022443217659E7
2.887314646733284E7
2.893116847514534E7
2.918194172514534E7
2.923997936967659E7
2.930118647123909E7
2.934641741264534E7
2.940792760795784E7
2.954923118608284E7
2.961003554155159E7
2.967177750639534E7
2.971341160795784E7
2.9718719052293777E7
2.9788893419481277E7
2.9850564009325027E7
2.9911701958543777E7
2.991403708110237E7
3.002361975297737E7
3.008459053813362E7
3.0102526586961746E7
3.0163180153367996E7
3.0180059629930496E7
3.0264231997117996E7
3.0407873262742996E7
3.0469846270555496E7
3.0554000895555496E7
3.0594445754930496E7
3.0619964422899246E7
3.0650089907274246E7
3.0711264258836746E7
3.0795425946336746E7
3.0796798371873856E7
3.0857530086717606E7
3.0916880684373856E7
3.0971381235155106E7
3.1032023383592606E7
3.1102609242967606E7
3.1110907398241043E7
3.1172311577928543E7
3.1243831577928543E7
3.1305551984178543E7
3.1367534347459793E7
3.1428582534959793E7
3.1499268831834793E7
3.1640610284959793E7
3.164401979228401E7
3.170532987822151E7
3.177550581572151E7
3.184609423759651E7
3.191633978447151E7
3.197703315556526E7
3.201772778837776E7
3.208876484306526E7
3.215937007744026E7
3.219974187040901E7
3.2214842957323074E7
3.2275379285448074E7
3.2346125433885574E7
3.2369466907030106E7
3.2444344938280106E7
3.2509239313280106E7
3.2509950530870438E7
3.2571556362901688E7
3.2583864249620438E7
3.2654656429307938E7
3.2715636425401688E7
3.2723547264268875E7
3.2725896923692703E7
3.2787134560411453E7
3.2857352677598953E7
3.2927594451036453E7
3.2931550290880203E7
3.2934293619737625E7
3.3026208596300125E7
3.3087156451768875E7
3.3148717397081375E7
3.3221441529893875E7
3.3282600744737625E7
3.3352680838487625E7
3.3414225248643875E7
3.3416586189805984E7
3.3487191424180984E7
3.3548658498399734E7
3.3610653185899734E7
3.3682182826524734E7
3.3742875213243484E7
3.3748849810899734E7
3.3799179396837234E7
3.379943982518196E7
3.386041937986946E7
3.392125337596321E7
3.399187744627571E7
3.405307340721321E7
3.411390286424446E7
3.418414065330696E7
3.424346948924446E7
3.430505116502571E7
3.4306322940050125E7
3.4367961182237625E7
3.4438753361925125E7
3.4509414236925125E7
3.4580121643175125E7
3.4650201736925125E7
3.4690843756456375E7
3.4761880811143875E7
3.4833410451768875E7
3.4894511272081375E7
3.490636133751106E7
3.496829704063606E7
3.503854233751106E7
3.507104482579231E7
3.514110644297981E7
3.521134886485481E7
3.5218259639268875E7
3.5258546967393875E7
3.525929030467415E7
3.533883095311165E7
3.540942539061165E7
3.54703779726429E7
3.55406151913929E7
3.55732166210804E7
3.563395085154915E7
3.564140880223274E7
3.570241388817024E7
3.576388297801399E7
3.582510638817024E7
3.582744120677376E7
3.588905220286751E7
3.595988607005501E7
3.608449939818001E7
3.614553626536751E7
3.621577238255501E7
3.628693748411751E7
3.643166431224251E7
3.649306156224251E7
3.655479536302376E7
3.661633449974251E7
3.667738268724251E7
3.671781127318001E7
3.678805767161751E7
3.685828272630501E7
3.692003663646126E7
3.698123259739876E7
3.699408695775032E7
3.706468813743782E7
3.712661482493782E7
3.716698707884407E7
3.724276471946907E7
3.728826209837532E7
3.734915894603157E7
3.741035394603157E7
3.748059191478157E7
3.754185841087532E7
3.760309219603157E7
3.766113091087532E7
3.771866376634407E7
3.772001068736458E7
3.779059171861458E7
3.784851720689583E7
3.792025048057747E7
3.799050148838997E7
3.806140439463997E7
3.813194882432747E7
3.819757776182747E7
3.820419333604622E7
3.827493684385872E7
3.834517873448372E7
3.835303246446419E7
3.842928205821419E7
3.849951173790169E7
3.856097717930794E7
3.863158686680794E7
3.871569076524544E7
3.877366958946419E7
3.877902492686653E7
3.885006198155403E7
3.891146818467903E7
3.898221169249153E7
3.905245704405403E7
3.911406804014778E7
3.917345054014778E7
3.923148818467903E7
3.926455898936653E7
3.932622957921028E7
3.946838739171028E7
3.953910056358528E7
3.960934218858528E7
3.967033587608528E7
3.971657816514778E7
3.978738514171028E7
3.981851554796028E7
3.986423723936653E7
3.993441977061653E7
4.000466509874153E7
4.004524439171028E7
4.010277724717903E7
4.014320837608528E7
4.020124759483528E7
4.028669998155403E7
4.038108312217903E7
4.042687913389778E7
4.049758654014778E7
4.055864873155403E7
4.058366082921028E7
4.061623641905403E7
4.067770550889778E7
4.073943930967903E7
4.081010018467903E7
4.087169357921028E7
4.097541404796028E7
4.103725407530403E7
4.109814374327278E7
4.115610933702278E7
4.122749522764778E7
4.129840271983528E7
4.135593557530403E7
4.141747471202278E7
4.149615868077278E7
4.1498211010606766E7
4.1568791299669266E7
4.1609164830919266E7
4.1679410166856766E7
4.1749655463731766E7
4.1811074764513016E7
4.1843650014513016E7
4.187624422740364E7
4.188454238267708E7
4.201632546080208E7
4.201634060656452E7
4.205678203234577E7
4.206724444640827E7
4.212829067687702E7
4.218990987218952E7
4.2189977068478584E7
4.2281944357541084E7
4.2343409798947334E7
4.23504759117403E7
4.235348543029499E7
4.241409012170124E7
4.248433545763874E7
4.249123989465046E7
4.255056985949421E7
4.255756578283405E7
4.259063658752155E7
4.266590403283405E7
4.2677864686154366E7
4.2744823334591866E7
4.2802356190060616E7
4.2885281236935616E7
4.2926103529904366E7
4.2987900803341866E7
4.3069555139279366E7
4.3130209529904366E7
4.3188240389279366E7
4.3220841818966866E7
4.3242697365841866E7
4.3307879174435616E7
4.3378133783810616E7
4.3449170838498116E7
4.345783577697468E7
4.350044110509968E7
4.361070584728718E7
4.361593754308796E7
4.3621889690060616E7
4.3683132568966866E7
4.3754038404904366E7
4.3815018400998116E7
4.382282786291218E7
4.388371753088093E7
4.394173278869343E7
4.395319775402546E7
4.402727213683796E7
4.416933580871296E7
4.423097610168171E7
4.429226113683796E7
4.431686412902546E7
4.438742432433796E7
4.444495717980671E7
4.448533759386921E7
4.453125946886921E7
4.459224889465046E7
4.459232982999134E7
4.466229490811634E7
4.4662310375380516E7
4.4733213281630516E7
4.4739187879286766E7
4.4827016348036766E7
4.4888501480849266E7
4.4900991512099266E7
4.4971227832411766E7
4.5041807894911766E7
4.505607675233364E7
4.512630740858364E7
4.5139106055068016E7
4.5209327711318016E7
4.5280230617568016E7
4.5351616508193016E7
4.5422401469130516E7
4.5431361121474266E7
4.544415976795864E7
4.551474859608364E7
4.552663146327114E7
4.558771685389614E7
4.563804643983364E7
4.564351318202114E7
4.571422058827114E7
4.575262702577114E7
4.57629471439352E7
4.58209945033102E7
4.5822788425917625E7
4.5893557121230125E7
4.590132669203091E7
4.592811504164028E7
4.593613080287075E7
4.600636731068325E7
4.601328192298794E7
4.608351693080044E7
4.608377741023159E7
4.615439357429409E7
4.621582860554409E7
4.6248494822340965E7
4.6318730939528465E7
4.6390116830153465E7
4.639571302253628E7
4.646584513972378E7
4.653723103034878E7
4.660742519441128E7
4.665481555378628E7
4.670055099128628E7
4.677570774128628E7
4.677578185608578E7
4.683374178577328E7
4.685894002796078E7
4.690451169592953E7
4.694912155139828E7
4.699490507874203E7
4.705201535608578E7
4.713359963733578E7
4.720384493421078E7
4.726486015686703E7
4.733510550842953E7
4.733683360462093E7
4.735967926868343E7
4.743651999524593E7
4.745322164173031E7
4.748588761438656E7
4.755857776282406E7
4.7589408756049156E7
4.7660015904486656E7
4.767186596991634E7
4.768374883710384E7
4.774128169257259E7
4.7745599924017906E7
4.7806997533392906E7
4.7877229580267906E7
4.7909653478705406E7
4.791289349603939E7
4.799458205072689E7
4.806516795697689E7
4.812619731635189E7
4.819903596478939E7
4.826064969916439E7
4.8271982251898766E7
4.827574258490658E7
4.834677963959408E7
4.838686400287533E7
4.8399143767523766E7
4.8469912462836266E7
4.847019801019955E7
4.852815525238705E7
4.853050428607845E7
4.85880371415472E7
4.86611191884222E7
4.87217524931097E7
4.87928519227972E7
4.885384134857845E7
4.886647631244564E7
4.889199498041439E7
4.8913702330023766E7
4.8984334908148766E7
4.9041867763617516E7
4.9064713427680016E7
4.9072787939398766E7
4.907471369611263E7
4.914555608673763E7
4.915681100372982E7
4.917028612482357E7
4.921600832013607E7
4.9248642841620445E7
4.9338501466620445E7
4.9409404372870445E7
4.944196196076107E7
5.041057607605648E7
5.049008514636898E7
5.0490100613633156E7
5.0535961793320656E7
5.0597669656601906E7
5.0667911430039406E7
5.0747494000351906E7
5.0805472824570656E7
5.0875647191758156E7
5.088127745250034E7
5.095151506968784E7
5.099188720640659E7
5.106029587828159E7
5.113090111265659E7
5.1133038183213234E7
5.115847446251011E7
5.116222309971714E7
5.123283452940464E7
5.123802571934605E7
5.130883350840855E7
5.137967589903355E7
5.144066213340855E7
5.145253711485386E7
5.146491796739292E7
5.153643796739292E7
5.1969247667710304E7
5.2027310128647804E7
5.2088251140366554E7
5.2158844187241554E7
5.2229086077866554E7
5.2300068359116554E7
5.2370148452866554E7
5.2431763960679054E7
5.245536627903843E7
5.250109242356968E7
5.257212947825718E7
5.264271790013218E7
5.270383534544468E7
5.271074217796421E7
5.279164224827671E7
5.280231543968296E7
5.2803943347641945E7
5.2805230234238625E7
