0.0
58008.04296875
271524.74609375
416251.57421875
457073.8671875
669961.2421875
1297829.4288330078
1305570.3775634766
1354617.4283447266
1400373.3658447266
2624331.496520996
2677024.5434570312
2717404.3168945312
2747117.6977539062
2909389.38470459
4560430.118377686
4699944.290252686
4757899.942596436
4811717.630096436
4895879.559783936
4944882.739471436
4994056.066619873
5136213.879119873
5142753.941131592
5150997.274139404
5196708.449920654
5254740.758514404
5258460.051239014
5735238.258047104
5796387.699453354
5877835.480703354
5934473.504140854
5941380.336660385
5999340.266347885
6057403.000722885
6141482.164785385
6134460.673574448
6204710.040761948
6208130.7914943695
6278716.4399318695
6340445.0102443695
6398736.9047756195
6456724.6508693695
6598766.3696193695
6740450.1039943695
6798498.1704006195
6856485.8344631195
6981389.8188381195
7042019.0571193695
7099976.2993068695
7194583.608572006
7252540.674978256
7293146.116384506
7361107.491384506
7419086.471853256
7451599.075368881
7543464.333181381
7670989.848806381
7739973.965993881
7785705.149587631
7843761.126150131
7852066.375173569
7913387.652517319
8002760.933767319
8073334.597829819
8144176.988454819
8214809.566579819
8272783.105642319
8343023.621267319
8453478.504079819
8514158.929861069
8559808.800954819
8643908.097829819
8705627.804861069
8751362.207204819
8964896.675954819
9057244.910329819
9104970.700368881
9162503.555837631
9216812.161306381
9257291.548025131
9289551.819509506
9340379.174978256
9398388.424978256
9437775.776540756
9451053.187526703
9920944.142604828
9953616.212917328
1.0002619392604828E7
1.0008046876003265E7
1.0092195508815765E7
1.0150203141628265E7
1.0320858282253265E7
1.0378900793972015E7
1.038419309280014E7
1.046501368655014E7
1.054911288186264E7
1.061995527248764E7
1.066901084670639E7
1.0682428757839203E7
1.0715001804714203E7
1.0773011117214203E7
1.0880606632839203E7
1.1022258757839203E7
1.1022808835292816E7
1.1027127311367035E7
1.1067572170742035E7
1.1125105026210785E7
1.1125454215053558E7
1.1183443683803558E7
1.1240976539272308E7
1.1241200783153534E7
1.1325355408153534E7
1.1416893798778534E7
1.1487691462841034E7
1.1599495797801971E7
1.1660721176708221E7
1.2107247911083221E7
1.2165261399364471E7
1.2205537372020721E7
1.2205570398498535E7
1.2297485375061035E7
1.2300936239318848E7
1.2353089239318848E7
1.2368135886779785E7
1.237154539654541E7
1.2379367689025879E7
1.2437367126525879E7
1.2494899981994629E7
1.2576305653869629E7
1.2641634317932129E7
1.2699696290588379E7
1.2757229146057129E7
1.3073092415588379E7
1.3216718181213379E7
1.3222928911682129E7
1.3280890189025879E7
1.3338935130432129E7
1.3800425677307129E7
1.3861918356994629E7
1.3862142600875854E7
1.3864815026901245E7
1.3948873800338745E7
1.3997948288619995E7
1.3997983119464874E7
1.4006264095050812E7
1.4087903813800812E7
1.4145877919269562E7
1.4230026552082062E7
1.4230112297077179E7
1.4244372126178741E7
1.4290178278522491E7
1.4431497669147491E7
1.4493225696491241E7
1.4550758551959991E7
1.4621213419147491E7
1.4645919508991241E7
1.4705228212116241E7
1.4763235993366241E7
1.4904571837116241E7
1.4962559501178741E7
1.5033462407428741E7
1.5091461844928741E7
1.5175608876178741E7
1.5246182477741241E7
1.5257746076374054E7
1.5838965780597687E7
1.584027775825882E7
1.587143065669632E7
1.595552731294632E7
1.595721255348587E7
1.601525749489212E7
1.609939944801712E7
1.6125327946918488E7
1.6182860802387238E7
1.6241761575824738E7
1.6302660247699738E7
1.685032417848587E7
1.691175676442337E7
1.695212858864212E7
1.698514760817337E7
1.712994985817337E7
1.713019028822708E7
1.713849553725052E7
1.719652639662552E7
1.719919882265091E7
1.7206870589252472E7
1.7348320651752472E7
1.7348745526447296E7
1.7363528147541046E7
1.7425036092853546E7
1.7431246823322296E7
1.7480296229572296E7
1.74836797229805E7
1.76249182854805E7
1.764465720344925E7
1.7646115022541046E7
1.7707102979572296E7
1.7777340768634796E7
1.7780742710285187E7
1.7846411507160187E7
1.7907904186847687E7
1.7988890983722687E7
1.8059464639972687E7
1.8130185585285187E7
1.8130591018238068E7
1.8212279572925568E7
1.8274068049488068E7
1.8358132354175568E7
1.8416084377613068E7
1.8417371264209747E7
1.8478718748584747E7
1.8540381643115997E7
1.8601063846240997E7
1.8604485892139435E7
1.8662441544483185E7
1.8723942138233185E7
1.8748360997608185E7
1.8761548688037872E7
1.8801924922412872E7
1.8862969551319122E7
1.8903343793506622E7
1.8904445973438263E7
1.8966165680469513E7
1.9024123809375763E7
1.9081656664844513E7
1.9085975544239044E7
1.9126353095020294E7
1.9166730466114044E7
1.9227250266895294E7
1.9311393360645294E7
1.932390483232498E7
1.938192286357498E7
1.944209619951248E7
1.949115420732498E7
1.955223959794998E7
1.962248492607498E7
1.968358183623123E7
1.975511147685623E7
1.983922598466873E7
1.985241367509842E7
1.989812684306717E7
1.995618957744217E7
2.001794307744217E7
2.007594662431717E7
2.013691740947342E7
2.013751861070633E7
2.019505146617508E7
2.0200478949573517E7
2.0284521176136017E7
2.0324901590198517E7
2.0408991707386017E7
2.0480377598011017E7
2.0541963695667267E7
2.0612032586292267E7
2.0696196953479767E7
2.0766709562854767E7
2.0848217601917267E7
2.0914854265979767E7
2.0972885125354767E7
2.1039046406604767E7
2.1100383156604767E7
2.110378509874344E7
2.116539171983719E7
2.120577441514969E7
2.134746394639969E7
2.140550090733719E7
2.144638120421219E7
2.1448344148914337E7
2.1451693597888947E7
2.1462598620349884E7
2.1462641985370636E7
2.1524503020526886E7
2.1606186708026886E7
2.1646560567401886E7
2.1730602793964386E7
2.1872254918964386E7
2.2013946715839386E7
2.202155128810501E7
2.208249914357376E7
2.214052537013626E7
2.220127356154251E7
2.228535519435501E7
2.234335833888626E7
2.240137182716751E7
2.254280576466751E7
2.260457365919876E7
2.2607960454608917E7
2.2610975159931183E7
2.261857813942337E7
2.2627684558368683E7
2.2693521378681183E7
2.2698813677509308E7
2.270226155373001E7
2.270588438112259E7
2.270653878572464E7
2.276745686384964E7
2.282886742244339E7
2.288689889509964E7
2.294864558650589E7
2.300668819978714E7
2.306777359041214E7
2.312530644588089E7
2.318622445759964E7
2.324687802400589E7
2.3252170322834015E7
2.325812246980667E7
2.330718469246292E7
2.336523874715042E7
2.3370531045978546E7
2.3431105764728546E7
2.3512511436603546E7
2.3573736815509796E7
2.3628237366291046E7
2.3668513338947296E7
2.3717555760822296E7
2.3778170776447296E7
2.3848750838947296E7
2.3908091585041046E7
2.3969842256916046E7
2.4027375112384796E7
2.4085734436603546E7
2.4610733452228546E7
2.461903756648636E7
2.466808243758011E7
2.472950257039261E7
2.479070802351761E7
2.4792237545978546E7
2.4876331975666046E7
2.4938111319416046E7
2.5000015143634796E7
2.5073097190509796E7
2.5133750756916046E7
2.5192634186603546E7
2.5233011737384796E7
2.5293868479572296E7
2.5352184956134796E7
2.5410194608478546E7
2.5439923624103546E7
2.544876667976761E7
2.549908877742386E7
2.5511368542072296E7
2.5572265389728546E7
2.5629798245197296E7
2.563315527376175E7
2.569379742219925E7
2.577544175813675E7
2.58363525354805E7
2.5843267147785187E7
2.5905055624347687E7
2.5989132835285187E7
2.6050213288410187E7
2.6111372503253937E7
2.6157526972003937E7
2.6219748042316437E7
2.6277759530597687E7
2.6338741651691437E7
2.6371846218097687E7
2.6412223768878937E7
2.6470194198566437E7
2.6531143472003937E7
2.6539425637043E7
2.660040775813675E7
2.674212030501175E7
2.67996531604805E7
2.68698918636055E7
2.687590743001175E7
2.6928829465168E7
2.69868514729805E7
2.72376247229805E7
2.729566236751175E7
2.735686946907425E7
2.74021004104805E7
2.7463610605793E7
2.7604914183918E7
2.766571853938675E7
2.77274605042305E7
2.7769094605793E7
2.7774402050128937E7
2.7844576417316437E7
2.7906247007160187E7
2.7967384956378937E7
2.796972007893753E7
2.807930275081253E7
2.814027353596878E7
2.8158209584796906E7
2.8218863151203156E7
2.8235742627765656E7
2.8319914994953156E7
2.8463556260578156E7
2.8525529268390656E7
2.8609683893390656E7
2.8650128752765656E7
2.8675647420734406E7
2.8705772905109406E7
2.8766947256671906E7
2.8851108944171906E7
2.8852481369709015E7
2.8913213084552765E7
2.8972563682209015E7
2.9027064232990265E7
2.9087706381427765E7
2.9158292240802765E7
2.9166590396076202E7
2.9227994575763702E7
2.9299514575763702E7
2.9361234982013702E7
2.9423217345294952E7
2.9484265532794952E7
2.9554951829669952E7
2.9696293282794952E7
2.969970279011917E7
2.976101287605667E7
2.983118881355667E7
2.990177723543167E7
2.997202278230667E7
3.003271615340042E7
3.007341078621292E7
3.014444784090042E7
3.021505307527542E7
3.025542486824417E7
3.0270525955158234E7
3.0331062283283234E7
3.0401808431720734E7
3.0425149904865265E7
3.0500027936115265E7
3.0564922311115265E7
3.0565633528705597E7
3.0627239360736847E7
3.0639548546283722E7
3.0710340725971222E7
3.0771320722064972E7
3.077923156093216E7
3.0781581220355988E7
3.0842818857074738E7
3.0913036974262238E7
3.0983278747699738E7
3.0987234587543488E7
3.098997791640091E7
3.108189289296341E7
3.114284074843216E7
3.120440169374466E7
3.127712582655716E7
3.133828504140091E7
3.140836513515091E7
3.146990954530716E7
3.147227048646927E7
3.154287572084427E7
3.160434279506302E7
3.166633748256302E7
3.173786712318802E7
3.179855950990677E7
3.180453410756302E7
3.185486369350052E7
3.1855124121845245E7
3.1916103676532745E7
3.1976937672626495E7
3.2047561742938995E7
3.2108757703876495E7
3.2169587160907745E7
3.2239824949970245E7
3.2299153785907745E7
3.2360735461688995E7
3.236200723671341E7
3.242364547890091E7
3.249443765858841E7
3.256509853358841E7
3.263580593983841E7
3.270588603358841E7
3.274652805311966E7
3.281756510780716E7
3.288909474843216E7
3.295019556874466E7
3.2962045634174347E7
3.3023981337299347E7
3.3094226634174347E7
3.3126729122455597E7
3.3196790739643097E7
3.3267033161518097E7
3.327394393593216E7
3.331423126405716E7
3.3314974601337433E7
3.3394515249774933E7
3.3465109687274933E7
3.3526062269306183E7
3.359629948805618E7
3.362890091774368E7
3.368963514821243E7
3.369709309889603E7
3.375809818483353E7
3.381956727467728E7
3.388079068483353E7
3.388312550343704E7
3.394473649953079E7
3.401557036671829E7
3.414018369484329E7
3.420122056203079E7
3.427145667921829E7
3.434262178078079E7
3.448734860890579E7
3.454874585890579E7
3.461047965968704E7
3.467201879640579E7
3.473306698390579E7
3.477349556984329E7
3.484374196828079E7
3.491396702296829E7
3.497572093312454E7
3.503691689406204E7
3.5049771254413605E7
3.5120372434101105E7
3.5182299121601105E7
3.5222671375507355E7
3.5298449016132355E7
3.5343946395038605E7
3.5404843242694855E7
3.5466038242694855E7
3.5536276211444855E7
3.5597542707538605E7
3.5658776492694855E7
3.5716815207538605E7
3.5774348063007355E7
3.577569498402786E7
3.584627601527786E7
3.590420150355911E7
3.597593477724075E7
3.604618578505325E7
3.611708869130325E7
3.618763312099075E7
3.625326205849075E7
3.6267521887592316E7
3.6338265395404816E7
3.6408507286029816E7
3.6416361016010284E7
3.6492610609760284E7
3.6562840289447784E7
3.6624305730854034E7
3.6694915418354034E7
3.6779019316791534E7
3.6836998141010284E7
3.684235347841263E7
3.691339053310013E7
3.697479673622513E7
3.704554024403763E7
3.711578559560013E7
3.717739659169388E7
3.723677909169388E7
3.729481673622513E7
3.732788754091263E7
3.738955813075638E7
3.753171594325638E7
3.760242911513138E7
3.767267074013138E7
3.773366442763138E7
3.777990671669388E7
3.785071369325638E7
3.788184409950638E7
3.792756579091263E7
3.799774832216263E7
3.806799365028763E7
3.810857294325638E7
3.816610579872513E7
3.820653692763138E7
3.826457614638138E7
3.835002853310013E7
3.844441167372513E7
3.849020768544388E7
3.856091509169388E7
3.862197728310013E7
3.864698938075638E7
3.867956497060013E7
3.874103406044388E7
3.880276786122513E7
3.887342873622513E7
3.893502213075638E7
3.901381459169388E7
3.907565461903763E7
3.913654428700638E7
3.919450988075638E7
3.926589577138138E7
3.933680326356888E7
3.939433611903763E7
3.945587525575638E7
3.953455922450638E7
3.954357815517044E7
3.961415844423294E7
3.965453197548294E7
3.972477731142044E7
3.979502260829544E7
3.985644190907669E7
3.988901715907669E7
3.9921611371967316E7
3.992990952724075E7
4.006169260536575E7
4.00617077511282E7
4.010214917690945E7
4.011261159097195E7
4.01736578214407E7
4.02352770167532E7
4.023534421304226E7
4.032731150210476E7
4.038877694351101E7
4.039584305630398E7
4.039885266665554E7
4.045945735806179E7
4.052970269399929E7
4.053660713101101E7
4.059593709585476E7
4.06029330191946E7
4.06360038238821E7
4.07112712691946E7
4.076817089810085E7
4.083512954653835E7
4.08926624020071E7
4.09755874488821E7
4.101640974185085E7
4.107820701528835E7
4.115986135122585E7
4.122051574185085E7
4.127854660122585E7
4.131114803091335E7
4.132312868228054E7
4.138831049087429E7
4.145856510024929E7
4.152960215493679E7
4.153826709341335E7
4.160370488442898E7
4.171396962661648E7
4.171920132241726E7
4.1725153469389915E7
4.1786396348296165E7
4.1857302184233665E7
4.1918282180327415E7
4.192609164224148E7
4.198698131021023E7
4.204499656802273E7
4.205646153335476E7
4.213121573647976E7
4.227327940835476E7
4.233491970132351E7
4.239620473647976E7
4.242080772866726E7
4.249136792397976E7
4.254890077944851E7
4.258928119351101E7
4.263520306851101E7
4.269619249429226E7
4.269627344711971E7
4.276623852524471E7
4.276625367623329E7
4.283715658248329E7
4.284313118013954E7
4.293095964888954E7
4.299244478170204E7
4.300493611178017E7
4.307517243209267E7
4.314575249459267E7
4.316002135201454E7
4.323025200826454E7
4.324305065474892E7
4.331327231099892E7
4.338417521724892E7
4.345556110787392E7
4.352634606881142E7
4.353530572115517E7
4.354810436763954E7
4.361869319576454E7
4.363057606295204E7
4.369166145357704E7
4.374199103951454E7
4.374745778170204E7
4.381816518795204E7
4.389622896957588E7
4.3906549087739944E7
4.3964596447114944E7
4.396639036972237E7
4.403715906503487E7
4.404492863583565E7
4.407171698544502E7
4.412478472372627E7
4.419502123153877E7
4.420193584384346E7
4.427217085165596E7
4.427243141656685E7
4.434304758062935E7
4.440448261187935E7
4.4437148828676224E7
4.4507384945863724E7
4.4578770836488724E7
4.4584367028871536E7
4.4654499146059036E7
4.4725885036684036E7
4.4796079200746536E7
4.4843469560121536E7
4.4889204997621536E7
4.4924176524965286E7
4.492425066225624E7
4.498221059194374E7
4.501336349038124E7
4.505893515834999E7
4.510354501381874E7
4.514932854116249E7
4.520643881850624E7
4.528802309975624E7
4.535826839663124E7
4.541928361928749E7
4.548952897084999E7
4.549128951146889E7
4.551413517553139E7
4.559097590209389E7
4.560767754857826E7
4.564034352123451E7
4.571303366967201E7
4.574953498607826E7
4.582014213451576E7
4.583199219994545E7
4.584387506713295E7
4.59014079226017E7
4.590572615404701E7
4.596712376342201E7
4.603735581029701E7
4.606977970873451E7
4.60730197260685E7
4.6154708280756E7
4.6225294187006E7
4.6286323546381E7
4.63591621948185E7
4.64207759291935E7
4.643210966454506E7
4.643586999755287E7
4.650690705224037E7
4.654699141552162E7
4.655927118017006E7
4.663003987548256E7
4.6630743155511856E7
4.6688700397699356E7
4.669104943139076E7
4.674858228685951E7
4.682166433373451E7
4.688229763842201E7
4.695339706810951E7
4.701438649389076E7
4.702702145775795E7
4.70525401257267E7
4.7074247475336075E7
4.7144880053461075E7
4.7202412908929825E7
4.7225258572992325E7
4.723719045287514E7
4.7239116209589005E7
4.7309958600214005E7
4.731262677161503E7
4.733236568958378E7
4.737808788489628E7
4.741072240638065E7
4.750058103138065E7
4.757148393763065E7
4.760404152552128E7
4.8072280811470985E7
4.8151789881783485E7
4.815180534904766E7
4.819766652873516E7
4.825937439201641E7
4.832961616545391E7
4.840919873576641E7
4.846717755998516E7
4.853735192717266E7
4.854298218791485E7
4.861321980510235E7
4.86535919418211E7
4.87220006136961E7
4.87926058480711E7
4.879474291862774E7
4.8820179197924614E7
4.882398606828594E7
4.889459749797344E7
4.889978868791485E7
4.897059647697735E7
4.904143886760235E7
4.910242510197735E7
4.907999933067608E7
4.908988425303364E7
4.916140425303364E7
4.9162114361187935E7
4.9220176822125435E7
4.9281117833844185E7
4.9351710880719185E7
4.9421952771344185E7
4.9492935052594185E7
4.9563015146344185E7
4.9624630654156685E7
4.964823297251606E7
4.969395911704731E7
4.976499617173481E7
4.983558459360981E7
4.989670203892231E7
4.990360887144184E7
4.998450894175434E7
4.99951832474184E7
5.0002749213238716E7
5.0004036099835396E7
