421141.3125	0.0	0.0	421141.3125	12	345.670054	313
213516.703125	0.0	0.0	213516.703125	274	320.740309	313
446905.0	0.0	0.0	446905.0	12	172.720076	313
40822.29296875	0.0	0.0	40822.29296875	289	123.667905	313
212887.375	0.0	0.0	212887.375	20	86.760058	313
213277.390625	0.0	0.0	213277.390625	116	84.428637	313
7740.94873046875	0.0	0.0	7740.94873046875	8	74.295892	313
454148.9375	0.0	0.0	454148.9375	12	77.971815	313
45755.9375	0.0	0.0	45755.9375	11	54.927385	313
212949.75	0.0	0.0	212949.75	20	43.919728	313
213662.390625	0.0	0.0	213662.390625	101	47.552072	313
40379.7734375	0.0	0.0	40379.7734375	161	49.266144	313
46208.46484375	0.0	0.0	46208.46484375	6	48.444306	313
213750.046875	0.0	0.0	213750.046875	42	48.66974	313
212639.96875	0.0	496473.3125	212639.96875	18	47.937855	313
73107.9921875	0.0	0.0	73107.9921875	6	58.015845	313
436174.125	392736.15625	0.0	605225.0	9	67.336247	313
4925.0986328125	0.0	54392.50927734375	53817.6875	91	17.116411	313
639229.0625	0.0	0.0	639229.0625	5	50.573488	313
233984.71875	0.0	0.0	233984.71875	16	61.854067	313
213903.484375	0.0	0.0	213903.484375	97	15.267695	313
635197.5625	0.0	0.0	635197.5625	12	61.658523	313
68787.8984375	0.0	0.0	68787.8984375	25	17.549398	313
212949.75	0.0	0.0	212949.75	20	50.560077	313
8008.12060546875	0.0	47389.77734375	45711.17578125	11	14.498373	313
138394.078125	0.0	0.0	138394.078125	7	51.789484	313
213755.40625	0.0	0.0	213755.40625	27	14.545025	313
213279.21875	0.0	0.0	213279.21875	88	50.600307	313
59350.59765625	0.0	0.0	59350.59765625	11	16.18088	313
619724.75	0.0	0.0	619724.75	5	50.037702	313
48881.15625	0.0	7962.23291015625	56638.0234375	91	14.507034	313
570.2785034179688	0.0	0.0	6906.83251953125	4	58.176468	313
229360.78125	0.0	0.0	229360.78125	17	17.168369	313
123088.9921875	0.0	0.0	123088.9921875	6	53.052411	313
229360.78125	0.0	0.0	229360.78125	17	17.26223	313
212358.28125	0.0	0.0	212358.28125	14	14.494462	313
78668.578125	0.0	0.0	78668.578125	13	45.531837	313
304733.5625	0.0	0.0	304733.5625	17	17.150491	313
70585.6484375	0.0	0.0	70585.6484375	37	14.455634	313
67402.1875	0.0	0.0	67402.1875	5	51.910998	313
291666.53125	0.0	0.0	291666.53125	16	17.646052	313
492288.15625	0.0	0.0	492288.15625	5	15.39312	313
246070.34375	0.0	0.0	246070.34375	11	43.940123	313
593214.625	0.0	0.0	593214.625	9	16.18479	313
589609.0	0.0	0.0	589609.0	12	16.265522	313
454148.9375	0.0	0.0	454148.9375	12	43.941798	313
124903.984375	0.0	0.0	124903.984375	301	13.592174	313
60629.23828125	0.0	0.0	60629.23828125	21	13.570105	313
153503.765625	0.0	0.0	153503.765625	6	44.642957	313
212372.28125	0.0	0.0	212372.28125	19	13.057225	313
263131.125	0.0	0.0	263131.125	16	16.294294	313
40605.44140625	0.0	0.0	40605.44140625	217	13.620388	313
227110.671875	0.0	0.0	227110.671875	6	52.413824	313
567827.0	0.0	0.0	567827.0	9	16.229765	313
30.838071823120117	0.0	33787.0390625	32512.603515625	9	13.593849	313
94700.7421875	0.0	0.0	91865.2578125	11	43.454336	313
231817.359375	0.0	47389.77734375	258425.0625	91	14.409821	313
19149.962890625	0.0	0.0	68984.1171875	241	13.598876	313
464.57110595703125	0.0	47389.77734375	45731.18359375	11	13.571501	313
561425.0	0.0	0.0	561425.0	12	54.201641	313
342617.8125	0.0	0.0	342617.8125	11	16.26161	313
61321.27734375	0.0	0.0	61321.27734375	18	13.581278	313
98650.4140625	0.0	53931.125	221597.96875	213	14.562902	313
147873.984375	0.0	0.0	147873.984375	10	17.078701	313
151497.21875	0.0	0.0	151497.21875	11	44.627595	313
185747.28125	0.0	0.0	185747.28125	12	16.238983	313
249126.65625	36564.515625	0.0	249126.65625	12	16.221944	313
173697.40625	0.0	0.0	173697.40625	10	16.12082	313
101086.8125	0.0	0.0	101086.8125	6	46.238867	313
60680.42578125	0.0	0.0	60680.42578125	23	13.591335	313
11973.6337890625	0.0	0.0	45649.87109375	11	13.520103	313
280309.78125	0.0	0.0	280309.78125	16	16.964167	313
61719.70703125	0.0	0.0	61719.70703125	19	13.474848	313
2538.0	0.0	0.0	45734.40234375	13	49.667287	313
12618.0185546875	0.0	456164.875	213534.46875	19	13.477082	313
46898.34375	0.0	0.0	92348.234375	26	13.502782	313
212602.859375	0.0	0.0	212602.859375	17	13.465908	313
313680.6875	100858.515625	0.0	313680.6875	16	17.075627	313
295088.78125	252557.53125	0.0	465323.8125	5	45.897222	313
61168.5078125	0.0	0.0	61168.5078125	5	13.464232	313
326868.0625	114221.359375	0.0	326868.0625	14	16.245129	313
326025.125	113803.0	0.0	326025.125	14	16.219708	313
233984.71875	21827.234375	0.0	233984.71875	16	16.038132	313
105813.09375	0.0	53931.125	239887.65625	2322	42.950393	313
213553.5625	0.0	0.0	213553.5625	66	14.334675	313
212842.34375	0.0	0.0	212842.34375	19	13.571221	313
53.79440689086914	0.0	33787.0390625	32672.0703125	14	13.591894	313
301635.65625	0.0	0.0	301635.65625	16	16.130597	313
369787.21875	0.0	0.0	369787.21875	9	18.03211	313
660808.375	0.0	0.0	660808.375	5	49.990772	313
30.288959503173828	15.15625	0.0	45388.15234375	6	16.211328	313
678306.9375	0.0	0.0	678306.9375	5	16.943217	313
660837.1875	0.0	0.0	660837.1875	5	16.069978	313
624959.8125	0.0	0.0	624959.8125	12	16.04791	313
69396.9609375	59979.625	0.0	105522.125	7	49.284862	313
466086.71875	0.0	0.0	466086.71875	12	16.032545	313
179051.4375	0.0	0.0	179051.4375	11	16.030312	313
469147.8125	0.0	0.0	469147.8125	9	15.972766	313
213103.734375	0.0	0.0	213103.734375	63	13.270366	313
381.13623046875	0.0	33787.0390625	32573.046875	7	13.209468	313
384270.75	0.0	0.0	384270.75	5	17.888247	313
58390.53125	0.0	0.0	107595.515625	883	53.258288	313
452284.78125	0.0	0.0	452284.78125	9	16.586211	313
213017.921875	0.0	0.0	213017.921875	85	13.40501	313
4318.47607421875	0.0	0.0	4318.47607421875	29	13.351655	313
84125.859375	0.0	0.0	84125.859375	8	13.805593	313
413263.84375	0.0	0.0	413263.84375	9	15.861586	313
213667.5625	0.0	0.0	213667.5625	114	45.776824	313
377033.53125	0.0	0.0	377033.53125	12	16.075285	313
132797.8125	0.0	0.0	132797.8125	6	15.977795	313
212328.109375	0.0	0.0	212328.109375	18	13.451383	313
617874.1875	0.0	0.0	617874.1875	9	15.849016	313
94531.765625	0.0	0.0	91538.390625	11	13.726261	313
70797.6640625	0.0	0.0	70797.6640625	44	13.668715	313
212695.75	0.0	0.0	212695.75	36	52.111852	313
633559.75	0.0	0.0	633559.75	9	16.037016	313
212904.5625	0.0	0.0	212904.5625	20	13.361433	313
416292.5625	0.0	0.0	416292.5625	9	16.052101	313
57932.44921875	0.0	0.0	57932.44921875	5	15.805716	313
212897.703125	0.0	0.0	212897.703125	20	13.26897	313
68425.34375	0.0	47389.77734375	91914.9765625	11	13.184326	313
630438.25	0.0	0.0	630438.25	12	44.422273	313
28250.58984375	0.0	0.0	52153.0	25	13.32847	313
212761.9375	0.0	54392.50927734375	212761.9375	20	14.453679	313
415971.6875	0.0	0.0	415971.6875	12	16.066627	313
7822.29248046875	0.0	0.0	7822.29248046875	9	13.218686	313
83041.140625	73462.8515625	0.0	118921.9921875	7	15.93254	313
641807.0	0.0	0.0	641807.0	12	15.867172	313
81405.671875	0.0	0.0	81405.671875	111	15.642579	313
213819.578125	0.0	0.0	213819.578125	147	43.229461	313
535379.4375	0.0	0.0	535379.4375	5	16.107969	313
634652.75	0.0	0.0	634652.75	12	16.064671	313
213103.734375	0.0	0.0	213103.734375	53	13.334056	313
433826.34375	0.0	0.0	433826.34375	12	15.907119	313
212793.453125	0.0	0.0	212793.453125	18	13.254723	313
538107.5625	0.0	0.0	538107.5625	9	15.829461	313
63883.8984375	0.0	0.0	63883.8984375	6	16.445978	313
213043.046875	0.0	0.0	213043.046875	63	41.439411	313
125.76739501953125	0.0	143447.0	58040.79296875	7	13.358919	313
212328.109375	0.0	0.0	212328.109375	18	13.381546	313
212693.265625	0.0	0.0	212693.265625	19	13.324001	313
24844.845703125	39745.5390625	0.0	52425.2421875	7	15.878906	313
681062.625	0.0	0.0	681062.625	9	15.89818	313
212141.1875	0.0	0.0	212141.1875	18	13.279585	313
299525.25	0.0	0.0	299525.25	17	17.346314	313
57228.03515625	0.0	0.0	81639.71875	6	52.108779	313
53646.23046875	0.0	0.0	53646.23046875	6	16.133111	313
20584.4765625	16568.9296875	47389.77734375	61951.14453125	6	16.001818	313
213376.625	0.0	0.0	213376.625	43	13.422051	313
213305.828125	0.0	0.0	213305.828125	218	13.376518	313
23949.50390625	0.0	0.0	45806.15234375	11	13.247738	313
288889.53125	0.0	0.0	288889.53125	16	16.531739	313
8837.7216796875	0.0	0.0	61785.63671875	31	13.78576	313
249099.25	0.0	0.0	249099.25	12	16.047631	313
73020.84375	0.0	496473.3125	73020.84375	9	44.560829	313
213543.6875	0.0	0.0	213543.6875	110	13.47345	313
11912.197265625	10438.599609375	0.0	17340.802734375	4	15.771077	313
110357.359375	0.0	0.0	110357.359375	7	16.08618	313
287584.5	75066.25	0.0	287584.5	16	15.921924	313
97175.078125	0.0	0.0	97175.078125	6	15.857396	313
497398.0625	0.0	0.0	497398.0625	8	15.804599	313
323361.34375	110932.71875	0.0	323361.34375	10	15.81661	313
315653.90625	272689.71875	0.0	484888.6875	12	18.115633	313
98585.125	0.0	0.0	98585.125	11	46.498099	313
213264.578125	0.0	0.0	213264.578125	36	13.374564	313
76389.4609375	0.0	0.0	245210.84375	287	14.592235	313
495623.25	0.0	0.0	495623.25	12	16.62141	313
156273.96875	0.0	0.0	156273.96875	11	15.805717	313
342617.8125	0.0	0.0	342617.8125	10	15.866894	313
213667.5625	0.0	0.0	213667.5625	109	13.258913	313
359424.46875	0.0	0.0	359424.46875	14	15.926395	313
45388.15234375	0.0	0.0	45388.15234375	6	16.378377	313
212604.359375	0.0	0.0	212604.359375	14	49.959764	313
619560.25	0.0	0.0	619560.25	9	16.020255	313
697760.1875	0.0	0.0	697760.1875	12	15.97975	313
2272454.75	0.0	0.0	2272454.75	2	15.878346	313
224377.6875	0.0	41749.27197265625	252858.0625	925	13.319252	313
61432.5859375	0.0	0.0	61432.5859375	61	13.860345	313
1382.0032958984375	0.0	84604.3359375	84133.8359375	8	13.215334	313
213866.296875	0.0	0.0	213866.296875	119	13.887443	313
600163.5	0.0	0.0	600163.5	5	15.768004	313
213009.296875	0.0	0.0	213009.296875	114	13.79889	313
247918.671875	0.0	0.0	247918.671875	16	48.378381	313
560943.5	0.0	0.0	560943.5	5	15.939523	313
212693.265625	0.0	0.0	212693.265625	19	14.094719	313
212789.71875	0.0	0.0	212789.71875	53	13.379311	313
55182.80078125	0.0	0.0	55182.80078125	8	15.911309	313
213226.015625	0.0	0.0	213226.015625	199	13.337967	313
14812.4091796875	0.0	496473.3125	213926.03125	86	13.279025	313
61507.9453125	0.0	0.0	61507.9453125	61	13.872636	313
212793.453125	0.0	0.0	212793.453125	18	13.838558	313
218512.3125	5968.5	0.0	218512.3125	17	16.034782	313
291047.15625	78283.1875	0.0	291047.15625	17	43.718601	313
5824.130859375	0.0	53931.125	246334.03125	346	14.134386	313
71779.3828125	0.0	0.0	71779.3828125	6	17.12982	313
13501.3642578125	10986.4375	47389.77734375	56371.578125	6	16.029195	313
60987.95703125	0.0	0.0	60987.95703125	62	13.275394	313
220367.625	0.0	0.0	220367.625	12	15.715768	313
176573.0	143969.15625	0.0	356739.1875	15	15.69705	313
1702950.75	0.0	0.0	1702950.75	6	15.771637	313
61070.97265625	50113.68359375	0.0	107894.8125	5	15.727779	313
132676.515625	0.0	0.0	132676.515625	11	15.786722	313
292497.0	0.0	0.0	292497.0	12	16.063275	313
8504.9873046875	0.0	0.0	8504.9873046875	2	48.217198	313
212494.78125	0.0	0.0	212494.78125	19	13.319251	313
289283.90625	246529.484375	496473.3125	459214.6875	12	16.576992	313
49979.265625	0.0	0.0	49979.265625	9	15.953211	313
359018.375	148698.515625	0.0	361136.28125	10	15.839797	313
430171.15625	217590.625	0.0	430171.15625	5	15.690904	313
1490237.25	0.0	0.0	1490237.25	6	15.757949	313
29990.654296875	24606.53125	0.0	82391.53125	5	15.705151	313
1309.9559326171875	0.0	0.0	1309.9559326171875	3	13.132368	313
32865.19140625	26965.6171875	0.0	84747.234375	5	15.680289	313
30.287479400634766	7.578125	0.0	45388.15234375	6	15.860748	313
70541.140625	59090.28125	0.0	116858.9609375	5	51.000328	313
18529.55859375	15200.57421875	0.0	72984.265625	5	15.84678	313
469150.8125	0.0	0.0	469150.8125	9	15.91047	313
13187.6904296875	0.0	0.0	13187.6904296875	81	13.324	313
5328.412109375	4366.58984375	0.0	62146.8515625	5	15.773035	313
34097.53125	27674.90625	0.0	85464.0625	5	15.76605	313
252896.9375	0.0	0.0	252896.9375	6	15.750964	313
363306.25	0.0	0.0	363306.25	11	15.789515	313
1616215.125	0.0	0.0	1616215.125	6	15.715487	313
546368.8125	0.0	0.0	546368.8125	12	15.88617	313
617857.5	0.0	0.0	617857.5	9	15.783927	313
11832.94140625	9700.75	0.0	67402.1875	5	16.614426	313
17794.703125	14597.4921875	0.0	72279.3046875	5	48.23396	313
996687.25	0.0	0.0	996687.25	6	15.267695	313
1014833.0625	0.0	0.0	1014833.0625	6	15.921925	313
30.287479400634766	7.578125	0.0	45388.15234375	6	15.907678	313
44845.984375	36209.35546875	0.0	81626.5625	6	15.815493	313
60745.359375	49452.49609375	0.0	107141.9921875	5	15.747054	313
342617.8125	0.0	0.0	342617.8125	10	15.764374	313
65615.1015625	0.0	0.0	65615.1015625	6	15.752361	313
1234021.5	0.0	0.0	1234021.5	6	15.858513	313
185433.59375	0.0	0.0	185433.59375	5	15.733924	313
2272454.75	0.0	0.0	2272454.75	2	15.706548	313
71529.640625	0.0	0.0	71529.640625	12	13.692458	313
560543.5	0.0	0.0	560543.5	5	47.81829	313
11429.5341796875	0.0	1822.6239013671875	13187.6904296875	81	13.272599	313
388603.28125	0.0	0.0	388603.28125	12	15.946227	313
249490.21875	0.0	0.0	249490.21875	17	16.014946	313
50105.75390625	41114.703125	0.0	98812.8125	5	15.788955	313
589852.375	0.0	0.0	589852.375	9	15.791748	313
5299.8623046875	0.0	0.0	5299.8623046875	8	16.295969	313
28346.583984375	23257.265625	0.0	80982.8671875	5	15.801806	313
680201.625	0.0	0.0	680201.625	12	15.789235	313
44845.984375	36209.35546875	0.0	81626.5625	6	15.74482	313
8502.3974609375	6913.52587890625	0.0	14675.8681640625	5	16.262729	313
3095.67529296875	0.0	0.0	57999.4453125	7	13.135441	313
49343.35546875	40122.0234375	0.0	97834.375	5	18.250281	313
98547.46875	0.0	0.0	98547.46875	10	46.598944	313
51214.609375	42024.71484375	0.0	99747.21875	5	15.915499	313
70068.890625	0.0	0.0	70068.890625	14	13.314782	313
473353.0625	0.0	0.0	473353.0625	12	16.000422	313
116943.3046875	0.0	0.0	116943.3046875	7	15.792866	313
49634.0	0.0	0.0	49634.0	8	15.842311	313
60745.359375	49452.49609375	0.0	107141.9921875	5	15.741467	313
83471.140625	0.0	0.0	83471.140625	6	15.844266	313
26316.11328125	21590.88671875	0.0	79368.2109375	5	15.776385	313
61336.75	0.0	0.0	61336.75	78	13.223714	313
438384.59375	0.0	0.0	438384.59375	12	15.909354	313
42771.8203125	35095.84375	0.0	92823.265625	5	15.790352	313
295059.125	0.0	0.0	295059.125	6	15.750685	313
472466.3125	0.0	0.0	472466.3125	12	49.464201	313
605225.0	0.0	0.0	605225.0	9	15.946227	313
113607.859375	0.0	53931.125	246217.515625	1376	14.640839	313
1384009.375	0.0	0.0	1384009.375	10	16.473356	313
14196.54296875	0.0	0.0	14196.54296875	4	15.715207	313
495617.75	0.0	0.0	495617.75	12	15.807392	313
54206.5625	0.0	0.0	54206.5625	6	16.237028	313
1168349.75	0.0	0.0	1168349.75	6	15.773312	313
58711.296875	0.0	33787.0390625	81683.6875	155	13.194384	313
19511.423828125	16006.37890625	0.0	73702.5234375	5	15.816892	313
511540.34375	0.0	0.0	511540.34375	12	15.815773	313
372750.625	0.0	0.0	372750.625	9	15.795941	313
212190.828125	0.0	0.0	212190.828125	16	15.890918	313
1335243.0	0.0	0.0	1335243.0	11	20.6021	313
3595.83251953125	0.0	0.0	3595.83251953125	13	46.649785	313
326706.3125	0.0	0.0	326706.3125	11	15.993159	313
165993.078125	0.0	0.0	165993.078125	4	15.884214	313
50039.1875	0.0	0.0	50039.1875	9	16.366366	313
680201.625	0.0	0.0	680201.625	12	15.792029	313
2272454.75	0.0	0.0	2272454.75	2	15.735321	313
227935.140625	0.0	0.0	227935.140625	17	15.911869	313
1378560.25	0.0	0.0	1378560.25	6	15.762976	313
393977.0	0.0	0.0	393977.0	12	15.862982	313
316049.3125	0.0	0.0	316049.3125	10	15.815773	313
454691.53125	0.0	0.0	454691.53125	5	15.732527	313
535787.8125	0.0	0.0	535787.8125	9	15.88533	313
25248.76953125	20714.93359375	0.0	78482.265625	5	15.746215	313
57940.47265625	0.0	0.0	57940.47265625	6	43.354889	313
266776.9375	0.0	47389.77734375	266776.9375	15	16.535369	313
213561.484375	0.0	0.0	213561.484375	35	13.361433	313
212431.03125	0.0	0.0	212431.03125	360	13.427358	313
40814.8828125	33489.81640625	0.0	91218.9375	5	15.823874	313
59945.3125	14508.76171875	0.0	59945.3125	8	15.811024	313
246070.34375	0.0	0.0	246070.34375	11	15.832254	313
20481.8671875	945.2734375	49493.7109375	49944.51953125	9	15.811023	313
110357.359375	0.0	0.0	110357.359375	7	15.815493	313
4127.4580078125	0.0	0.0	4127.4580078125	6	15.803482	313
526492.625	0.0	0.0	526492.625	12	15.830019	313
23468.556640625	19253.93359375	0.0	76964.390625	5	15.736719	313
1109.87841796875	1665.0859375	49397.23828125	49829.8515625	9	15.822757	313
440800.25	0.0	0.0	440800.25	12	15.866336	313
151504.15625	0.0	0.0	151504.15625	11	17.768128	313
45388.15234375	0.0	0.0	45388.15234375	6	47.219372	313
529318.0	0.0	0.0	529318.0	12	15.967739	313
525892.25	0.0	0.0	525892.25	9	15.969135	313
4127.4580078125	0.0	0.0	4127.4580078125	6	15.904326	313
80161.3515625	0.0	4249.6317138671875	81405.671875	111	13.756708	313
299990.5	0.0	0.0	299990.5	16	16.446818	313
2272454.75	0.0	0.0	2272454.75	2	15.736718	313
40275.97265625	0.0	0.0	40275.97265625	25	13.191311	313
212190.828125	0.0	0.0	212190.828125	17	15.912148	313
4842.228515625	0.0	0.0	4842.228515625	4	15.758507	313
92204.953125	0.0	0.0	92204.953125	8	15.766329	313
289220.3125	0.0	0.0	289220.3125	10	15.760182	313
71004.03125	59528.765625	0.0	117276.078125	5	15.820802	313
55246.36328125	22748.39453125	0.0	55246.36328125	6	15.792029	313
249099.25	0.0	33787.0390625	249099.25	12	16.357985	313
472154.4375	0.0	0.0	472154.4375	12	49.248266	313
1131817.875	0.0	0.0	1131817.875	6	15.973603	313
339408.84375	0.0	0.0	339408.84375	14	15.976676	313
428839.0	0.0	0.0	428839.0	12	15.970531	313
61205.453125	0.0	0.0	61205.453125	66	13.207791	313
216588.984375	0.0	0.0	216588.984375	17	15.85544	313
310584.25	0.0	0.0	310584.25	16	15.990363	313
1682651.625	0.0	0.0	1682651.625	6	15.816331	313
1080736.5	0.0	0.0	1080736.5	6	15.769402	313
73873.1328125	0.0	0.0	73082.046875	52	13.73911	313
6891.3212890625	0.0	0.0	6891.3212890625	6	15.788119	313
288984.40625	0.0	0.0	288984.40625	16	15.886447	313
54482.34765625	44706.5	0.0	102419.2890625	5	15.762977	313
1015974.875	0.0	0.0	1015974.875	6	15.754317	313
650456.25	0.0	0.0	650456.25	9	15.904605	313
455715.8125	0.0	0.0	455715.8125	12	20.256548	313
261004.375	0.0	0.0	261004.375	17	49.846629	313
526577.125	0.0	0.0	526577.125	5	15.973325	313
50322.09765625	0.0	0.0	50322.09765625	193	13.358639	313
62132.8359375	0.0	0.0	62132.8359375	6	15.877229	313
50926.04296875	41787.890625	0.0	99556.046875	5	15.711855	313
83410.3125	71810.89453125	0.0	129529.484375	5	15.764373	313
30.288959503173828	7.578125	47389.77734375	45388.15234375	6	15.778899	313
56745.15625	46563.5546875	0.0	104275.3359375	5	15.762976	313
59523.875	0.0	0.0	81644.3359375	6	13.216731	313
60910.77734375	0.0	0.0	60910.77734375	25	13.246621	313
34175.703125	55032.55859375	0.0	60065.75	6	15.750685	313
58884.4921875	0.0	0.0	58884.4921875	2	13.134882	313
20800.8828125	16743.2890625	0.0	62132.8359375	6	15.80404	313
1469853.125	0.0	0.0	1469853.125	6	16.316361	313
81039.34375	69482.74609375	0.0	127231.9453125	5	15.745936	313
593214.625	0.0	0.0	593214.625	9	44.325059	313
361724.6875	0.0	0.0	361724.6875	8	16.081711	313
506515.125	0.0	0.0	506515.125	9	15.912985	313
61492.59375	50459.7109375	0.0	108169.6875	5	15.891754	313
454691.53125	0.0	0.0	454691.53125	5	15.883656	313
11579.65625	9496.89453125	0.0	67242.9609375	5	15.751524	313
22.72751808166504	7.56396484375	5444.5947265625	5299.8623046875	8	15.771636	313
35631.359375	28925.109375	0.0	86697.2734375	5	15.783928	313
2655.721923828125	2173.15234375	0.0	59944.78125	5	15.75292	313
84097.984375	0.0	0.0	84097.984375	8	13.185725	313
381317.1875	0.0	0.0	381317.1875	12	15.878347	313
372750.625	0.0	0.0	372750.625	9	15.869967	313
183331.828125	0.0	0.0	183331.828125	11	15.781413	313
103370.484375	0.0	0.0	103370.484375	11	15.818008	313
22468.974609375	18433.59765625	0.0	76163.5546875	5	15.752083	313
350751.5	0.0	0.0	350751.5	13	15.840076	313
2272454.75	0.0	0.0	2272454.75	2	17.331788	313
415358.40625	0.0	0.0	415358.40625	5	55.873533	313
569448.375	0.0	0.0	569448.375	9	15.962708	313
1558094.75	0.0	0.0	1558094.75	6	15.900416	313
249212.390625	0.0	0.0	249212.390625	6	15.857675	313
147540.78125	0.0	0.0	147540.78125	6	15.888403	313
4801.08984375	3929.796875	0.0	61706.00390625	5	15.721354	313
61741.96484375	0.0	0.0	61741.96484375	60	13.257795	313
22.72751808166504	7.56396484375	0.0	5299.8623046875	8	15.812978	313
65129.703125	0.0	0.0	65129.703125	6	16.330888	313
16116.6650390625	0.0	71938.703125	70174.3671875	73	13.237123	313
31679.361328125	25705.10546875	0.0	83402.171875	5	15.809627	313
192884.0625	0.0	0.0	192884.0625	6	15.742863	313
416292.5625	0.0	0.0	416292.5625	9	15.82555	313
394282.9375	0.0	0.0	394282.9375	9	15.842311	313
1115886.375	0.0	0.0	1115886.375	6	15.75683	313
118921.9921875	0.0	0.0	118921.9921875	7	15.838958	313
2849.04443359375	0.0	0.0	58058.37890625	7	13.15751	313
569044.0	0.0	0.0	569044.0	5	49.167538	313
346432.25	0.0	0.0	346432.25	13	16.02305	313
619724.75	0.0	0.0	619724.75	5	15.878347	313
1281.85888671875	1926.7890625	0.0	49968.63671875	9	15.966621	313
229974.15625	0.0	0.0	229974.15625	17	15.91969	313
40444.859375	0.0	0.0	40444.859375	57	13.202485	313
202670.15625	0.0	0.0	202670.15625	11	15.803482	313
569044.0	0.0	0.0	569044.0	5	15.793705	313
57532.85546875	0.0	0.0	57532.85546875	7	13.146894	313
304858.6875	0.0	0.0	304858.6875	6	15.77443	313
42771.8203125	35095.84375	0.0	92823.265625	5	15.725823	313
84053.453125	0.0	0.0	84053.453125	8	13.773749	313
4894.6875	4010.63671875	0.0	61693.2890625	5	15.709341	313
136030.765625	123998.48828125	0.0	181682.125	5	15.77443	313
50535.4921875	41467.375	0.0	99151.9375	5	15.750127	313
1613.5615234375	0.0	0.0	58044.13671875	7	13.150526	313
56745.15625	46563.5546875	0.0	104275.3359375	5	15.731969	313
53788.6328125	44137.17578125	0.0	101921.7109375	5	19.218494	313
58315.56640625	0.0	0.0	58315.56640625	5	56.32775	313
58884.4921875	0.0	0.0	58884.4921875	2	13.277349	313
47487.953125	38966.30078125	0.0	96698.34375	5	15.993157	313
85769.4609375	0.0	84604.3359375	141341.453125	13	13.337129	313
61092.20703125	0.0	0.0	61092.20703125	12	13.210026	313
70983.2890625	59528.765625	0.0	117276.078125	5	15.742304	313
4894.6875	4010.63671875	0.0	61693.2890625	5	15.763814	313
82577.265625	0.0	0.0	75841.4453125	5	13.655584	313
160606.28125	0.0	0.0	160606.28125	11	15.847338	313
2051.10400390625	0.0	0.0	50827.35546875	33	13.173711	313
167742.109375	0.0	0.0	167742.109375	11	15.912149	313
15.215530395507812	0.0	0.0	48989.28125	9	13.164493	313
57532.85546875	0.0	0.0	57532.85546875	7	13.160024	313
15.299723625183105	0.0	0.0	58005.3671875	7	13.173713	313
2026.82861328125	0.0	0.0	3401.941650390625	106	13.668155	313
159.32334899902344	0.0	0.0	84064.3046875	8	13.17874	313
15.164551734924316	0.0	5444.5947265625	5495.076171875	8	13.668715	313
134.76290893554688	0.0	0.0	58032.765625	7	13.213938	313
146.2875213623047	0.0	0.0	58048.78515625	7	46.653416	313
213553.5625	0.0	0.0	213553.5625	66	13.336012	313
61758.23828125	0.0	0.0	61758.23828125	44	13.380148	313
10457.513671875	0.0	0.0	57713.48828125	9	13.278467	313
1221.3570556640625	917.36328125	0.0	49902.69921875	9	15.904326	313
80.57303619384766	0.0	0.0	57987.6640625	7	13.181255	313
303024.9375	0.0	0.0	303024.9375	17	15.853205	313
58243.28515625	0.0	0.0	58243.28515625	9	13.17008	313
1402.8675537109375	0.0	0.0	84060.6875	8	13.208072	313
61943.46484375	50829.73046875	85330.9296875	108582.9296875	5	16.285913	313
1554778.875	0.0	0.0	1554778.875	6	15.774989	313
295059.125	0.0	0.0	295059.125	6	15.828623	313
57532.85546875	0.0	0.0	57532.85546875	7	13.17455	313
61870.4375	0.0	0.0	61870.4375	301	13.265896	313
115.604736328125	0.0	0.0	5595.5166015625	29	13.203881	313
190.0692596435547	0.0	0.0	59361.0	15	13.188517	313
531049.6875	0.0	0.0	531049.6875	12	15.868289	313
42771.8203125	35095.84375	0.0	92823.265625	5	15.794542	313
20983.916015625	17214.83203125	0.0	74912.1171875	5	19.779981	313
38.61463928222656	0.0	3598.217041015625	3409.509765625	29	51.651765	313
52721.8046875	42884.35546875	0.0	100579.96875	5	15.918851	313
61424.859375	0.0	0.0	61424.859375	61	13.334895	313
84082.5	0.0	0.0	84082.5	8	13.325118	313
70983.2890625	59528.765625	0.0	117276.078125	5	15.721913	313
139263.5625	0.0	0.0	139263.5625	11	15.823317	313
58315.56640625	0.0	0.0	58315.56640625	5	13.150527	313
4842.228515625	0.0	0.0	4842.228515625	4	15.753758	313
540.5344848632812	0.0	0.0	59378.1796875	5	13.159744	313
45275.41015625	37150.50390625	0.0	94849.1796875	5	15.714649	313
2050.431640625	0.0	0.0	58037.22265625	7	13.23908	313
57532.85546875	0.0	0.0	57532.85546875	7	13.154157	313
38.34988784790039	0.0	0.0	3413.507568359375	16	13.177064	313
68781.828125	57345.69921875	0.0	115029.546875	5	15.742864	313
1349816.375	0.0	0.0	1349816.375	6	15.814097	313
57532.85546875	0.0	0.0	57532.85546875	7	13.151922	313
23602.318359375	0.0	0.0	23602.318359375	15	13.175946	313
953978.3125	0.0	0.0	953978.3125	6	15.823595	313
141714.71875	0.0	0.0	141714.71875	7	13.699163	313
33225.72265625	26965.6171875	0.0	84747.234375	5	48.907184	313
15.163318634033203	7.56396484375	0.0	5299.8623046875	8	15.9155	313
25626.41796875	20795.796875	0.0	78479.1875	5	15.923321	313
6118.93212890625	5015.35546875	0.0	62783.625	5	15.885051	313
76048.0703125	0.0	84604.3359375	141652.125	7	13.15276	313
307.7642822265625	0.0	0.0	49044.94921875	9	13.17846	313
31.515127182006836	0.0	0.0	57995.609375	7	13.173154	313
329.1854553222656	0.0	0.0	70080.09375	20	13.19969	313
41882.84375	34366.2734375	0.0	92084.0234375	5	16.327536	313
90986.4375	0.0	0.0	139514.171875	49	13.226229	313
72906.4765625	3078.1953125	0.0	72906.4765625	9	15.854881	313
54165.890625	44068.12890625	0.0	101768.21875	5	15.72666	313
57532.85546875	0.0	0.0	57532.85546875	7	13.18349	313
1241.6378173828125	0.0	0.0	1241.6378173828125	5	13.143262	313
261.5480041503906	0.0	0.0	3595.832763671875	13	13.167007	313
32502.48828125	0.0	0.0	32502.48828125	9	14.200591	313
2936.693359375	0.0	0.0	61764.78125	57	13.748048	313
7.599775791168213	0.0	0.0	5292.298828125	8	13.171197	313
6910.7744140625	0.0	0.0	6910.7744140625	4	13.648323	313
5373.03369140625	0.0	0.0	16879.4765625	99	15.749567	313
16547.44140625	0.0	0.0	49074.48828125	8	57.276415	313
40373.859375	0.0	0.0	40373.859375	121	13.369254	313
60715.30859375	0.0	0.0	60715.30859375	23	13.357802	313
2343.891357421875	0.0	0.0	2343.891357421875	8	13.30696	313
7401.810546875	0.0	49493.7109375	54336.49609375	8	13.201087	313
472154.4375	0.0	0.0	472154.4375	12	15.942318	313
50535.4921875	41467.375	0.0	99151.9375	5	15.746495	313
57532.85546875	0.0	0.0	57532.85546875	7	13.228743	313
1103.212646484375	1654.9375	0.0	49838.67578125	9	15.781413	313
5084.93212890625	0.0	2427.0078125	64232.125	226	13.222039	313
15536.8388671875	12744.49609375	0.0	70432.203125	5	15.751523	313
132033.59375	0.0	0.0	132033.59375	10	15.850413	313
11579.65625	9496.89453125	0.0	67242.9609375	5	15.747891	313
64419.2578125	0.0	85330.9296875	141450.0625	13	13.203323	313
610369.125	0.0	0.0	610369.125	9	15.905163	313
1174.66357421875	0.0	0.0	84103.8984375	8	13.199692	313
45.89139175415039	0.0	0.0	57958.12890625	7	13.717879	313
69836.0390625	0.515625	0.0	69836.0390625	20	16.538723	313
151582.453125	133103.671875	0.0	217187.171875	6	15.866334	313
300307.28125	0.0	0.0	300307.28125	6	15.775547	313
87492.0	75879.55859375	0.0	133574.140625	5	15.9236	313
22.72751808166504	7.56396484375	0.0	5299.8623046875	8	44.484007	313
2272454.75	0.0	0.0	2272454.75	2	15.93701	313
1554778.875	0.0	0.0	1554778.875	6	15.888123	313
1684.6302490234375	0.0	0.0	50662.6875	33	13.23405	313
189066.4375	0.0	0.0	189066.4375	10	15.879464	313
22468.974609375	18433.59765625	0.0	76163.5546875	5	15.723031	313
93287.15625	0.0	0.0	144531.28125	271	13.735199	313
3442.886474609375	0.0	0.0	3442.886474609375	25	13.677095	313
989.7535400390625	0.0	0.0	58063.5078125	7	13.168126	313
1234.33154296875	0.0	0.0	61761.9765625	36	13.17036	313
27841.53515625	0.0	84604.3359375	142157.8125	25	13.185165	313
46902.9921875	38486.23828125	0.0	96206.65625	5	15.785045	313
280308.28125	0.0	0.0	280308.28125	17	15.906282	313
3453.67529296875	0.0	0.0	3453.67529296875	6	13.146895	313
106400.125	0.0	3598.217041015625	193757.546875	73	13.70531	313
132.2241973876953	0.0	0.0	58053.21875	7	13.221202	313
57532.85546875	0.0	0.0	57532.85546875	7	13.159744	313
2272454.75	0.0	0.0	2272454.75	2	15.71465	313
152353.46875	134377.09375	0.0	218470.09375	6	15.848457	313
1298.479248046875	1952.0859375	0.0	49981.25390625	9	15.787839	313
3383.20458984375	0.0	0.0	3383.20458984375	6	17.386818	313
44.37129592895508	0.0	0.0	58059.99609375	7	56.372725	313
91077.4921875	79403.97265625	0.0	137096.0	5	16.014388	313
299525.25	0.0	0.0	299525.25	17	16.075006	313
1163.033935546875	0.0	0.0	84109.8125	8	13.343275	313
130438.8984375	0.0	85330.9296875	130438.8984375	11	16.424748	313
1817.7847900390625	0.0	0.0	3401.941650390625	106	13.278746	313
57147.20703125	46893.51171875	3598.217041015625	104626.609375	5	16.258536	313
310584.25	0.0	0.0	310584.25	16	15.997069	313
30.067785263061523	0.0	0.0	58014.3984375	7	13.154435	313
70241.890625	0.0	0.0	70241.890625	29	13.241593	313
212772.09375	0.0	0.0	212772.09375	24	13.227067	313
60829.45703125	0.0	0.0	60829.45703125	57	13.210585	313
16.167322158813477	1.03125	157374.390625	69836.0390625	24	16.036177	313
64671.9453125	53278.75390625	0.0	111066.1171875	5	15.768004	313
12121.013671875	19927.875	0.0	79944.875	20	15.964386	313
1546271.625	0.0	0.0	1546271.625	6	16.322788	313
50283.421875	40888.2734375	0.0	98641.296875	5	15.756551	313
864607.5625	0.0	0.0	864607.5625	6	15.730294	313
141377.8125	0.0	0.0	141377.8125	13	13.624857	313
15.163318634033203	7.56396484375	0.0	5299.8623046875	8	15.758508	313
108.49048614501953	0.0	0.0	57955.9921875	7	13.132368	313
17695.306640625	0.0	146080.69140625	143641.265625	91	13.237682	313
60241.90625	0.0	0.0	141450.0625	13	46.950921	313
50926.04296875	83575.78125	0.0	99556.046875	5	16.437879	313
4894.6875	8021.2734375	0.0	61693.2890625	5	15.909633	313
33132.9296875	0.0	0.0	33070.8046875	33	13.781291	313
2272454.75	0.0	0.0	2272454.75	2	15.666042	313
89149.8359375	77517.796875	0.0	135265.140625	5	15.725823	313
7.599775791168213	0.0	0.0	5292.298828125	8	13.151643	313
57532.85546875	0.0	0.0	57532.85546875	7	13.150805	313
1052530.125	0.0	0.0	1052530.125	6	15.724147	313
46242.2890625	0.0	0.0	46242.2890625	43	13.622901	313
6107.7607421875	0.0	0.0	31347.90234375	6	13.198015	313
32541.62890625	0.0	0.0	31130.40625	5	13.586306	313
1098559.375	0.0	0.0	1098559.375	6	15.752641	313
1786.007080078125	0.0	0.0	3401.94140625	66	13.634353	313
1694.818115234375	0.0	0.0	3404.377685546875	71	13.1698	313
60217.8359375	49413.52734375	3598.217041015625	107186.78125	5	16.227809	313
21342.515625	17509.12890625	0.0	75226.734375	5	15.698167	313
6474.6220703125	0.0	0.0	8298.1552734375	11	13.214217	313
64671.9453125	53278.75390625	0.0	111066.1171875	5	16.226692	313
394282.9375	0.0	0.0	394282.9375	9	15.758506	313
54893.91796875	0.0	0.0	54893.91796875	8	15.800966	313
587.3281860351562	0.0	47389.77734375	45796.01171875	11	14.631621	313
80820.59375	0.0	0.0	80820.59375	33	55.045271	313
34097.53125	27674.90625	0.0	85464.0625	5	15.959637	313
84162.09375	0.0	0.0	84162.09375	8	13.271484	313
64014.62890625	52627.27734375	85330.9296875	110319.984375	5	16.401003	313
8856.953125	0.0	0.0	50665.41015625	31	13.208352	313
1280167.125	0.0	0.0	1280167.125	6	15.709901	313
3155.76318359375	0.0	0.0	58045.55859375	7	13.188797	313
29.398435592651367	0.0	0.0	57999.4375	7	13.141588	313
469991.5	0.0	0.0	469991.5	5	15.721074	313
54029.82421875	44335.125	0.0	102042.984375	5	15.734484	313
1098559.375	0.0	0.0	1098559.375	6	15.682803	313
4796.18115234375	3929.796875	0.0	61706.00390625	5	15.721633	313
72906.4765625	0.0	0.0	72906.4765625	9	15.752361	313
76930.6171875	0.0	0.0	76930.6171875	10	16.418324	313
136030.765625	123998.48828125	0.0	181682.125	5	15.721913	313
54029.82421875	44335.125	0.0	102042.984375	5	15.694816	313
58900.7734375	0.0	0.0	58900.7734375	5	13.123709	313
151598.0625	0.0	0.0	151598.0625	7	15.771915	313
141435.828125	0.0	0.0	141435.828125	13	13.130413	313
52723.34375	43262.921875	0.0	101037.859375	5	15.774708	313
120037.03125	0.0	0.0	120037.03125	11	15.750406	313
61406.203125	0.0	0.0	61406.203125	1444	13.763413	313
2272454.75	0.0	0.0	2272454.75	2	15.674703	313
4842.228515625	0.0	0.0	4842.228515625	4	43.152362	313
37366.9140625	30660.11328125	0.0	88381.0859375	5	15.92807	313
2272454.75	0.0	0.0	2272454.75	2	15.816331	313
57143.9140625	46890.80859375	0.0	104592.6640625	5	15.856278	313
300307.28125	0.0	0.0	300307.28125	6	15.737555	313
57532.85546875	0.0	0.0	57532.85546875	7	13.639662	313
60829.5234375	0.0	0.0	60829.5234375	337	13.199691	313
84437.7890625	0.0	0.0	142181.453125	25	13.625974	313
20.3066463470459	0.0	0.0	58031.18359375	7	13.201927	313
15.163318634033203	7.56396484375	0.0	5299.8623046875	8	15.755155	313
2272454.75	0.0	0.0	2272454.75	2	15.71046	313
78659.96875	0.0	84604.3359375	144664.8125	37	13.132648	313
131.01490783691406	0.0	85330.9296875	58052.34765625	7	13.656983	313
14578.013671875	11947.9453125	0.0	69684.625	5	15.711577	313
658.6840209960938	0.0	0.0	658.6840209960938	3	13.125106	313
60648.546875	0.0	0.0	60648.546875	21	13.246901	313
1174530.375	0.0	0.0	1174530.375	6	15.711297	313
263131.125	0.0	0.0	263131.125	16	15.840356	313
96552.296875	0.0	0.0	96552.296875	24	15.933657	313
61605.83203125	0.0	0.0	61605.83203125	57	14.270986	313
65857.421875	0.0	0.0	65857.421875	501	13.729891	313
2272454.75	0.0	0.0	2272454.75	2	15.767167	313
385.557861328125	0.0	0.0	49017.390625	9	13.133765	313
57532.85546875	0.0	0.0	57532.85546875	7	15.185567	313
2360.941162109375	0.0	0.0	2360.941162109375	12	51.870215	313
60587.8984375	0.0	0.0	60587.8984375	34	13.270645	313
61797.2734375	0.0	0.0	61797.2734375	1855	13.49943	313
198.7631378173828	0.0	0.0	49044.87109375	8	13.253045	313
60654.390625	0.0	0.0	60654.390625	23	13.749724	313
124.94253540039062	0.0	0.0	58030.859375	7	13.135721	313
659013.25	0.0	0.0	659013.25	12	15.892593	313
23478.798828125	0.0	59579.2109375	57532.85546875	7	13.139352	313
12785.9990234375	0.0	179405.85888671875	65181.80859375	235	13.719835	313
15521.5	0.0	0.0	60917.9375	64	13.237961	313
41679.265625	0.0	0.0	45230.94140625	136	13.227346	313
61605.83203125	0.0	0.0	61605.83203125	57	13.192148	313
40814.8828125	66979.6328125	0.0	91218.9375	5	15.72666	313
54165.890625	44068.12890625	0.0	101768.21875	5	15.738952	313
40377.37109375	0.0	0.0	40377.37109375	97	13.1955	313
7392.423828125	0.0	0.0	60785.484375	21	13.198295	313
28402.33203125	0.0	146387.078125	61242.87890625	57	13.246063	313
23138.484375	0.0	0.0	61107.5078125	56	13.721511	313
202.65875244140625	0.0	0.0	60979.99609375	23	13.203603	313
24041.58984375	0.0	0.0	61811.3125	283	13.216172	313
60889.66796875	0.0	0.0	60889.66796875	23	13.203881	313
142.48190307617188	0.0	0.0	58015.2578125	7	13.137118	313
22.72751808166504	7.56396484375	0.0	5299.8623046875	8	15.72722	313
15.299723625183105	0.0	0.0	58005.3671875	7	13.211425	313
84423.0859375	0.0	0.0	142063.671875	25	13.651674	313
27821.1171875	0.0	0.0	61640.29296875	61	47.502072	313
61285.03515625	0.0	0.0	61285.03515625	20	13.324838	313
4438.58642578125	0.0	279950.0	44595.16015625	100	13.334337	313
23303.775390625	0.0	0.0	61707.86328125	52	13.333777	313
57532.85546875	0.0	0.0	57532.85546875	7	13.665362	313
1545.3011474609375	0.0	0.0	40380.4140625	89	13.191031	313
30.067785263061523	0.0	0.0	58014.3984375	7	13.159465	313
60989.42578125	0.0	0.0	60989.42578125	62	13.192707	313
1835.4547119140625	0.0	84604.3359375	84114.5078125	8	13.152202	313
20279.31640625	0.0	0.0	51399.85546875	25	13.172315	313
2779.26611328125	0.0	0.0	58038.71484375	7	13.130971	313
76930.6171875	0.0	0.0	76930.6171875	11	15.925835	313
6156.7421875	0.0	71938.703125	5974.59765625	19	13.64022	313
65837.5390625	0.0	33787.0390625	87828.46875	1081	13.258633	313
11495.6904296875	0.0	0.0	61485.1328125	62	13.237682	313
1479.891357421875	0.0	0.0	84099.1953125	8	13.160861	313
27576.841796875	0.0	0.0	61318.953125	57	13.214496	313
1954.063232421875	0.0	0.0	60662.33203125	23	13.332939	313
37612.96875	0.0	0.0	66636.6640625	44	13.253325	313
864607.5625	0.0	0.0	864607.5625	6	15.757947	313
233.70779418945312	0.0	174944.5625	60985.84375	23	13.207791	313
78668.578125	0.0	0.0	78668.578125	13	15.840355	313
26750.82421875	0.0	0.0	61400.22265625	40	13.261426	313
86661.390625	0.0	0.0	86661.390625	9	15.778619	313
23168.7421875	0.0	0.0	61772.01171875	77	16.787621	313
22407.65234375	0.0	0.0	61175.8984375	32	56.699843	313
22766.37109375	0.0	0.0	61231.546875	38	13.374283	313
23703.95703125	0.0	0.0	61755.0234375	100	13.977392	313
28332.189453125	0.0	0.0	61649.79296875	20	13.360316	313
11745.64453125	0.0	0.0	61085.390625	68	13.287406	313
360.9004211425781	0.0	157273.71875	50329.5859375	748	14.358702	313
20425.1484375	0.0	0.0	20425.1484375	5	15.832254	313
41118.80859375	0.0	0.0	74492.90625	10	13.180975	313
2753.9365234375	0.0	0.0	57978.82421875	7	13.189636	313
73020.84375	0.0	0.0	73020.84375	9	15.768563	313
2687.930419921875	0.0	0.0	58047.359375	7	13.195502	313
177.20094299316406	0.0	0.0	40387.078125	225	13.279305	313
1235.090576171875	0.0	0.0	61911.98828125	1141	13.292155	313
331088.59375	0.0	0.0	331088.59375	11	16.391507	313
1399174.0	0.0	0.0	1399174.0	11	15.826668	313
2218.319580078125	0.0	0.0	84161.6875	8	13.141028	313
61065.390625	0.0	0.0	61065.390625	23	13.725141	313
87.20472717285156	0.0	0.0	58013.48828125	7	13.247739	313
40613.5234375	0.0	0.0	40613.5234375	97	13.228463	313
212675.75	0.0	0.0	212675.75	17	13.198853	313
40579.29296875	0.0	0.0	40579.29296875	9	13.204999	313
61435.03125	0.0	0.0	61435.03125	67	13.707263	313
57532.85546875	0.0	0.0	57532.85546875	7	13.179298	313
40377.55078125	0.0	0.0	40377.55078125	121	13.400542	313
61673.046875	0.0	0.0	61673.046875	21	13.215055	313
116.28080749511719	0.0	0.0	5596.1923828125	50	13.68743	313
61840.02734375	0.0	0.0	61840.02734375	333	41.803396	313
61578.2890625	0.0	0.0	61578.2890625	68	13.353891	313
108704.1875	0.0	0.0	108704.1875	10	16.00489	313
125.77421569824219	0.0	0.0	58009.55078125	7	13.222318	313
31612.474609375	25937.53515625	0.0	83669.984375	5	15.711017	313
157474.328125	139437.7421875	0.0	223511.5625	6	15.819964	313
317.873046875	0.0	0.0	59322.06640625	5	13.148851	313
21.14727020263672	0.0	0.0	57959.9296875	7	13.183211	313
40380.0390625	0.0	0.0	40380.0390625	145	13.239358	313
2158.05810546875	0.0	0.0	84146.59375	8	13.151084	313
40503.0859375	0.0	0.0	44609.85546875	37	13.191591	313
152.11917114257812	0.0	0.0	58059.078125	7	13.14885	313
212190.828125	0.0	0.0	212190.828125	15	15.932262	313
3464.451904296875	0.0	0.0	3464.451904296875	21	13.169801	313
60952.58203125	0.0	0.0	60952.58203125	25	13.233492	313
61015.22265625	0.0	0.0	61015.22265625	10	13.162538	313
70245.3515625	0.0	0.0	70245.3515625	14	13.195222	313
212902.5625	0.0	0.0	212902.5625	63	13.192428	313
202.65875244140625	0.0	146387.078125	60979.99609375	23	13.241872	313
359424.46875	0.0	0.0	359424.46875	14	15.961313	313
40371.89453125	0.0	0.0	40371.89453125	105	13.199132	313
5589.98583984375	0.0	0.0	52922.03515625	8	13.171757	313
24041.58984375	0.0	0.0	61811.3125	283	13.766485	313
5373.03369140625	0.0	0.0	16879.4765625	99	13.198015	313
40431.93359375	0.0	0.0	40431.93359375	289	13.211703	313
61560.9453125	0.0	0.0	61560.9453125	34	15.785603	313
11816.365234375	0.0	157273.71875	61285.03515625	20	50.534658	313
57532.85546875	0.0	0.0	57532.85546875	7	13.311989	313
250.4225311279297	0.0	0.0	4318.2314453125	17	13.318134	313
30532.142578125	0.0	0.0	61397.609375	19	13.325676	313
1053.91748046875	0.0	279950.0	40377.55078125	121	13.279026	313
51140.62109375	0.0	0.0	60896.88671875	21	13.261426	313
1022.4675903320312	0.0	0.0	1022.4675903320312	7	13.200808	313
38.61463928222656	0.0	3598.217041015625	3409.509765625	29	13.212262	313
194205.265625	364443.9296875	0.0	242706.109375	12	15.908515	313
51273.09375	0.0	0.0	61029.359375	21	13.29411	313
7042.701171875	0.0	0.0	45721.69140625	163	13.202484	313
32494.404296875	0.0	0.0	61613.734375	56	13.181533	313
142.39434814453125	0.0	0.0	58048.06640625	7	13.163934	313
11763.9169921875	0.0	0.0	61441.03125	63	13.264221	313
273687.53125	0.0	0.0	273687.53125	12	15.754875	313
2358.603515625	0.0	0.0	84105.6953125	8	13.136001	313
23478.798828125	0.0	59579.2109375	57532.85546875	7	13.120357	313
96312.046875	0.0	0.0	96312.046875	13	16.351002	313
166236.3125	0.0	0.0	166236.3125	4	15.689787	313
43.02994155883789	0.0	0.0	57957.2421875	7	13.199413	313
730.4445190429688	0.0	2427.0078125	2349.03369140625	12	13.124267	313
23478.798828125	0.0	0.0	57532.85546875	7	13.107227	313
4438.58642578125	0.0	0.0	44595.16015625	100	13.185444	313
7968.85546875	0.0	0.0	60633.3046875	25	13.192708	313
51293.21875	0.0	0.0	61049.484375	21	13.167287	313
25873.73828125	0.0	0.0	60989.42578125	62	13.170639	313
88728.8984375	0.0	0.0	141415.28125	13	13.142146	313
26858.828125	0.0	0.0	60987.95703125	62	41.600033	313
134074.96875	146175.25	0.0	134074.96875	11	16.083388	313
24257.955078125	0.0	0.0	61578.5703125	64	13.301093	313
23478.798828125	0.0	0.0	57532.85546875	7	13.265896	313
21268.76171875	0.0	1822.6239013671875	22845.6640625	17	13.688826	313
3811.81689453125	0.0	0.0	58021.7734375	7	13.19159	313
3435.381103515625	0.0	0.0	61127.6953125	1524	13.282097	313
61630.1484375	0.0	0.0	61630.1484375	56	13.7	313
213703.875	0.0	0.0	213703.875	32	13.156112	313
71341.390625	59883.91796875	0.0	117599.515625	5	15.734204	313
18802.595703125	0.0	0.0	142155.25	25	13.149408	313
1958.039794921875	0.0	0.0	84076.7421875	8	13.138793	313
50535.4921875	41467.375	0.0	99151.9375	5	15.769401	313
50.34839630126953	0.0	0.0	50.34839630126953	4	13.116724	313
7.9542717933654785	0.0	0.0	3508.567626953125	6	13.128736	313
57532.85546875	0.0	0.0	57532.85546875	7	13.621505	313
38496.23046875	0.0	0.0	40629.421875	9	13.13181	313
317.5810546875	0.0	0.0	59362.5703125	5	13.131809	313
75006.4921875	0.0	0.0	141319.390625	13	13.138793	313
61707.86328125	0.0	0.0	61707.86328125	52	13.179299	313
5394.1650390625	0.0	0.0	40403.66015625	33	13.210865	313
5642.92626953125	0.0	0.0	61579.09375	63	13.19243	313
2753.9365234375	0.0	0.0	57978.82421875	7	13.122312	313
2372.7021484375	0.0	0.0	61810.8984375	509	13.251929	313
15.165003776550293	0.0	0.0	5630.2607421875	8	13.142705	313
61514.32421875	0.0	0.0	61514.32421875	61	13.165052	313
281.86419677734375	0.0	0.0	40372.13671875	41	13.158627	313
57532.85546875	0.0	0.0	57532.85546875	7	15.417146	313
634.7513427734375	0.0	59579.2109375	61392.79296875	786	51.761272	313
74197.3828125	0.0	0.0	74197.3828125	12	13.282936	313
196.13916015625	0.0	146387.078125	60748.87109375	23	13.335175	313
45.46919631958008	0.0	0.0	3409.51171875	41	13.795817	313
785.9171142578125	0.0	0.0	44554.265625	210	13.30249	313
21406.515625	0.0	0.0	61062.19140625	56	13.191311	313
70807.7890625	0.0	0.0	70807.7890625	39	14.160363	313
101234.390625	121633.1015625	0.0	101234.390625	10	15.858793	313
60986.234375	0.0	0.0	60986.234375	23	13.192986	313
136375.703125	0.0	0.0	193757.546875	73	13.167007	313
389.0080261230469	0.0	0.0	84163.09375	8	13.170639	313
710.4383544921875	0.0	0.0	40655.0234375	73	13.215055	313
229360.78125	0.0	0.0	229360.78125	17	15.832533	313
2518.43359375	0.0	0.0	58062.4609375	7	13.143263	313
7769.4267578125	0.0	0.0	60941.01171875	23	13.19997	313
51092.78515625	0.0	0.0	60849.05078125	21	13.709778	313
163979.328125	304190.109375	0.0	213004.109375	12	16.309937	313
61850.859375	0.0	0.0	61850.859375	53	13.249135	313
239.07142639160156	0.0	0.0	4318.47607421875	29	13.222597	313
11700.9599609375	0.0	0.0	61615.5078125	75	13.25137	313
2002.9453125	0.0	85330.9296875	23602.318359375	15	13.194384	313
198.39169311523438	0.0	0.0	84108.5625	8	13.139071	313
71037.0546875	0.0	0.0	71037.0546875	20	13.197456	313
112548.8125	103589.1171875	0.0	112548.8125	11	15.792587	313
26016.53515625	0.0	0.0	61117.4453125	63	13.189355	313
73359.9609375	0.0	0.0	155402.21875	27	13.160303	313
107730.1796875	47033.93359375	0.0	107730.1796875	11	15.817171	313
621577.25	0.0	0.0	621577.25	12	15.845664	313
10742.0517578125	0.0	0.0	61115.44921875	40	13.141307	313
1286.8865966796875	0.0	0.0	1286.8865966796875	3	46.786666	313
58316.4765625	0.0	0.0	58316.4765625	5	13.289641	313
61900.1484375	0.0	0.0	61900.1484375	124	13.321765	313
320798.8125	0.0	0.0	320798.8125	12	15.897343	313
4443.43212890625	0.0	0.0	63742.39453125	51	13.133206	313
61507.9453125	0.0	0.0	61507.9453125	61	13.169801	313
166378.4375	0.0	0.0	166378.4375	10	15.814096	313
40579.29296875	0.0	0.0	40579.29296875	9	13.136838	313
113273.015625	0.0	0.0	113273.015625	12	15.87695	313
169226.5625	0.0	0.0	169226.5625	10	15.904606	313
60731.71484375	0.0	0.0	60731.71484375	53	13.702235	313
61750.671875	0.0	0.0	61750.671875	62	13.215893	313
60862.9609375	0.0	0.0	60862.9609375	21	13.190193	313
375367.8125	0.0	0.0	375367.8125	5	15.704872	313
60678.64453125	0.0	0.0	60678.64453125	25	13.206396	313
42609.40625	0.0	0.0	45721.69140625	163	13.234329	313
61744.7578125	0.0	0.0	61744.7578125	56	13.171197	313
65339.12890625	0.0	0.0	141415.28125	13	13.132648	313
78786.5390625	0.0	0.0	78786.5390625	12	15.823594	313
179886.828125	167954.71484375	157273.71875	228708.53125	12	16.304909	313
60985.45703125	0.0	0.0	60985.45703125	23	13.177622	313
364.9363098144531	0.0	0.0	60604.69140625	25	13.193545	313
32226.2734375	0.0	0.0	61323.36328125	61	13.245225	313
31875.837890625	0.0	0.0	61062.19140625	56	13.170917	313
774.9769287109375	0.0	0.0	61753.1875	56	13.150246	313
137734.375	76954.8203125	0.0	137734.375	11	15.788117	313
40376.6953125	0.0	0.0	40376.6953125	121	13.175946	313
196812.140625	0.0	0.0	196812.140625	11	15.874435	313
101945.515625	0.0	0.0	101945.515625	11	19.175197	313
158841.78125	0.0	0.0	158841.78125	10	48.068588	313
123878.140625	0.0	0.0	123878.140625	11	15.928908	313
5753.80224609375	0.0	0.0	7388.8349609375	9	13.226509	313
77220.71875	0.0	0.0	77220.71875	13	15.965224	313
103370.484375	0.0	71938.703125	103370.484375	11	16.428381	313
50195.65625	82376.9609375	0.0	98941.140625	5	15.762138	313
73020.84375	3192.5625	0.0	73020.84375	8	15.750685	313
60795.73828125	0.0	0.0	60795.73828125	10	13.154716	313
60925.13671875	0.0	0.0	60925.13671875	106	13.20444	313
61771.5703125	0.0	0.0	61771.5703125	206	13.225671	313
1388400.75	0.0	0.0	1388400.75	11	15.784207	313
517.18896484375	0.0	0.0	2181.452880859375	49	13.223156	313
139432.890625	0.0	0.0	139432.890625	12	15.764652	313
76168.984375	6340.65625	0.0	76168.984375	7	16.220268	313
61703.359375	0.0	0.0	61703.359375	731	13.231816	313
40371.81640625	0.0	0.0	40371.81640625	105	13.199133	313
61435.03125	0.0	0.0	61435.03125	67	13.179299	313
143586.890625	0.0	0.0	143586.890625	11	15.787	313
1271.7750244140625	0.0	0.0	1271.7750244140625	3	13.179299	313
8.814746856689453	0.0	0.0	3420.927978515625	6	13.129296	313
155844.546875	0.0	0.0	155844.546875	11	15.800689	313
213353.75	0.0	0.0	213353.75	94	13.204719	313
168779.578125	0.0	0.0	168779.578125	11	15.833931	313
40276.484375	0.0	0.0	40276.484375	33	13.15723	313
60987.84765625	0.0	0.0	60987.84765625	23	13.199132	313
538107.5625	0.0	0.0	538107.5625	9	15.890079	313
61278.4140625	0.0	0.0	61278.4140625	667	13.211423	313
178465.8125	0.0	0.0	178465.8125	10	15.783927	313
60910.77734375	0.0	0.0	60910.77734375	25	13.188517	313
40379.60546875	0.0	0.0	40379.60546875	57	13.17846	313
195910.21875	0.0	0.0	195910.21875	10	51.971339	313
76168.984375	6340.65625	0.0	76168.984375	7	15.840076	313
66450.1328125	0.0	0.0	66450.1328125	41	13.330147	313
162838.375	0.0	0.0	162838.375	11	15.880022	313
157.60838317871094	0.0	0.0	84058.7734375	8	13.125944	313
61271.48046875	0.0	0.0	61271.48046875	33	13.211703	313
60965.24609375	0.0	0.0	60965.24609375	10	13.145219	313
68787.8984375	0.0	0.0	68787.8984375	25	16.040089	313
60917.97265625	0.0	0.0	60917.97265625	23	13.189914	313
61454.01953125	0.0	0.0	61454.01953125	63	13.190472	313
103964.5546875	0.0	0.0	103964.5546875	10	15.737277	313
103322.953125	0.0	0.0	103322.953125	11	15.802923	313
70242.8359375	0.0	0.0	70242.8359375	29	13.225112	313
60604.69140625	0.0	0.0	60604.69140625	25	13.213658	313
61544.41015625	0.0	0.0	61544.41015625	61	13.243548	313
166445.84375	0.0	0.0	166445.84375	10	15.793426	313
192625.15625	0.0	0.0	192625.15625	10	15.816332	313
23478.798828125	0.0	0.0	57532.85546875	7	13.13181	313
60828.671875	0.0	0.0	60828.671875	21	13.192148	313
60896.84765625	0.0	0.0	60896.84765625	596	13.244108	313
61388.015625	0.0	0.0	61388.015625	61	13.184047	313
62173.3828125	0.0	0.0	62173.3828125	2365	13.374562	313
151906.5	0.0	0.0	151906.5	10	15.80432	313
200929.625	0.0	0.0	200929.625	11	15.760741	313
522.7669067382812	0.0	0.0	1888.5833740234375	29	13.154437	313
122201.671875	0.0	0.0	122201.671875	10	15.802084	313
7716.13525390625	12681.3125	71938.703125	76168.984375	7	15.787838	313
61469.08984375	0.0	0.0	61469.08984375	20	13.186841	313
322851.03125	0.0	0.0	322851.03125	10	15.845104	313
122324.71875	0.0	0.0	122324.71875	11	15.965782	313
162756.078125	0.0	0.0	162756.078125	11	21.044026	313
97846.96875	0.0	0.0	97846.96875	10	45.932699	313
49689.09765625	0.0	0.0	81887.140625	676	13.399703	313
61364.515625	0.0	0.0	61364.515625	62	13.342997	313
178902.5625	0.0	0.0	178902.5625	11	15.887566	313
61753.5	0.0	0.0	61753.5	433	13.261986	313
61564.015625	0.0	0.0	61564.015625	48	13.217569	313
1182.3294677734375	0.0	0.0	1182.3294677734375	2	15.729456	313
6440.93896484375	0.0	71938.703125	70232.046875	20	13.732405	313
40380.8359375	0.0	0.0	40380.8359375	73	13.26869	313
165296.796875	0.0	0.0	165296.796875	12	15.810466	313
138412.140625	0.0	0.0	138412.140625	11	15.807673	313
143667.71875	0.0	0.0	143667.71875	10	15.818008	313
181734.578125	0.0	0.0	181734.578125	11	15.850692	313
40371.86328125	0.0	0.0	40371.86328125	89	13.203043	313
64314.75	0.0	0.0	141447.546875	13	13.163934	313
1293499.875	0.0	0.0	1293499.875	10	15.880023	313
60653.56640625	0.0	0.0	60653.56640625	21	13.167845	313
294003.8125	0.0	0.0	294003.8125	12	15.82974	313
40372.77734375	0.0	0.0	40372.77734375	105	13.210585	313
156080.59375	0.0	0.0	156080.59375	10	15.802644	313
60868.3828125	0.0	0.0	60868.3828125	23	13.206954	313
7716.13525390625	19021.96875	157374.390625	76168.984375	7	15.850971	313
182763.59375	0.0	0.0	182763.59375	10	15.763255	313
153091.5	0.0	0.0	153091.5	11	15.801806	313
166930.125	0.0	0.0	166930.125	11	15.819963	313
103964.5546875	0.0	0.0	103964.5546875	10	15.824153	313
61581.67578125	0.0	0.0	61581.67578125	30	13.19578	313
61371.90625	0.0	0.0	61371.90625	64	13.214217	313
538107.5625	0.0	0.0	538107.5625	9	15.879184	313
1335243.0	0.0	0.0	1335243.0	11	15.827785	313
61662.27734375	0.0	0.0	61662.27734375	109	13.232933	313
60985.45703125	0.0	0.0	60985.45703125	23	49.634323	313
148375.84375	0.0	0.0	148375.84375	10	16.023049	313
146320.640625	0.0	0.0	146320.640625	11	15.987851	313
40608.63671875	0.0	0.0	40608.63671875	25	13.256679	313
42467.59765625	69692.3515625	0.0	92622.921875	5	15.714649	313
44851.171875	0.0	0.0	44851.171875	64	13.192149	313
35295.66015625	28960.2734375	4461.29638671875	86714.7890625	5	16.289824	313
132033.59375	0.0	0.0	132033.59375	10	15.811304	313
61454.01953125	0.0	0.0	61454.01953125	63	13.244387	313
173353.8125	0.0	0.0	173353.8125	11	15.774151	313
61100.8203125	0.0	0.0	61100.8203125	462	13.711734	313
398.69915771484375	0.0	49493.7109375	49018.18359375	8	13.153599	313
139991.46875	0.0	0.0	139991.46875	11	15.821081	313
61494.21875	0.0	0.0	61494.21875	155	13.243549	313
61318.953125	0.0	0.0	61318.953125	57	13.20891	313
107532.171875	0.0	0.0	107532.171875	11	15.884771	313
40420.44140625	0.0	0.0	40420.44140625	33	13.184327	313
61639.40234375	0.0	0.0	61639.40234375	59	13.199691	313
104951.8125	0.0	0.0	104951.8125	11	15.77862	313
62676.65625	51794.55859375	146387.078125	112548.8125	11	16.322787	313
906.7766723632812	0.0	0.0	86477.2265625	31	13.14885	313
40432.9453125	0.0	0.0	40432.9453125	98	13.692738	313
192130.5625	131274.25390625	0.0	192130.5625	12	15.88952	313
61606.62109375	0.0	0.0	61606.62109375	62	13.2131	313
5650.6279296875	0.0	0.0	60900.578125	23	13.196897	313
60770.40234375	0.0	0.0	60770.40234375	21	13.207792	313
896.1815185546875	0.0	1822.6239013671875	2251.938720703125	5	13.14885	313
478865.5625	0.0	0.0	478865.5625	12	15.826667	313
33829.36328125	0.0	0.0	71037.0546875	20	13.201926	313
107046.8671875	46140.75	0.0	107046.8671875	11	15.833092	313
180508.25	0.0	0.0	180508.25	10	15.811024	313
61792.99609375	0.0	0.0	61792.99609375	67	17.002997	313
178831.59375	0.0	0.0	178831.59375	10	47.379156	313
40278.63671875	0.0	0.0	40278.63671875	41	13.314224	313
164468.890625	0.0	0.0	164468.890625	10	16.019137	313
144907.859375	0.0	0.0	144907.859375	11	15.973605	313
61056.09765625	0.0	0.0	61056.09765625	63	13.217849	313
157533.859375	0.0	0.0	157533.859375	11	15.835049	313
61753.15625	0.0	0.0	61753.15625	61	13.191031	313
1261.2021484375	0.0	0.0	1261.2021484375	3	13.144381	313
176361.0	0.0	0.0	176361.0	11	15.858234	313
366821.09375	0.0	0.0	366821.09375	12	15.772474	313
40579.29296875	0.0	0.0	40579.29296875	9	13.173712	313
122201.671875	0.0	0.0	122201.671875	10	15.818567	313
101234.390625	0.0	0.0	101234.390625	10	15.788397	313
60993.6875	0.0	0.0	60993.6875	64	13.197456	313
61639.40234375	0.0	0.0	61639.40234375	59	13.215615	313
167316.625	0.0	0.0	167316.625	10	15.814655	313
61389.1484375	0.0	0.0	61389.1484375	61	13.199971	313
16.166170120239258	1.546875	0.0	69836.0390625	20	15.88589	313
213755.40625	0.0	0.0	213755.40625	27	13.214776	313
71524.7890625	60065.79296875	0.0	117783.0625	5	15.73588	313
60970.375	0.0	0.0	60970.375	21	13.193545	313
23.731901168823242	0.0	0.0	3475.433349609375	21	13.172315	313
205128.25	0.0	0.0	205128.25	12	15.869128	313
151906.5	0.0	0.0	151906.5	10	15.78309	313
99699.703125	0.0	0.0	99699.703125	10	15.789514	313
61779.04296875	0.0	0.0	61779.04296875	505	13.288802	313
40377.37109375	0.0	0.0	40377.37109375	97	13.202484	313
40384.5703125	0.0	0.0	40384.5703125	25	13.180974	313
213667.5625	0.0	0.0	213667.5625	109	13.215055	313
41634.1015625	0.0	0.0	41634.1015625	161	13.269248	313
213147.296875	0.0	0.0	213147.296875	56	13.218406	313
61863.3671875	0.0	0.0	61863.3671875	47	13.253047	313
142396.125	0.0	0.0	142396.125	10	15.817728	313
129318.7109375	0.0	0.0	129318.7109375	11	55.898393	313
60925.13671875	0.0	0.0	60925.13671875	106	13.334058	313
208278.421875	0.0	0.0	208278.421875	10	16.226972	313
143297.359375	0.0	0.0	143297.359375	10	15.866335	313
60578.0078125	0.0	0.0	60578.0078125	63	13.469541	313
45796.01171875	0.0	0.0	45796.01171875	11	13.672067	313
163272.390625	0.0	0.0	163272.390625	11	16.125848	313
199045.140625	0.0	0.0	199045.140625	11	15.833371	313
1348674.125	0.0	0.0	1348674.125	10	16.057408	313
61195.0	0.0	0.0	61195.0	666	13.238799	313
61394.00390625	0.0	0.0	61394.00390625	61	13.503063	313
123991.6796875	0.0	0.0	123991.6796875	11	15.775547	313
169084.765625	0.0	0.0	169084.765625	10	16.03925	313
171368.21875	0.0	0.0	171368.21875	10	15.812979	313
1388400.75	0.0	0.0	1388400.75	11	16.164957	313
157279.59375	0.0	0.0	157279.59375	11	15.959358	313
60694.046875	0.0	0.0	60694.046875	23	13.210306	313
1364600.875	0.0	0.0	1364600.875	10	16.038413	313
26896.259765625	66352.59375	0.0	91990.875	21	16.106293	313
1378294.375	0.0	0.0	1378294.375	11	15.964385	313
2911.71484375	7145.5546875	0.0	72210.1171875	18	15.949021	313
166989.03125	0.0	0.0	166989.03125	10	16.727002	313
1607.1802978515625	2560.59228515625	0.0	3064.99951171875	5	15.860468	313
157076.71875	0.0	0.0	157076.71875	11	15.796498	313
179750.0625	0.0	0.0	179750.0625	11	16.069979	313
60816.609375	0.0	0.0	60816.609375	3	13.123149	313
164308.34375	0.0	0.0	164308.34375	11	16.145681	313
159619.15625	0.0	0.0	159619.15625	10	15.802084	313
7716.13525390625	19021.96875	0.0	76168.984375	7	15.974721	313
19116.4765625	47154.46875	0.0	85612.953125	20	16.576154	313
57820.46484375	0.0	0.0	141303.578125	13	13.667316	313
271.997314453125	407.856689453125	0.0	1987.5159912109375	5	16.071654	313
1335243.0	0.0	0.0	1335243.0	11	19.056474	313
115720.8984375	0.0	0.0	115720.8984375	11	48.850759	313
148375.84375	0.0	0.0	148375.84375	10	15.531399	313
72906.4765625	9234.5859375	0.0	72906.4765625	9	16.119703	313
292956.09375	0.0	0.0	292956.09375	9	15.890359	313
157279.59375	0.0	0.0	157279.59375	11	16.068582	313
78668.578125	0.0	0.0	78668.578125	13	15.790353	313
5740.486328125	0.0	47389.77734375	45571.66796875	6	14.019853	313
72906.4765625	0.0	0.0	72906.4765625	9	15.771356	313
695106.0625	0.0	0.0	695106.0625	5	15.960196	313
94384.0	0.0	0.0	94384.0	23	16.121099	313
184205.40625	0.0	0.0	184205.40625	11	15.812699	313
21986.9296875	0.0	0.0	23737.2578125	33	13.317016	313
6686.3017578125	0.0	0.0	131783.078125	25	13.289362	313
73020.84375	0.0	0.0	73020.84375	8	15.764373	313
359204.75	0.0	0.0	359204.75	12	16.064113	313
1577.671630859375	2517.1591796875	0.0	3043.034912109375	5	15.835606	313
194968.875	0.0	0.0	194968.875	11	15.802643	313
90961.796875	0.0	0.0	90961.796875	24	16.226971	313
244454.59375	0.0	0.0	244454.59375	6	15.683082	313
169226.5625	0.0	0.0	169226.5625	10	16.002656	313
76168.984375	0.0	0.0	76168.984375	6	15.88114	313
76930.6171875	0.0	0.0	76930.6171875	12	15.764093	313
167742.109375	0.0	0.0	167742.109375	11	15.944551	313
116336.3828125	0.0	0.0	116336.3828125	11	15.866334	313
21.837495803833008	0.0	0.0	57987.74609375	7	13.355846	313
214255.78125	0.0	0.0	214255.78125	67	13.207233	313
196808.234375	0.0	0.0	196808.234375	11	16.022209	313
123450.40625	0.0	0.0	123450.40625	11	15.732527	313
387123.90625	0.0	0.0	387123.90625	6	15.934495	313
145893.140625	0.0	0.0	145893.140625	11	15.804041	313
70561.734375	59090.28125	0.0	116858.9609375	5	16.010758	313
76168.984375	0.0	0.0	76168.984375	7	16.475312	313
242706.109375	0.0	0.0	242706.109375	12	15.832534	313
76930.6171875	0.0	0.0	76930.6171875	12	16.030033	313
157076.71875	0.0	0.0	157076.71875	11	51.778033	313
81119.7578125	0.0	0.0	81119.7578125	23	16.160766	313
213088.71875	0.0	0.0	213088.71875	60	13.300535	313
157636.515625	0.0	0.0	157636.515625	10	16.21496	313
79944.875	0.0	0.0	79944.875	20	16.010756	313
137714.0625	0.0	0.0	137714.0625	11	15.9074	313
144180.59375	0.0	0.0	144180.59375	11	15.778619	313
171368.21875	0.0	0.0	171368.21875	10	16.037016	313
84233.03125	0.0	0.0	84233.03125	15	16.001818	313
76168.984375	0.0	0.0	76168.984375	7	15.716605	313
73020.84375	0.0	0.0	73020.84375	9	15.9493	313
73020.84375	0.0	0.0	73020.84375	7	15.695095	313
72906.4765625	0.0	0.0	72906.4765625	9	16.043441	313
7716.13525390625	6340.65625	71938.703125	76168.984375	6	15.750964	313
29367.783203125	23828.78515625	0.0	81522.140625	5	16.482574	313
78668.578125	8840.203125	0.0	78668.578125	12	15.998186	313
448836.25	0.0	0.0	448836.25	6	15.755433	313
60816.609375	0.0	0.0	60816.609375	3	13.360874	313
1313799.0	0.0	0.0	1313799.0	11	15.799012	313
77220.71875	0.0	0.0	77220.71875	13	16.103779	313
70831.3046875	0.0	0.0	70831.3046875	14	13.668435	313
131518.75	0.0	0.0	131518.75	10	16.061877	313
76930.6171875	0.0	0.0	76930.6171875	11	15.828343	313
174692.0	0.0	0.0	174692.0	11	16.019695	313
8642.041015625	7102.2734375	71938.703125	76930.6171875	11	15.881699	313
20800.8828125	16743.2890625	0.0	62132.8359375	6	15.797057	313
150215.921875	0.0	0.0	150215.921875	10	16.018859	313
112174.46875	0.0	0.0	112174.46875	11	15.78281	313
76679.2109375	6841.640625	0.0	76679.2109375	21	16.180321	313
106815.4609375	36833.109375	0.0	106815.4609375	11	15.921088	313
76168.984375	6340.65625	0.0	76168.984375	6	15.688391	313
213580.46875	0.0	0.0	213580.46875	11	16.04819	313
15.659419059753418	0.0	0.0	3454.3876953125	26	13.137118	313
179051.4375	0.0	0.0	179051.4375	11	16.072772	313
169786.40625	0.0	0.0	169786.40625	11	19.774396	313
73020.84375	3192.5625	0.0	73020.84375	7	53.537637	313
8642.041015625	7102.2734375	0.0	76930.6171875	10	16.076683	313
98344.3359375	28511.6640625	0.0	98344.3359375	9	16.464415	313
212729.3125	0.0	0.0	212729.3125	10	16.208256	313
591.335693359375	0.0	0.0	49019.9140625	8	13.153319	313
144819.5	0.0	0.0	144819.5	12	16.61191	313
92202.8125	22374.2109375	0.0	92202.8125	8	15.702357	313
73020.84375	3192.5625	0.0	73020.84375	9	16.128921	313
27367.548828125	45010.484375	176975.75	92345.03125	12	16.537605	313
103370.484375	0.0	0.0	103370.484375	11	15.796498	313
169084.765625	0.0	0.0	169084.765625	10	16.021372	313
61788.4765625	0.0	0.0	61788.4765625	61	13.187399	313
115295.21875	90836.421875	0.0	115295.21875	11	16.047072	313
72906.4765625	6156.390625	0.0	72906.4765625	9	15.79538	313
60979.99609375	0.0	0.0	60979.99609375	23	13.447751	313
611057.3125	0.0	0.0	611057.3125	5	15.713531	313
61570.6796875	0.0	0.0	61570.6796875	70	13.441605	313
116631.921875	0.0	0.0	116631.921875	10	15.802364	313
289220.3125	0.0	0.0	289220.3125	10	16.06495	313
284717.21875	0.0	0.0	284717.21875	12	15.767446	313
130438.8984375	0.0	0.0	130438.8984375	11	16.065789	313
78668.578125	0.0	0.0	78668.578125	14	15.893711	313
76168.984375	0.0	0.0	76168.984375	7	15.772195	313
77220.71875	0.0	0.0	77220.71875	11	16.621689	313
349140.09375	0.0	0.0	349140.09375	15	16.068583	313
230.16769409179688	0.0	0.0	84162.09375	8	13.123709	313
57.73512649536133	0.0	0.0	57978.98046875	7	13.392999	313
86000.9375	0.0	0.0	86000.9375	12	15.927513	313
359423.875	0.0	0.0	359423.875	12	15.824991	313
70278.25	0.0	0.0	70278.25	6	16.007685	313
258632.109375	0.0	0.0	258632.109375	12	15.909075	313
73020.84375	0.0	0.0	73020.84375	9	15.742863	313
116631.0	0.0	0.0	116631.0	11	16.165795	313
118923.984375	0.0	0.0	118923.984375	10	15.79566	313
116607.53125	0.0	0.0	116607.53125	11	16.034223	313
1352648.875	0.0	0.0	1352648.875	10	43.814415	313
77220.71875	0.0	0.0	77220.71875	13	15.954328	313
125848.953125	0.0	71938.703125	125848.953125	11	16.814437	313
186100.78125	0.0	0.0	186100.78125	11	15.977794	313
1333865.75	0.0	0.0	1333865.75	11	16.076404	313
186931.296875	0.0	0.0	186931.296875	11	15.794822	313
104090.78125	34258.0234375	0.0	104090.78125	8	16.005448	313
157636.515625	0.0	0.0	157636.515625	10	15.94511	313
91342.3828125	21301.671875	0.0	91342.3828125	21	15.97472	313
76168.984375	6340.65625	0.0	76168.984375	7	15.990643	313
138704.9375	0.0	0.0	138704.9375	12	15.785044	313
108.65350341796875	0.0	0.0	108.65350341796875	2	15.929746	313
57141.85546875	46501.09375	0.0	104197.671875	5	15.852367	313
78668.578125	8840.203125	0.0	78668.578125	13	15.787278	313
85416.6796875	0.0	0.0	85416.6796875	23	16.239264	313
22.72751808166504	7.56396484375	0.0	5299.8623046875	8	15.771357	313
72906.4765625	0.0	0.0	72906.4765625	9	16.591799	313
208469.375	0.0	0.0	208469.375	12	15.939245	313
64671.9453125	53278.75390625	0.0	111066.1171875	5	15.702917	313
77220.71875	0.0	0.0	77220.71875	12	16.659681	313
738.0513305664062	0.0	0.0	738.0513305664062	3	13.105272	313
132548.25	0.0	0.0	132548.25	10	16.071655	313
77220.71875	0.0	0.0	77220.71875	13	15.810744	313
1308428.25	0.0	71938.703125	1308428.25	11	16.694878	313
281872.125	0.0	0.0	281872.125	6	15.994835	313
77220.71875	0.0	0.0	77220.71875	12	15.987851	313
151906.5	0.0	0.0	151906.5	10	16.03506	313
133799.515625	0.0	0.0	133799.515625	11	16.081431	313
76930.6171875	0.0	0.0	76930.6171875	10	16.027239	313
88420.6875	0.0	0.0	88420.6875	20	16.124731	313
76930.6171875	0.0	0.0	76930.6171875	10	15.768004	313
212353.28125	0.0	0.0	212353.28125	24	13.429873	313
109429.390625	0.0	0.0	109429.390625	11	15.834769	313
76168.984375	0.0	0.0	76168.984375	7	16.635376	313
109429.390625	0.0	0.0	109429.390625	11	15.793983	313
131459.65625	0.0	0.0	131459.65625	11	16.171382	313
212729.3125	0.0	0.0	212729.3125	10	21.130344	313
166378.4375	0.0	0.0	166378.4375	10	55.768497	313
61454.43359375	0.0	0.0	61454.43359375	252	13.347464	313
40372.77734375	0.0	0.0	40372.77734375	105	13.594128	313
112333.6015625	0.0	0.0	112333.6015625	11	16.046793	313
70616.1640625	0.0	0.0	70616.1640625	12	13.156671	313
175048.34375	0.0	0.0	175048.34375	11	16.016902	313
8642.041015625	7102.2734375	71938.703125	76930.6171875	11	15.974722	313
144014.9375	0.0	0.0	144014.9375	11	16.320832	313
30.288959503173828	7.578125	0.0	45388.15234375	6	16.079757	313
76168.984375	6340.65625	0.0	76168.984375	7	15.713812	313
7719.751953125	12681.3125	71938.703125	76168.984375	7	15.9926	313
244454.59375	0.0	0.0	244454.59375	6	16.413576	313
197164.203125	0.0	0.0	197164.203125	11	15.785324	313
76168.984375	0.0	0.0	76168.984375	7	16.626717	313
76168.984375	0.0	0.0	76168.984375	7	15.978633	313
1120752.0	0.0	0.0	1120752.0	6	16.23563	313
162473.359375	0.0	0.0	162473.359375	11	16.041765	313
76930.6171875	0.0	0.0	76930.6171875	10	15.778061	313
186100.78125	0.0	0.0	186100.78125	11	16.108529	313
196117.6875	0.0	0.0	196117.6875	11	16.018858	313
145893.140625	0.0	0.0	145893.140625	11	15.783648	313
146703.03125	0.0	0.0	146703.03125	10	16.048748	313
135489.625	0.0	0.0	135489.625	10	15.90684	313
78668.578125	0.0	0.0	78668.578125	11	15.924439	313
209596.4375	0.0	0.0	209596.4375	7	15.903209	313
192934.359375	0.0	0.0	192934.359375	11	15.789234	313
90473.71875	0.0	0.0	90473.71875	20	16.143446	313
73020.84375	0.0	0.0	73020.84375	9	15.729454	313
212917.8125	0.0	0.0	212917.8125	14	13.403055	313
202228.0625	0.0	0.0	202228.0625	11	15.789234	313
76930.6171875	0.0	0.0	76930.6171875	10	16.59571	313
51111.09375	41565.76953125	0.0	99314.8671875	5	15.72722	313
165477.046875	0.0	0.0	165477.046875	10	16.037573	313
446905.0	0.0	0.0	446905.0	12	15.926673	313
1350135.125	0.0	0.0	1350135.125	11	15.766327	313
56669.0546875	46501.09375	0.0	104197.671875	5	15.936451	313
148984.046875	0.0	0.0	148984.046875	12	44.821181	313
191905.96875	0.0	0.0	191905.96875	11	15.935334	313
70902.90625	0.0	0.0	70902.90625	53	13.552786	313
287584.5	0.0	71938.703125	287584.5	16	16.70661	313
228658.734375	0.0	0.0	228658.734375	11	15.954609	313
96227.28125	26383.34375	0.0	96227.28125	14	15.784207	313
387123.90625	0.0	0.0	387123.90625	6	16.003774	313
119952.90625	0.0	0.0	119952.90625	9	15.752082	313
76168.984375	0.0	0.0	76168.984375	7	15.990365	313
205579.953125	0.0	0.0	205579.953125	11	15.989527	313
56073.3515625	45629.109375	0.0	103401.296875	5	15.707107	313
297028.1875	0.0	0.0	297028.1875	12	15.916896	313
78668.578125	0.0	0.0	78668.578125	12	16.258537	313
56745.15625	46563.5546875	0.0	104275.3359375	5	16.141212	313
873.4605102539062	0.0	0.0	2653.877685546875	37	13.157509	313
873.4605102539062	0.0	0.0	2653.877685546875	37	13.420375	313
70833.8671875	0.0	0.0	70833.8671875	21	13.172035	313
76168.984375	0.0	0.0	76168.984375	7	17.156358	313
70588.828125	0.0	0.0	70588.828125	313	13.243269	313
71037.0546875	0.0	71938.703125	71037.0546875	20	14.021249	313
60543.1953125	0.0	71938.703125	71385.890625	37	13.370651	313
32542.02734375	52953.703125	0.0	96312.046875	13	15.800967	313
78668.578125	17680.40625	0.0	78668.578125	9	16.010199	313
20.655824661254883	0.0	157374.390625	70245.3515625	14	13.161699	313
74909.609375	0.0	0.0	74878.03125	31	13.44356	313
71306.359375	0.0	0.0	71306.359375	19	13.176505	313
15139.951171875	0.0	0.0	16701.646484375	105	13.449148	313
12604.93359375	0.0	0.0	14268.857421875	37	13.360316	313
60543.1953125	0.0	0.0	71385.890625	37	13.163934	313
78913.203125	27224.953125	0.0	78913.203125	9	16.024165	313
9486.0771484375	0.0	157374.390625	70236.5078125	29	13.337687	313
19233.62890625	0.0	0.0	70657.8046875	60	13.210864	313
28574.65625	0.0	0.0	70746.1484375	58	13.463114	313
76930.6171875	28409.09375	0.0	76930.6171875	12	16.595429	313
12640.7373046875	0.0	0.0	71025.8671875	38	13.480156	313
407609.0625	0.0	0.0	407609.0625	6	16.139815	313
7746.3349609375	0.0	0.0	9281.4072265625	21	13.383501	313
97213.953125	0.0	0.0	97213.953125	9	19.111506	313
1224286.25	0.0	0.0	1224286.25	10	56.744259	313
185433.59375	0.0	0.0	185433.59375	5	15.986175	313
20021.39453125	0.0	0.0	21707.349609375	73	13.282098	313
70213.8671875	0.0	0.0	70213.8671875	29	13.605302	313
73020.84375	0.0	0.0	73020.84375	7	15.887287	313
119952.90625	0.0	0.0	119952.90625	9	15.857396	313
22795.951171875	0.0	0.0	24520.826171875	115	13.215334	313
76930.6171875	0.0	0.0	76930.6171875	12	16.624482	313
2524.017822265625	0.0	0.0	4122.6865234375	5	13.104713	313
70768.6953125	0.0	0.0	70768.6953125	6	13.367298	313
33829.36328125	0.0	143877.40625	71037.0546875	20	13.891353	313
72578.4140625	6156.390625	0.0	72578.4140625	8	15.764931	313
77220.71875	14784.734375	0.0	77220.71875	11	16.640684	313
72906.4765625	6156.390625	0.0	72906.4765625	9	15.77834	313
179293.40625	0.0	0.0	179293.40625	11	16.044279	313
78668.578125	17680.40625	0.0	78668.578125	13	15.997907	313
77220.71875	14784.734375	0.0	77220.71875	12	15.822197	313
1180399.875	0.0	0.0	1180399.875	6	16.522799	313
70892.2265625	0.0	0.0	70892.2265625	33	13.180136	313
70652.2734375	0.0	0.0	70652.2734375	43	13.476803	313
76930.6171875	0.0	0.0	76930.6171875	10	16.421116	313
76249.59375	0.0	0.0	76249.59375	17	13.36255	313
50.87468719482422	0.0	0.0	50.87468719482422	6	13.126781	313
1007.1104125976562	0.0	0.0	1007.1104125976562	5	15.841751	313
8642.041015625	7102.2734375	71938.703125	76930.6171875	11	15.904884	313
1577.671630859375	2517.1591796875	0.0	3043.034912109375	5	15.828903	313
60660.703125	0.0	0.0	60660.703125	65	13.246901	313
70245.328125	0.0	0.0	70245.328125	8	13.381267	313
4834.578125	0.0	157374.390625	70602.3515625	73	13.941357	313
33003.1328125	0.0	0.0	70912.2578125	49	13.203602	313
62092.30078125	0.0	0.0	62092.30078125	199	13.467026	313
14270.7255859375	0.0	71938.703125	70585.6484375	37	13.900573	313
8642.041015625	21306.8203125	0.0	76930.6171875	11	15.800409	313
8648.9609375	21306.8203125	0.0	76930.6171875	12	16.152666	313
70248.28125	0.0	0.0	70248.28125	14	13.674581	313
269892.21875	0.0	0.0	269892.21875	6	16.06495	313
72906.4765625	0.0	0.0	72906.4765625	9	16.01411	313
61861.03515625	0.0	0.0	61861.03515625	283	13.208631	313
70621.953125	0.0	0.0	70621.953125	89	42.065984	313
102177.1015625	0.0	0.0	102177.1015625	9	16.034502	313
76168.984375	0.0	0.0	76168.984375	7	15.88505	313
1950.4176025390625	0.0	0.0	84143.2109375	8	13.513118	313
497398.0625	0.0	0.0	497398.0625	8	15.753199	313
18343.154296875	0.0	0.0	19869.234375	25	13.374283	313
70248.28125	0.0	0.0	70248.28125	14	13.294948	313
76930.6171875	0.0	0.0	76930.6171875	12	16.31273	313
72906.4765625	0.0	0.0	72906.4765625	9	16.138139	313
76930.6171875	0.0	0.0	76930.6171875	11	15.891755	313
10754.86328125	17680.40625	229313.09375	78668.578125	12	16.292617	313
229054.71875	0.0	0.0	229054.71875	5	16.020254	313
72906.4765625	0.0	0.0	72906.4765625	9	16.449331	313
70583.8671875	0.0	0.0	70583.8671875	44	13.72989	313
77220.71875	0.0	0.0	77220.71875	12	16.725046	313
70194.1640625	0.0	0.0	70194.1640625	20	13.17846	313
212512.921875	0.0	0.0	212512.921875	20	13.410039	313
71385.890625	0.0	0.0	71385.890625	37	13.877386	313
1651.0126953125	0.0	71938.703125	70621.953125	89	13.209467	313
76930.6171875	7102.2734375	0.0	76930.6171875	10	16.065789	313
75231.0234375	0.0	71938.703125	76921.75	121	13.720672	313
8994.703125	14784.734375	0.0	77220.71875	12	16.203508	313
213734.40625	0.0	0.0	213734.40625	44	13.646087	313
85612.953125	31436.3125	0.0	85612.953125	20	16.245129	313
743.3372802734375	0.0	0.0	743.3372802734375	9	13.141307	313
7.9542717933654785	0.0	0.0	3508.567626953125	6	13.40529	313
71304.5546875	0.0	0.0	71304.5546875	47	13.903087	313
76168.984375	12681.3125	0.0	76168.984375	7	16.300161	313
44255.65234375	0.0	157374.390625	70600.3515625	39	13.532952	313
868.0888061523438	0.0	71938.703125	868.0888061523438	2	16.178644	313
1647.3165283203125	0.0	0.0	5355.33740234375	145	13.540216	313
39913.5859375	0.0	0.0	80094.546875	51	13.188238	313
15.368450164794922	0.0	176975.75	70245.296875	9	13.418978	313
51588.10546875	41955.91015625	0.0	99666.578125	5	15.883654	313
148.7466278076172	0.0	0.0	70238.859375	29	13.296624	313
51206.84375	210572.734375	0.0	112328.3984375	11	16.078359	313
3770.253662109375	15390.9765625	0.0	72906.4765625	9	16.333682	313
273687.53125	0.0	0.0	273687.53125	12	16.624202	313
5245.06396484375	0.0	0.0	6774.15234375	17	14.852306	313
70599.9453125	0.0	0.0	70599.9453125	20	19.159833	313
40372.30078125	0.0	0.0	40372.30078125	81	53.985707	313
173.75192260742188	0.0	0.0	84042.2265625	8	13.400541	313
78668.578125	0.0	0.0	78668.578125	11	16.76192	313
526492.625	0.0	0.0	526492.625	12	16.010477	313
70596.8984375	0.0	0.0	70596.8984375	11	13.33685	313
73873.1328125	0.0	0.0	73082.046875	52	13.189633	313
9214.58203125	7573.2109375	157374.390625	77412.890625	21	16.176689	313
38386.71484375	0.0	0.0	71306.359375	19	13.329027	313
50171.4296875	6340.65625	0.0	76168.984375	6	16.45799	313
78668.578125	8840.203125	0.0	78668.578125	13	15.821079	313
28452.74609375	0.0	0.0	70902.90625	53	13.461998	313
782.2316284179688	0.0	0.0	70585.453125	83	13.40557	313
5034.6025390625	0.0	0.0	5034.6025390625	9	13.146058	313
70573.46875	0.0	0.0	70573.46875	33	13.453618	313
15165.501953125	0.0	0.0	70607.1484375	207	13.337968	313
52253.28515625	14784.734375	157374.390625	77220.71875	12	15.960754	313
40802.8203125	0.0	0.0	40572.984375	9	13.645529	313
57249.40234375	0.0	0.0	70842.390625	19	13.550271	313
37795.58984375	0.0	0.0	70643.1796875	57	13.413671	313
12016.0849609375	0.0	0.0	45577.68359375	6	13.153878	313
7716.13525390625	19021.96875	71938.703125	76168.984375	7	16.644317	313
98691.5625	86569.59375	0.0	98691.5625	8	17.037077	313
61492.91015625	0.0	0.0	61492.91015625	22	13.395514	313
168779.578125	0.0	0.0	168779.578125	11	15.834769	313
163148.75	186468.84375	0.0	163148.75	12	16.086181	313
41993.5625	0.0	0.0	50829.27734375	53	13.386015	313
2433.009033203125	2052.2391357421875	0.0	3835.573974609375	5	15.873598	313
1180399.875	0.0	0.0	1180399.875	6	15.866893	313
77220.71875	0.0	0.0	77220.71875	13	16.304909	313
23603.962890625	0.0	0.0	25278.41796875	17	13.459484	313
81212.9140625	0.0	0.0	81212.9140625	7	15.850971	313
587.3281860351562	0.0	47389.77734375	45796.01171875	11	13.151643	313
70902.90625	0.0	0.0	70902.90625	53	14.101702	313
76930.6171875	0.0	0.0	76930.6171875	10	15.860747	313
8642.041015625	7102.2734375	71938.703125	76930.6171875	11	15.930025	313
8994.703125	14784.734375	71938.703125	77220.71875	13	15.886447	313
71037.0546875	0.0	0.0	71037.0546875	20	13.681005	313
8642.041015625	14204.546875	0.0	76930.6171875	12	16.181997	313
1602.68603515625	0.0	0.0	70573.6171875	44	13.958955	313
71037.0546875	0.0	0.0	71037.0546875	20	41.616793	313
78913.203125	18149.96875	0.0	78913.203125	9	16.077521	313
943.7221069335938	0.0	0.0	2203.612060546875	29	13.40948	313
5298.97314453125	0.0	0.0	7066.11279296875	17	13.254721	313
72906.4765625	6156.390625	0.0	72906.4765625	9	16.093724	313
18957.865234375	0.0	0.0	64604.5078125	31	13.317297	313
212245.515625	0.0	0.0	212245.515625	28	13.336292	313
44717.65625	0.0	0.0	70902.90625	53	13.206396	313
111850.421875	83971.171875	0.0	111850.421875	12	16.094283	313
72906.4765625	9234.5859375	71938.703125	72906.4765625	9	16.484529	313
2518.43359375	0.0	0.0	58062.4609375	7	13.284613	313
104267.703125	0.0	53931.125	245308.015625	145	14.033542	313
387123.90625	0.0	0.0	387123.90625	6	16.455757	313
70112.65625	0.0	0.0	70112.65625	29	13.227626	313
71037.0546875	0.0	0.0	71037.0546875	20	13.432387	313
70600.3515625	0.0	0.0	70600.3515625	39	13.890796	313
70245.296875	0.0	0.0	70245.296875	9	13.149408	313
60910.77734375	0.0	0.0	60910.77734375	25	13.437415	313
76168.984375	0.0	0.0	76168.984375	7	15.910472	313
76930.6171875	7102.2734375	71938.703125	76930.6171875	10	16.493747	313
741920.6875	0.0	0.0	741920.6875	5	15.684759	313
104778.171875	0.0	0.0	104778.171875	12	16.574758	313
76168.984375	0.0	0.0	76168.984375	7	15.883655	313
70238.4921875	0.0	0.0	70238.4921875	20	13.306959	313
726.7767333984375	0.0	0.0	2411.121826171875	97	13.166169	313
560543.5	0.0	0.0	560543.5	5	16.036736	313
81072.0234375	71517.58984375	0.0	116943.3046875	7	15.88952	313
33829.36328125	0.0	71938.703125	71037.0546875	20	13.325118	313
66421.9921875	54994.48828125	0.0	112722.015625	5	16.204344	313
73020.84375	3192.5625	0.0	73020.84375	7	16.117187	313
736.0159912109375	0.0	0.0	736.0159912109375	5	15.816331	313
80094.546875	0.0	0.0	80094.546875	51	13.380987	313
185433.59375	0.0	0.0	185433.59375	5	15.702636	313
73020.84375	0.0	0.0	73020.84375	8	16.031429	313
72906.4765625	0.0	0.0	72906.4765625	9	15.852647	313
76168.984375	0.0	0.0	76168.984375	7	15.878066	313
2628.08349609375	0.0	0.0	3763.16650390625	37	13.290478	313
155844.546875	0.0	0.0	155844.546875	11	16.288708	313
265591.4375	0.0	0.0	265591.4375	12	16.154063	313
88420.6875	0.0	0.0	88420.6875	20	17.043503	313
157768.03125	0.0	0.0	157768.03125	10	21.151855	313
57143.9140625	46890.80859375	0.0	104592.6640625	5	50.774899	313
70746.1484375	0.0	0.0	70746.1484375	58	13.437695	313
77220.71875	0.0	0.0	77220.71875	12	16.676999	313
81792.9609375	0.0	0.0	81792.9609375	23	15.981146	313
18.50714683532715	0.0	71938.703125	70245.3359375	13	13.390765	313
494417.0	0.0	0.0	494417.0	12	16.434525	313
32779.40234375	0.0	0.0	18933.37890625	6	13.20444	313
298147.6875	0.0	0.0	298147.6875	17	16.522241	313
77220.71875	0.0	0.0	77220.71875	12	16.480339	313
60804.35546875	0.0	0.0	60804.35546875	23	13.17036	313
213418.046875	0.0	0.0	213418.046875	79	14.015385	313
72632.3984375	0.0	0.0	72166.625	9	13.227626	313
78668.578125	0.0	0.0	78668.578125	13	16.44989	313
76168.984375	0.0	0.0	76168.984375	7	16.614705	313
70605.234375	0.0	0.0	70605.234375	46	13.647763	313
214147.046875	0.0	0.0	214147.046875	99	13.32372	313
71037.0546875	0.0	0.0	71037.0546875	20	13.17846	313
61096.91015625	0.0	0.0	61096.91015625	719	13.507252	313
213741.65625	0.0	0.0	213741.65625	70	13.33266	313
6540.06201171875	0.0	0.0	6540.06201171875	13	13.587144	313
15845.890625	0.0	71938.703125	70573.6796875	38	13.53351	313
52053.3203125	0.0	0.0	52053.3203125	10	13.304445	313
45735.61328125	0.0	0.0	45735.61328125	18	13.628208	313
23683.21484375	0.0	0.0	23683.21484375	33	13.498033	313
76031.203125	0.0	0.0	75886.640625	65	13.831852	313
264.7225646972656	0.0	0.0	264.7225646972656	5	13.128457	313
8994.703125	7392.3671875	0.0	77220.71875	13	15.806554	313
61483.54296875	0.0	0.0	61483.54296875	421	13.358638	313
43623.04296875	0.0	496473.3125	213353.75	95	13.413392	313
60543.1953125	0.0	0.0	71385.890625	37	13.175667	313
6270.12744140625	0.0	1822.6239013671875	8034.53076171875	9	13.988847	313
81639.71875	0.0	0.0	81639.71875	6	13.819562	313
70245.328125	0.0	0.0	70245.328125	8	13.163377	313
70242.28125	0.0	0.0	70242.28125	24	13.443003	313
98650.4140625	0.0	61893.35791015625	221597.96875	213	14.520443	313
213540.1875	0.0	0.0	213540.1875	85	13.222598	313
17590.41796875	0.0	71938.703125	72190.3125	12	14.106172	313
476.9024963378906	0.0	33787.0390625	33104.56640625	28	13.334336	313
52835.02734375	0.0	0.0	81599.375	13	13.18321	313
1226.943603515625	0.0	157374.390625	70242.28125	24	13.484905	313
39655.58984375	0.0	1822.6239013671875	61158.3359375	145	13.392719	313
24911.826171875	0.0	54392.50927734375	66363.046875	91	46.624923	313
18.50714683532715	0.0	0.0	70245.3359375	13	13.450823	313
88897.9375	0.0	0.0	259316.75	326	13.385457	313
33829.36328125	0.0	0.0	71037.0546875	20	13.585749	313
1780.3570556640625	0.0	0.0	212567.453125	19	13.331263	313
30.288959503173828	15.15625	47389.77734375	45388.15234375	6	16.049028	313
148.7466278076172	0.0	0.0	70238.859375	29	13.273159	313
212502.359375	0.0	0.0	212502.359375	20	13.528482	313
101.30587768554688	0.0	0.0	213376.625	43	13.390206	313
38308.81640625	0.0	0.0	235711.21875	1216	13.303608	313
19775.04296875	0.0	0.0	21531.046875	33	13.497475	313
44498.28515625	0.0	0.0	71385.890625	37	13.975995	313
32458.939453125	0.0	0.0	70573.4140625	17	13.224273	313
4272.88623046875	0.0	0.0	5970.806640625	9	13.462557	313
213368.359375	0.0	0.0	213368.359375	61	13.433783	313
51526.6484375	42280.8046875	0.0	100040.40625	5	16.041484	313
103452.5390625	0.0	0.0	103452.5390625	11	15.898738	313
2634.969970703125	0.0	496473.3125	213881.40625	160	13.429314	313
9609.8623046875	0.0	0.0	9609.8623046875	33	13.359757	313
15164.4619140625	0.0	0.0	70573.421875	18	13.223714	313
4362.93212890625	0.0	0.0	6146.41748046875	17	13.449148	313
12033.357421875	0.0	0.0	45806.15234375	11	13.984377	313
58475.21875	0.0	33787.0390625	124564.9296875	51	13.22567	313
2370.222412109375	0.0	0.0	87828.46875	1081	13.609214	313
61903.82421875	0.0	0.0	61903.82421875	28	14.015662	313
29549.376953125	0.0	0.0	74698.7578125	55	13.230978	313
73217.3046875	0.0	0.0	86155.78125	31	13.545523	313
10754.86328125	35360.8125	157374.390625	78668.578125	11	16.006846	313
10511.0751953125	8619.921875	0.0	66315.21875	5	15.964666	313
68908.921875	0.0	0.0	212917.8125	14	13.718438	313
2575.221923828125	0.0	0.0	70601.1796875	60	13.603068	313
15106.888671875	0.0	0.0	214072.6875	96	13.380429	313
5299.8623046875	0.0	0.0	5299.8623046875	8	16.027239	313
37.89590835571289	0.0	0.0	45592.5	16	13.198573	313
3700.1669921875	0.0	0.0	70563.640625	20	13.4011	313
20.655824661254883	0.0	0.0	70245.3515625	14	13.481832	313
23.243040084838867	0.0	0.0	70245.5546875	47	13.252767	313
2253.0810546875	0.0	0.0	2245.861083984375	5	13.994433	313
22473.998046875	0.0	0.0	70902.90625	53	13.389368	313
2137.070556640625	0.0	0.0	2137.070556640625	49	13.710057	313
11242.068359375	0.0	0.0	11242.068359375	37	14.417363	313
212591.546875	0.0	1822.6239013671875	212591.546875	18	19.318223	313
3640.75390625	0.0	0.0	70241.890625	29	42.317116	313
403.5573425292969	0.0	0.0	212902.5625	63	13.493284	313
5255.1494140625	0.0	0.0	5231.69580078125	9	13.317296	313
50.32080841064453	0.0	0.0	7761.87255859375	13	13.52932	313
100868.15625	0.0	0.0	132463.109375	37	13.373444	313
41534.75	0.0	0.0	62092.30078125	189	13.236564	313
66679.5234375	0.0	0.0	213147.296875	56	13.622063	313
70245.296875	0.0	0.0	70245.296875	9	13.330145	313
280.7943115234375	0.0	0.0	213561.484375	35	13.243547	313
24479.88671875	0.0	0.0	70743.5078125	12	13.488256	313
20191.416015625	0.0	178798.3739013672	76921.75	121	13.404172	313
626.4775390625	0.0	0.0	70624.0703125	49	13.762015	313
1224286.25	0.0	0.0	1224286.25	10	16.888464	313
116631.921875	0.0	0.0	116631.921875	10	16.059643	313
8095.62841796875	0.0	0.0	53690.8203125	37	13.365623	313
7329.6611328125	0.0	0.0	213219.546875	54	13.242152	313
16674.0625	0.0	0.0	70638.3359375	134	13.513399	313
590.777099609375	0.0	0.0	70068.890625	14	13.345789	313
56600.7734375	0.0	0.0	91575.125	11	13.702236	313
68818.4375	0.0	0.0	212827.328125	14	13.610052	313
7.778934478759766	0.0	0.0	1788.923583984375	6	13.363947	313
57237.43359375	0.0	0.0	91865.2578125	11	13.214496	313
7716.13525390625	38043.9375	71938.703125	76168.984375	7	16.070537	313
9428.7900390625	0.0	0.0	9281.4072265625	21	14.539438	313
73894.9375	0.0	0.0	119320.8046875	16	13.36674	313
76086.53125	0.0	0.0	213275.96875	61	13.251649	313
54768.72265625	0.0	0.0	81571.2421875	13	14.127961	313
50474.1875	0.0	0.0	70842.390625	19	14.018736	313
364250.6875	303197.78125	0.0	364250.6875	12	16.016345	313
198.39169311523438	0.0	0.0	84108.5625	8	13.184327	313
44109.484375	0.0	0.0	245210.84375	287	14.208412	313
60770.625	0.0	0.0	60770.625	21	13.979907	313
48008.5703125	0.0	0.0	52498.3984375	37	13.201646	313
1508.3111572265625	0.0	0.0	1508.3111572265625	17	13.481272	313
6136.41552734375	0.0	1822.6239013671875	7494.04052734375	41	13.431828	313
268092.75	451033.59375	0.0	437703.84375	12	15.912147	313
281.1787109375	0.0	0.0	70239.6953125	24	13.495799	313
4864.78125	0.0	1822.6239013671875	6540.06201171875	13	13.339364	313
56269.27734375	0.0	0.0	91655.28125	12	13.681564	313
49699.19140625	0.0	0.0	75777.640625	11	13.556976	313
4437.27197265625	0.0	0.0	71222.6796875	34	13.375679	313
50.32080841064453	0.0	0.0	7761.87255859375	13	13.148012	313
525.8604125976562	0.0	0.0	70573.3828125	24	46.964327	313
90.15911865234375	0.0	0.0	70132.1171875	29	13.490212	313
39665.83203125	0.0	0.0	32363.724609375	17	13.466746	313
44740.8828125	0.0	0.0	70712.828125	18	13.33238	313
403.5573425292969	0.0	0.0	212902.5625	63	13.646647	313
22473.998046875	0.0	0.0	70902.90625	53	13.232096	313
525.921630859375	0.0	0.0	71008.0625	29	13.407525	313
212839.09375	0.0	0.0	212839.09375	44	14.617097	313
41.20267105102539	0.0	0.0	70238.0859375	9	13.191031	313
35315.83203125	0.0	0.0	73354.1796875	53	14.07656	313
1041367.6875	0.0	0.0	1041367.6875	6	16.553807	313
72702.015625	0.0	0.0	72702.015625	6	15.943714	313
111.06521606445312	0.0	0.0	45722.1953125	18	13.152482	313
6786.07177734375	0.0	1822.6239013671875	8335.2216796875	53	13.980465	313
95299.125	0.0	0.0	100304.5	4	13.24299	313
131798.46875	0.0	0.0	214147.046875	99	13.219524	313
70891.8203125	0.0	0.0	70891.8203125	33	14.034938	313
70585.6484375	0.0	0.0	70585.6484375	37	13.327074	313
72906.4765625	3078.1953125	71938.703125	72906.4765625	9	16.254625	313
34937.96875	0.0	71938.703125	70902.90625	53	14.221262	313
68328.140625	0.0	0.0	212473.171875	20	13.318413	313
33829.36328125	0.0	0.0	71037.0546875	20	13.209468	313
16892.791015625	0.0	71938.703125	70593.7578125	46	13.476804	313
75286.2734375	0.0	0.0	246479.15625	948	14.050301	313
61715.91796875	0.0	0.0	61715.91796875	61	13.399983	313
70242.8359375	0.0	0.0	70242.8359375	29	13.244386	313
32550.560546875	0.0	0.0	32550.560546875	9	14.01259	313
92772.6171875	0.0	0.0	125708.3515625	505	14.014824	313
56658.82421875	0.0	0.0	213386.875	533	13.304167	313
7405.8828125	0.0	0.0	70143.1484375	20	13.452499	313
213887.3125	0.0	0.0	213887.3125	36	13.348583	313
23800.421875	0.0	0.0	79496.890625	45	13.236005	313
8664.9384765625	0.0	0.0	8664.9384765625	9	14.041362	313
313946.34375	0.0	1822.6239013671875	313946.34375	7	16.589563	313
104.86787414550781	0.0	0.0	45719.07421875	18	13.173991	313
79512.1796875	0.0	0.0	79512.1796875	21	13.464232	313
67536.6875	0.0	0.0	211545.578125	14	13.309195	313
16398.45703125	0.0	53931.125	220972.59375	111	13.241313	313
27959.365234375	0.0	0.0	17431.365234375	3	13.447471	313
41.792335510253906	0.0	0.0	6903.326171875	4	13.276232	313
70602.3515625	0.0	0.0	70602.3515625	73	13.731567	313
70245.328125	0.0	0.0	70245.328125	8	13.55949	313
26622.662109375	0.0	0.0	26622.662109375	41	15.246184	313
52239.484375	0.0	157374.390625	83267.75	21	18.56287	313
68648.4140625	0.0	0.0	212793.453125	20	42.002294	313
87667.7109375	0.0	500221.28125	213735.171875	25	13.547757	313
109429.390625	0.0	0.0	109429.390625	11	16.15937	313
60659.203125	0.0	0.0	60659.203125	21	13.432667	313
8695.947265625	0.0	0.0	45789.11328125	11	13.18684	313
54223.484375	0.0	0.0	70599.9453125	20	13.475965	313
49017.390625	0.0	0.0	49017.390625	9	13.320928	313
9789.98828125	0.0	496473.3125	213699.359375	44	13.201925	313
43089.9296875	0.0	33787.0390625	244864.203125	106	13.50362	313
1705.0101318359375	0.0	0.0	7796.37353515625	12	13.362551	313
70487.859375	0.0	33787.0390625	253431.46875	2215	13.462835	313
7413.18310546875	0.0	0.0	213480.25	36	13.209188	313
3661.594970703125	0.0	0.0	3661.594970703125	21	13.480714	313
25727.248046875	0.0	71938.703125	71851.5703125	58	13.351096	313
3967.527099609375	0.0	0.0	72564.8515625	442	13.289641	313
3222.207763671875	0.0	1822.6239013671875	4403.45361328125	6	13.504178	313
33829.36328125	0.0	0.0	71037.0546875	20	13.427079	313
640498.8125	0.0	0.0	640498.8125	6	16.549616	313
33549.2421875	0.0	0.0	33306.375	5	13.13991	313
572.92724609375	0.0	0.0	213017.921875	85	13.464232	313
42731.01171875	0.0	0.0	95570.171875	361	13.41395	313
414.8956604003906	0.0	0.0	212844.625	19	13.206674	313
64055.703125	0.0	0.0	246476.71875	982	13.530437	313
40377.37109375	0.0	0.0	40377.37109375	97	13.439929	313
70714.921875	0.0	0.0	70714.921875	60	13.236006	313
987.0867309570312	0.0	1822.6239013671875	2743.328857421875	25	14.073767	313
14663.380859375	0.0	0.0	57480.1796875	91	13.384897	313
61827.46875	0.0	0.0	61827.46875	92	13.276232	313
691.9586791992188	0.0	0.0	82925.046875	631	13.565634	313
1483.6412353515625	0.0	0.0	3240.017333984375	49	13.341877	313
147.26011657714844	0.0	0.0	32554.162109375	15	13.214218	313
70652.2734375	0.0	0.0	70652.2734375	43	13.553066	313
19528.05078125	0.0	71938.703125	70215.96875	58	13.972643	313
70619.953125	0.0	0.0	72034.4375	45	13.215056	313
70807.34375	0.0	0.0	213780.015625	30	13.479597	313
32131.525390625	26363.51171875	0.0	84124.8828125	5	15.975839	313
5228.52978515625	0.0	0.0	6995.92333984375	9	13.313386	313
5550.36474609375	0.0	0.0	50871.40625	15	13.204999	313
8642.041015625	14204.546875	71938.703125	76930.6171875	11	16.174734	313
40403.66015625	0.0	0.0	40403.66015625	33	13.33685	313
