421141.3125	0.0	0.0	421141.3125	12	65.926662	313
213516.703125	0.0	0.0	213516.703125	274	18.020936	313
446905.0	0.0	0.0	446905.0	12	30.8815	313
40822.29296875	0.0	0.0	40822.29296875	289	24.700953	313
212887.375	0.0	0.0	212887.375	20	24.536418	313
213277.390625	0.0	0.0	213277.390625	116	15.66297	313
2255.998046875	0.0	7962.23291015625	7740.94873046875	8	24.526082	313
454148.9375	0.0	0.0	454148.9375	12	20.050669	313
45755.9375	0.0	0.0	45755.9375	11	24.621618	313
212949.75	0.0	0.0	212949.75	20	24.801797	313
213662.390625	0.0	0.0	213662.390625	101	15.815493	313
40379.7734375	0.0	0.0	40379.7734375	161	24.677768	313
1030.0689697265625	825.7421875	47389.77734375	46208.46484375	6	19.885576	313
7509.89453125	0.0	496473.3125	213750.046875	42	24.29674	313
212639.96875	0.0	0.0	212639.96875	18	15.588943	313
73107.9921875	0.0	0.0	73107.9921875	6	28.712933	313
436174.125	392736.15625	0.0	605225.0	9	20.109612	313
10238.4599609375	0.0	0.0	53817.6875	91	33.046997	313
639229.0625	0.0	0.0	639229.0625	5	18.595553	313
233984.71875	0.0	0.0	233984.71875	16	28.652034	313
213903.484375	0.0	0.0	213903.484375	97	15.90712	313
635197.5625	0.0	0.0	635197.5625	12	18.591641	313
68787.8984375	0.0	0.0	68787.8984375	25	28.203683	313
212949.75	0.0	0.0	212949.75	20	15.126345	313
19122.068359375	0.0	0.0	45711.17578125	11	24.585024	313
138394.078125	0.0	0.0	138394.078125	7	17.629291	313
213755.40625	0.0	0.0	213755.40625	27	25.124443	313
213279.21875	0.0	0.0	213279.21875	88	14.890296	313
59350.59765625	0.0	0.0	59350.59765625	11	15.322447	313
619724.75	0.0	0.0	619724.75	5	27.180994	313
48881.15625	0.0	0.0	56638.0234375	91	15.148692	313
570.2785034179688	0.0	7002.73193359375	6906.83251953125	4	14.891414	313
229360.78125	0.0	0.0	229360.78125	17	27.427656	313
123088.9921875	0.0	0.0	123088.9921875	6	17.542694	313
229360.78125	0.0	0.0	229360.78125	17	17.905845	313
212358.28125	0.0	0.0	212358.28125	14	24.162654	313
78668.578125	0.0	0.0	78668.578125	13	17.513364	313
304733.5625	0.0	0.0	304733.5625	17	17.47621	313
70585.6484375	0.0	0.0	70585.6484375	37	23.783021	313
67402.1875	0.0	0.0	67402.1875	5	17.413637	313
291666.53125	0.0	0.0	291666.53125	16	17.565881	313
492288.15625	0.0	0.0	492288.15625	5	25.121371	313
246070.34375	0.0	0.0	246070.34375	11	17.457773	313
593214.625	0.0	0.0	593214.625	9	17.450511	313
589609.0	0.0	0.0	589609.0	12	26.494918	313
454148.9375	0.0	0.0	454148.9375	12	17.530124	313
98611.890625	0.0	33787.0390625	124903.984375	301	14.838338	313
60629.23828125	0.0	0.0	60629.23828125	21	24.175503	313
153503.765625	0.0	0.0	153503.765625	6	17.469506	313
212372.28125	0.0	0.0	212372.28125	19	14.792525	313
263131.125	0.0	0.0	263131.125	16	17.601636	313
40605.44140625	0.0	0.0	40605.44140625	217	23.760393	313
227110.671875	0.0	0.0	227110.671875	6	17.426486	313
567827.0	0.0	0.0	567827.0	9	17.482914	313
30.838071823120117	0.0	0.0	32512.603515625	9	14.890576	313
94700.7421875	0.0	0.0	91865.2578125	11	24.866606	313
231817.359375	0.0	47389.77734375	258425.0625	91	14.862641	313
19149.962890625	0.0	0.0	68984.1171875	241	15.081929	313
23841.388671875	0.0	0.0	45731.18359375	11	24.729166	313
561425.0	0.0	0.0	561425.0	12	17.48012	313
342617.8125	0.0	0.0	342617.8125	11	17.391287	313
61321.27734375	0.0	0.0	61321.27734375	18	14.776323	313
98650.4140625	0.0	53931.125	221597.96875	213	25.572796	313
147873.984375	0.0	0.0	147873.984375	10	17.54521	313
151497.21875	0.0	0.0	151497.21875	11	17.281784	313
185747.28125	0.0	0.0	185747.28125	12	17.437661	313
249126.65625	36564.515625	0.0	249126.65625	12	26.494361	313
173697.40625	0.0	0.0	173697.40625	10	17.281504	313
101086.8125	0.0	0.0	101086.8125	6	17.487663	313
60680.42578125	0.0	0.0	60680.42578125	23	14.729953	313
11973.6337890625	0.0	47389.77734375	45649.87109375	11	15.186684	313
280309.78125	0.0	0.0	280309.78125	16	27.376258	313
61719.70703125	0.0	0.0	61719.70703125	19	14.224894	313
2538.0	0.0	0.0	45734.40234375	13	14.066504	313
213534.46875	0.0	0.0	213534.46875	19	13.692458	313
46898.34375	0.0	0.0	92348.234375	26	23.997559	313
212602.859375	0.0	0.0	212602.859375	17	13.914818	313
313680.6875	0.0	0.0	313680.6875	16	16.60381	313
465323.8125	0.0	0.0	465323.8125	5	16.161324	313
61168.5078125	0.0	0.0	61168.5078125	5	25.44206	313
326868.0625	0.0	0.0	326868.0625	14	16.374187	313
326025.125	0.0	0.0	326025.125	14	16.521682	313
233984.71875	0.0	0.0	233984.71875	16	16.433967	313
105813.09375	0.0	53931.125	239887.65625	2322	13.850568	313
213553.5625	0.0	0.0	213553.5625	66	24.002866	313
212842.34375	0.0	0.0	212842.34375	19	13.852245	313
2306.13916015625	0.0	33787.0390625	32672.0703125	14	13.713688	313
301635.65625	0.0	0.0	301635.65625	16	16.503804	313
369787.21875	0.0	0.0	369787.21875	9	16.310775	313
660808.375	0.0	0.0	660808.375	5	25.702691	313
30.288959503173828	15.15625	0.0	45388.15234375	6	16.303513	313
678306.9375	0.0	0.0	678306.9375	5	16.134787	313
660837.1875	0.0	0.0	660837.1875	5	16.357706	313
624959.8125	0.0	0.0	624959.8125	12	16.196244	313
69396.9609375	59979.625	0.0	105522.125	7	31.717585	313
466086.71875	0.0	0.0	466086.71875	12	16.182834	313
179051.4375	0.0	0.0	179051.4375	11	16.418324	313
469147.8125	0.0	0.0	469147.8125	9	16.278372	313
213103.734375	0.0	0.0	213103.734375	63	13.541611	313
381.13623046875	0.0	0.0	32573.046875	7	24.300372	313
384270.75	0.0	0.0	384270.75	5	16.128641	313
58390.53125	0.0	0.0	107595.515625	883	13.947781	313
452284.78125	0.0	0.0	452284.78125	9	16.226134	313
213017.921875	0.0	0.0	213017.921875	85	13.551109	313
4318.47607421875	0.0	0.0	4318.47607421875	29	13.865095	313
84125.859375	0.0	0.0	84125.859375	8	21.187889	313
413263.84375	0.0	0.0	413263.84375	9	16.344855	313
213667.5625	0.0	0.0	213667.5625	114	13.625135	313
377033.53125	0.0	0.0	377033.53125	12	16.284796	313
132797.8125	0.0	0.0	132797.8125	6	15.988129	313
212328.109375	0.0	0.0	212328.109375	18	26.655542	313
617874.1875	0.0	0.0	617874.1875	9	16.072771	313
94531.765625	0.0	0.0	91538.390625	11	13.892471	313
70797.6640625	0.0	0.0	70797.6640625	44	13.504457	313
212695.75	0.0	0.0	212695.75	36	13.600554	313
633559.75	0.0	0.0	633559.75	9	15.815771	313
212904.5625	0.0	0.0	212904.5625	20	22.010565	313
416292.5625	0.0	0.0	416292.5625	9	16.138418	313
296.4874267578125	231.8359375	143447.0	57932.44921875	5	16.121938	313
212897.703125	0.0	0.0	212897.703125	20	13.373724	313
60708.0703125	0.0	47389.77734375	91914.9765625	11	13.601671	313
630438.25	0.0	0.0	630438.25	12	16.058805	313
1448.504638671875	0.0	0.0	52153.0	25	23.36037	313
212761.9375	0.0	0.0	212761.9375	20	13.540495	313
415971.6875	0.0	0.0	415971.6875	12	16.082828	313
31.844938278198242	0.0	0.0	7822.29248046875	9	13.549434	313
83041.140625	73462.8515625	0.0	118921.9921875	7	15.829181	313
641807.0	0.0	0.0	641807.0	12	16.145403	313
81405.671875	0.0	0.0	81405.671875	111	22.689937	313
213819.578125	0.0	0.0	213819.578125	147	13.490212	313
535379.4375	0.0	0.0	535379.4375	5	16.287031	313
634652.75	0.0	0.0	634652.75	12	16.007126	313
213103.734375	0.0	0.0	213103.734375	53	13.365902	313
433826.34375	0.0	0.0	433826.34375	12	16.13786	313
212793.453125	0.0	0.0	212793.453125	18	22.665074	313
538107.5625	0.0	0.0	538107.5625	9	15.900136	313
63883.8984375	0.0	0.0	63883.8984375	6	16.212165	313
213043.046875	0.0	0.0	213043.046875	63	13.412554	313
125.76739501953125	0.0	0.0	58040.79296875	7	13.594966	313
212328.109375	0.0	0.0	212328.109375	18	13.365902	313
212693.265625	0.0	0.0	212693.265625	19	13.60167	313
52425.2421875	19872.76953125	0.0	52425.2421875	7	25.005161	313
681062.625	0.0	0.0	681062.625	9	16.14652	313
212141.1875	0.0	0.0	212141.1875	18	13.443839	313
299525.25	0.0	0.0	299525.25	17	16.168588	313
57228.03515625	0.0	0.0	81639.71875	6	13.323162	313
10033.7880859375	8159.72265625	47389.77734375	53646.23046875	6	16.088135	313
20584.4765625	16568.9296875	0.0	61951.14453125	6	26.362506	313
213376.625	0.0	0.0	213376.625	43	13.503899	313
213305.828125	0.0	0.0	213305.828125	218	13.763133	313
23949.50390625	0.0	0.0	45806.15234375	11	13.399145	313
288889.53125	0.0	0.0	288889.53125	16	16.218592	313
8837.7216796875	0.0	0.0	61785.63671875	31	13.363388	313
141508.90625	36845.890625	496473.3125	249099.25	12	16.136184	313
73020.84375	0.0	0.0	73020.84375	9	25.271659	313
213543.6875	0.0	0.0	213543.6875	110	13.726261	313
11912.197265625	10438.599609375	0.0	17340.802734375	4	15.895107	313
110357.359375	0.0	0.0	110357.359375	7	16.139816	313
287584.5	75066.25	0.0	287584.5	16	16.167191	313
97175.078125	0.0	0.0	97175.078125	6	15.841473	313
497398.0625	0.0	0.0	497398.0625	8	16.011037	313
323361.34375	110932.71875	0.0	323361.34375	10	25.667772	313
315653.90625	272689.71875	0.0	484888.6875	12	16.053218	313
98585.125	0.0	0.0	98585.125	11	16.149033	313
213264.578125	0.0	0.0	213264.578125	36	13.377076	313
76389.4609375	0.0	0.0	245210.84375	287	13.643014	313
495623.25	0.0	0.0	495623.25	12	15.994834	313
156273.96875	0.0	0.0	156273.96875	11	15.903208	313
342617.8125	0.0	0.0	342617.8125	10	24.680282	313
213667.5625	0.0	0.0	213667.5625	109	13.522615	313
359424.46875	0.0	0.0	359424.46875	14	16.105735	313
45388.15234375	0.0	0.0	45388.15234375	6	15.82946	313
212604.359375	0.0	0.0	212604.359375	14	13.552505	313
619560.25	0.0	0.0	619560.25	9	15.89371	313
697760.1875	0.0	0.0	697760.1875	12	16.109366	313
2272454.75	0.0	0.0	2272454.75	2	15.842868	313
220908.28125	0.0	33787.0390625	252858.0625	925	22.838548	313
61432.5859375	0.0	0.0	61432.5859375	61	13.394953	313
1382.0032958984375	0.0	84604.3359375	84133.8359375	8	13.680167	313
213866.296875	0.0	0.0	213866.296875	119	13.4349	313
600163.5	0.0	0.0	600163.5	5	16.157415	313
213009.296875	0.0	0.0	213009.296875	114	13.381546	313
247918.671875	0.0	0.0	247918.671875	16	16.191775	313
560943.5	0.0	0.0	560943.5	5	25.609669	313
212693.265625	0.0	0.0	212693.265625	19	13.395234	313
212789.71875	0.0	0.0	212789.71875	53	13.751402	313
55182.80078125	0.0	0.0	55182.80078125	8	15.896783	313
9605.376953125	0.0	496473.3125	213226.015625	199	13.677654	313
14812.4091796875	0.0	0.0	213926.03125	86	13.365623	313
61507.9453125	0.0	0.0	61507.9453125	61	13.610051	313
212793.453125	0.0	0.0	212793.453125	18	13.49077	313
218512.3125	5968.5	0.0	218512.3125	17	26.10914	313
291047.15625	78283.1875	0.0	291047.15625	17	16.046234	313
5740.02880859375	0.0	53931.125	246334.03125	346	13.823473	313
71779.3828125	0.0	0.0	71779.3828125	6	16.036178	313
13501.3642578125	10986.4375	47389.77734375	56371.578125	6	15.990085	313
60987.95703125	0.0	0.0	60987.95703125	62	13.391602	313
220367.625	0.0	0.0	220367.625	12	16.019696	313
176573.0	143969.15625	0.0	356739.1875	15	15.88086	313
1702950.75	0.0	0.0	1702950.75	6	24.689501	313
61070.97265625	50113.68359375	0.0	107894.8125	5	15.79538	313
132676.515625	0.0	0.0	132676.515625	11	16.107131	313
292497.0	0.0	0.0	292497.0	12	15.841751	313
8504.9873046875	0.0	0.0	8504.9873046875	2	15.949859	313
485.53106689453125	0.0	496473.3125	212494.78125	19	13.358918	313
289283.90625	493058.96875	0.0	459214.6875	12	16.105175	313
49979.265625	0.0	0.0	49979.265625	9	15.919131	313
359018.375	297397.03125	0.0	361136.28125	10	27.347484	313
430171.15625	217590.625	0.0	430171.15625	5	15.796218	313
1490237.25	0.0	0.0	1490237.25	6	16.177527	313
29990.654296875	24606.53125	0.0	82391.53125	5	15.93282	313
1309.9559326171875	0.0	0.0	1309.9559326171875	3	13.247738	313
32865.19140625	26965.6171875	0.0	84747.234375	5	16.010758	313
30.287479400634766	7.578125	0.0	45388.15234375	6	15.942039	313
70541.140625	59090.28125	0.0	116858.9609375	5	15.778619	313
18529.55859375	15200.57421875	0.0	72984.265625	5	16.023049	313
469150.8125	0.0	0.0	469150.8125	9	24.161536	313
11777.4990234375	0.0	1822.6239013671875	13187.6904296875	81	13.52094	313
5328.412109375	4366.58984375	0.0	62146.8515625	5	15.805996	313
34097.53125	27674.90625	0.0	85464.0625	5	16.011875	313
252896.9375	0.0	0.0	252896.9375	6	15.743702	313
363306.25	0.0	0.0	363306.25	11	16.027238	313
1616215.125	0.0	0.0	1616215.125	6	15.910472	313
546368.8125	0.0	0.0	546368.8125	12	15.807671	313
617857.5	0.0	0.0	617857.5	9	25.31412	313
11832.94140625	9700.75	0.0	67402.1875	5	15.789793	313
17794.703125	14597.4921875	0.0	72279.3046875	5	16.068861	313
996687.25	0.0	0.0	996687.25	6	15.768283	313
1014833.0625	0.0	0.0	1014833.0625	6	16.037853	313
30.287479400634766	7.578125	0.0	45388.15234375	6	15.891197	313
44845.984375	36209.35546875	0.0	81626.5625	6	15.791748	313
60745.359375	49452.49609375	0.0	107141.9921875	5	15.967737	313
342617.8125	0.0	0.0	342617.8125	10	15.796218	313
65615.1015625	0.0	0.0	65615.1015625	6	24.843421	313
1234021.5	0.0	0.0	1234021.5	6	15.812979	313
185433.59375	0.0	0.0	185433.59375	5	16.025003	313
2272454.75	0.0	0.0	2272454.75	2	15.825829	313
71529.640625	0.0	0.0	71529.640625	12	13.293551	313
560543.5	0.0	0.0	560543.5	5	16.133948	313
11777.4990234375	0.0	0.0	13187.6904296875	81	13.291036	313
388603.28125	0.0	0.0	388603.28125	12	16.191215	313
249490.21875	0.0	0.0	249490.21875	17	16.105176	313
50105.75390625	41114.703125	0.0	98812.8125	5	25.711353	313
589852.375	0.0	0.0	589852.375	9	15.861865	313
5299.8623046875	0.0	0.0	5299.8623046875	8	16.100987	313
28346.583984375	23257.265625	0.0	80982.8671875	5	15.938965	313
680201.625	0.0	0.0	680201.625	12	15.821639	313
44845.984375	36209.35546875	0.0	81626.5625	6	16.023887	313
8502.3974609375	6913.52587890625	0.0	14675.8681640625	5	15.728895	313
3095.67529296875	0.0	0.0	57999.4453125	7	13.536584	313
49343.35546875	40122.0234375	0.0	97834.375	5	15.79119	313
98547.46875	0.0	0.0	98547.46875	10	24.348419	313
51214.609375	42024.71484375	0.0	99747.21875	5	15.830857	313
70068.890625	0.0	0.0	70068.890625	14	13.625416	313
473353.0625	0.0	0.0	473353.0625	12	15.857116	313
116943.3046875	0.0	0.0	116943.3046875	7	16.059922	313
49634.0	0.0	0.0	49634.0	8	15.800408	313
60745.359375	49452.49609375	0.0	107141.9921875	5	15.999025	313
83471.140625	0.0	0.0	83471.140625	6	15.968017	313
26316.11328125	21590.88671875	0.0	79368.2109375	5	15.764093	313
61336.75	0.0	0.0	61336.75	78	22.65865	313
438384.59375	0.0	0.0	438384.59375	12	15.964943	313
42771.8203125	35095.84375	0.0	92823.265625	5	16.095398	313
295059.125	0.0	0.0	295059.125	6	15.837561	313
472466.3125	0.0	0.0	472466.3125	12	16.170543	313
605225.0	0.0	0.0	605225.0	9	15.761858	313
113607.859375	0.0	53931.125	246217.515625	1376	13.743578	313
1384009.375	0.0	0.0	1384009.375	10	15.795101	313
8713.7626953125	7279.318359375	0.0	14196.54296875	4	16.042882	313
495617.75	0.0	0.0	495617.75	12	24.255954	313
54206.5625	0.0	0.0	54206.5625	6	16.061598	313
1168349.75	0.0	0.0	1168349.75	6	15.972208	313
49223.33203125	0.0	33787.0390625	81683.6875	155	13.417582	313
19511.423828125	16006.37890625	0.0	73702.5234375	5	16.045117	313
511540.34375	0.0	0.0	511540.34375	12	15.815773	313
372750.625	0.0	0.0	372750.625	9	16.130597	313
212190.828125	0.0	0.0	212190.828125	16	15.98869	313
1335243.0	0.0	0.0	1335243.0	11	16.075006	313
3595.83251953125	0.0	0.0	3595.83251953125	13	13.300256	313
326706.3125	0.0	0.0	326706.3125	11	33.334444	313
165993.078125	0.0	0.0	165993.078125	4	15.781972	313
50039.1875	0.0	0.0	50039.1875	9	16.136185	313
680201.625	0.0	0.0	680201.625	12	15.824712	313
2272454.75	0.0	0.0	2272454.75	2	15.913824	313
227935.140625	0.0	0.0	227935.140625	17	16.017182	313
1378560.25	0.0	0.0	1378560.25	6	15.700681	313
393977.0	0.0	0.0	393977.0	12	16.051262	313
316049.3125	0.0	0.0	316049.3125	10	15.783647	313
454691.53125	0.0	0.0	454691.53125	5	16.082828	313
535787.8125	0.0	0.0	535787.8125	9	24.108459	313
25248.76953125	20714.93359375	0.0	78482.265625	5	15.91913	313
15568.30859375	12559.6875	47389.77734375	57940.47265625	6	16.011316	313
266776.9375	0.0	0.0	266776.9375	15	15.800967	313
213561.484375	0.0	0.0	213561.484375	35	13.664244	313
212431.03125	0.0	0.0	212431.03125	360	13.341598	313
40814.8828125	33489.81640625	0.0	91218.9375	5	16.016902	313
59945.3125	14508.76171875	0.0	59945.3125	8	15.785044	313
246070.34375	0.0	0.0	246070.34375	11	16.155737	313
1258.03955078125	945.2734375	49397.23828125	49944.51953125	9	15.807672	313
110357.359375	0.0	0.0	110357.359375	7	25.184502	313
2222.6865234375	1793.527587890625	2427.0078125	4127.4580078125	6	15.869687	313
526492.625	0.0	0.0	526492.625	12	16.217754	313
23468.556640625	19253.93359375	0.0	76964.390625	5	15.854044	313
1109.87841796875	832.54296875	0.0	49829.8515625	9	15.778899	313
440800.25	0.0	0.0	440800.25	12	16.016903	313
151504.15625	0.0	0.0	151504.15625	11	15.788118	313
45388.15234375	0.0	0.0	45388.15234375	6	16.04372	313
529318.0	0.0	0.0	529318.0	12	15.965782	313
525892.25	0.0	0.0	525892.25	9	15.775547	313
2222.6865234375	1793.527587890625	0.0	4127.4580078125	6	24.340877	313
24147.63671875	0.0	71938.703125	81405.671875	111	13.512279	313
299990.5	0.0	0.0	299990.5	16	16.094002	313
2272454.75	0.0	0.0	2272454.75	2	15.723868	313
40275.97265625	0.0	0.0	40275.97265625	25	13.54245	313
212190.828125	0.0	0.0	212190.828125	17	16.004053	313
4842.228515625	0.0	0.0	4842.228515625	4	15.830578	313
92204.953125	22374.0546875	0.0	92204.953125	8	15.722191	313
289220.3125	0.0	0.0	289220.3125	10	16.079476	313
71004.03125	59528.765625	0.0	117276.078125	5	15.778899	313
28415.283203125	22748.39453125	0.0	55246.36328125	6	16.827846	313
249099.25	0.0	0.0	249099.25	12	24.848448	313
472154.4375	0.0	0.0	472154.4375	12	15.85544	313
1131817.875	0.0	0.0	1131817.875	6	16.067743	313
339408.84375	0.0	0.0	339408.84375	14	15.857674	313
428839.0	0.0	0.0	428839.0	12	16.12473	313
61205.453125	0.0	0.0	61205.453125	66	13.30696	313
216588.984375	0.0	0.0	216588.984375	17	16.089812	313
310584.25	0.0	0.0	310584.25	16	15.97053	313
1682651.625	0.0	0.0	1682651.625	6	15.720794	313
1080736.5	0.0	0.0	1080736.5	6	16.011594	313
73873.1328125	0.0	0.0	73082.046875	52	22.2522	313
6891.3212890625	0.0	0.0	6891.3212890625	6	15.919412	313
288984.40625	0.0	0.0	288984.40625	16	15.884213	313
54482.34765625	44706.5	0.0	102419.2890625	5	16.006847	313
1015974.875	0.0	0.0	1015974.875	6	15.709342	313
650456.25	0.0	0.0	650456.25	9	16.034223	313
455715.8125	0.0	0.0	455715.8125	12	16.002377	313
261004.375	0.0	0.0	261004.375	17	15.814376	313
526577.125	0.0	0.0	526577.125	5	15.995952	313
50322.09765625	0.0	0.0	50322.09765625	193	13.344671	313
20800.8828125	16743.2890625	47389.77734375	62132.8359375	6	16.008523	313
50926.04296875	41787.890625	0.0	99556.046875	5	26.145176	313
83410.3125	71810.89453125	0.0	129529.484375	5	16.007964	313
30.288959503173828	7.578125	0.0	45388.15234375	6	16.037016	313
56745.15625	46563.5546875	0.0	104275.3359375	5	15.724147	313
81644.3359375	0.0	0.0	81644.3359375	6	13.417582	313
60910.77734375	0.0	0.0	60910.77734375	25	13.695811	313
60065.75	27516.279296875	0.0	60065.75	6	16.00936	313
58884.4921875	0.0	0.0	58884.4921875	2	13.423448	313
20800.8828125	16743.2890625	0.0	62132.8359375	6	15.779178	313
1469853.125	0.0	0.0	1469853.125	6	16.060481	313
81039.34375	69482.74609375	0.0	127231.9453125	5	15.883933	313
593214.625	0.0	0.0	593214.625	9	24.729726	313
361724.6875	0.0	0.0	361724.6875	8	15.919969	313
506515.125	0.0	0.0	506515.125	9	15.9493	313
61492.59375	50459.7109375	0.0	108169.6875	5	15.96662	313
454691.53125	0.0	0.0	454691.53125	5	15.7099	313
11579.65625	9496.89453125	0.0	67242.9609375	5	15.94483	313
22.72751808166504	7.56396484375	5444.5947265625	5299.8623046875	8	15.88505	313
35631.359375	28925.109375	0.0	86697.2734375	5	15.680568	313
2655.721923828125	2173.15234375	0.0	59944.78125	5	16.03869	313
84097.984375	0.0	0.0	84097.984375	8	13.265617	313
381317.1875	0.0	0.0	381317.1875	12	16.047073	313
372750.625	0.0	0.0	372750.625	9	26.31055	313
183331.828125	0.0	0.0	183331.828125	11	15.980868	313
103370.484375	0.0	0.0	103370.484375	11	16.125569	313
22468.974609375	18433.59765625	0.0	76163.5546875	5	15.823316	313
350751.5	0.0	0.0	350751.5	13	16.007127	313
2272454.75	0.0	0.0	2272454.75	2	15.666323	313
415358.40625	0.0	0.0	415358.40625	5	15.981426	313
569448.375	0.0	0.0	569448.375	9	15.750685	313
1558094.75	0.0	0.0	1558094.75	6	16.008244	313
249212.390625	0.0	0.0	249212.390625	6	15.927511	313
147540.78125	0.0	0.0	147540.78125	6	15.739511	313
4801.08984375	3929.796875	0.0	61706.00390625	5	15.99232	313
61741.96484375	0.0	0.0	61741.96484375	60	22.695245	313
22.72751808166504	7.56396484375	0.0	5299.8623046875	8	16.00126	313
65129.703125	0.0	0.0	65129.703125	6	15.83812	313
16116.6650390625	0.0	0.0	70174.3671875	73	13.650557	313
31679.361328125	25705.10546875	0.0	83402.171875	5	15.703196	313
192884.0625	0.0	0.0	192884.0625	6	15.989527	313
416292.5625	0.0	0.0	416292.5625	9	15.815773	313
394282.9375	0.0	0.0	394282.9375	9	16.038131	313
1115886.375	0.0	0.0	1115886.375	6	16.268594	313
118921.9921875	0.0	0.0	118921.9921875	7	15.783648	313
2849.04443359375	0.0	0.0	58058.37890625	7	13.523454	313
569044.0	0.0	0.0	569044.0	5	25.182546	313
346432.25	0.0	0.0	346432.25	13	15.985895	313
619724.75	0.0	0.0	619724.75	5	15.837282	313
1281.85888671875	963.39453125	0.0	49968.63671875	9	16.03478	313
229974.15625	0.0	0.0	229974.15625	17	15.848177	313
40444.859375	0.0	0.0	40444.859375	57	13.595247	313
202670.15625	0.0	0.0	202670.15625	11	15.762138	313
569044.0	0.0	0.0	569044.0	5	15.900137	313
57532.85546875	0.0	0.0	57532.85546875	7	13.255283	313
304858.6875	0.0	0.0	304858.6875	6	16.042323	313
42771.8203125	35095.84375	0.0	92823.265625	5	15.856838	313
84053.453125	0.0	0.0	84053.453125	8	13.320648	313
4894.6875	4010.63671875	0.0	61693.2890625	5	24.430827	313
136030.765625	123998.48828125	0.0	181682.125	5	15.942317	313
50535.4921875	41467.375	0.0	99151.9375	5	16.012992	313
1613.5615234375	0.0	0.0	58044.13671875	7	13.252488	313
56745.15625	46563.5546875	0.0	104275.3359375	5	15.909913	313
53788.6328125	44137.17578125	0.0	101921.7109375	5	15.905443	313
58315.56640625	0.0	0.0	58315.56640625	5	13.239917	313
58884.4921875	0.0	0.0	58884.4921875	2	13.518146	313
47487.953125	38966.30078125	0.0	96698.34375	5	15.694256	313
63725.3984375	0.0	85330.9296875	141341.453125	13	13.55977	313
61092.20703125	0.0	0.0	61092.20703125	12	13.274276	313
70983.2890625	59528.765625	0.0	117276.078125	5	16.015227	313
4894.6875	4010.63671875	0.0	61693.2890625	5	25.470274	313
82577.265625	0.0	0.0	75841.4453125	5	13.235726	313
160606.28125	0.0	0.0	160606.28125	11	16.08646	313
2051.10400390625	0.0	0.0	50827.35546875	33	13.279025	313
167742.109375	0.0	0.0	167742.109375	11	16.043161	313
15.215530395507812	0.0	0.0	48989.28125	9	13.234888	313
57532.85546875	0.0	0.0	57532.85546875	7	13.536863	313
15.299723625183105	0.0	0.0	58005.3671875	7	13.229022	313
2026.82861328125	0.0	0.0	3401.941650390625	106	13.584909	313
159.32334899902344	0.0	0.0	84064.3046875	8	13.402496	313
15.164551734924316	0.0	5444.5947265625	5495.076171875	8	13.256398	313
134.76290893554688	0.0	0.0	58032.765625	7	13.50362	313
146.2875213623047	0.0	0.0	58048.78515625	7	22.404723	313
213553.5625	0.0	0.0	213553.5625	66	13.392719	313
61758.23828125	0.0	0.0	61758.23828125	44	13.672067	313
10457.513671875	0.0	0.0	57713.48828125	9	13.466747	313
1221.3570556640625	917.36328125	0.0	49902.69921875	9	15.806834	313
80.57303619384766	0.0	0.0	57987.6640625	7	13.491051	313
303024.9375	0.0	0.0	303024.9375	17	15.806834	313
58243.28515625	0.0	0.0	58243.28515625	9	13.468982	313
1402.8675537109375	0.0	0.0	84060.6875	8	13.320928	313
61943.46484375	50829.73046875	0.0	108582.9296875	5	15.952654	313
1554778.875	0.0	0.0	1554778.875	6	15.728616	313
295059.125	0.0	0.0	295059.125	6	15.968577	313
57532.85546875	0.0	0.0	57532.85546875	7	13.299976	313
61870.4375	0.0	0.0	61870.4375	301	23.454789	313
115.604736328125	0.0	0.0	5595.5166015625	29	13.540774	313
190.0692596435547	0.0	0.0	59361.0	15	13.325676	313
531049.6875	0.0	0.0	531049.6875	12	16.023328	313
42771.8203125	35095.84375	0.0	92823.265625	5	15.711018	313
20983.916015625	17214.83203125	0.0	74912.1171875	5	15.921646	313
38.61463928222656	0.0	3598.217041015625	3409.509765625	29	13.249415	313
52721.8046875	42884.35546875	0.0	100579.96875	5	16.004053	313
61424.859375	0.0	0.0	61424.859375	61	13.35389	313
84082.5	0.0	0.0	84082.5	8	13.498591	313
70983.2890625	59528.765625	0.0	117276.078125	5	15.860748	313
139263.5625	0.0	0.0	139263.5625	11	15.929187	313
58315.56640625	0.0	0.0	58315.56640625	5	21.916146	313
4842.228515625	0.0	0.0	4842.228515625	4	15.767725	313
540.5344848632812	0.0	0.0	59378.1796875	5	13.613124	313
45275.41015625	37150.50390625	0.0	94849.1796875	5	15.738114	313
2050.431640625	0.0	0.0	58037.22265625	7	13.504737	313
57532.85546875	0.0	0.0	57532.85546875	7	13.247179	313
38.34988784790039	0.0	0.0	3413.507568359375	16	13.544963	313
68781.828125	57345.69921875	0.0	115029.546875	5	15.890078	313
1349816.375	0.0	0.0	1349816.375	6	15.935891	313
57532.85546875	0.0	0.0	57532.85546875	7	13.374282	313
23602.318359375	0.0	0.0	23602.318359375	15	13.472613	313
953978.3125	0.0	0.0	953978.3125	6	15.855441	313
141714.71875	0.0	0.0	141714.71875	7	13.270086	313
33225.72265625	26965.6171875	0.0	84747.234375	5	25.235904	313
15.163318634033203	7.56396484375	0.0	5299.8623046875	8	15.799571	313
25626.41796875	20795.796875	0.0	78479.1875	5	16.071097	313
6118.93212890625	5015.35546875	0.0	62783.625	5	15.726661	313
58588.12109375	0.0	85330.9296875	141652.125	7	13.479038	313
307.7642822265625	0.0	0.0	49044.94921875	9	13.244665	313
31.515127182006836	0.0	0.0	57995.609375	7	13.470378	313
329.1854553222656	0.0	0.0	70080.09375	20	13.377356	313
41882.84375	34366.2734375	0.0	92084.0234375	5	15.707386	313
66581.125	0.0	0.0	139514.171875	49	13.5891	313
72906.4765625	3078.1953125	0.0	72906.4765625	9	15.738952	313
54165.890625	44068.12890625	0.0	101768.21875	5	15.978911	313
57532.85546875	0.0	0.0	57532.85546875	7	13.274276	313
1241.6378173828125	0.0	0.0	1241.6378173828125	5	22.540487	313
261.5480041503906	0.0	0.0	3595.832763671875	13	13.286009	313
32502.48828125	0.0	0.0	32502.48828125	9	13.579044	313
2936.693359375	0.0	0.0	61764.78125	57	13.530996	313
7.599775791168213	0.0	0.0	5292.298828125	8	13.244107	313
6910.7744140625	0.0	0.0	6910.7744140625	4	13.456131	313
1435.422607421875	0.0	0.0	16879.4765625	99	13.417302	313
16547.44140625	0.0	0.0	49074.48828125	8	13.218965	313
40373.859375	0.0	0.0	40373.859375	121	13.565634	313
60715.30859375	0.0	0.0	60715.30859375	23	13.463115	313
250.2840576171875	0.0	2427.0078125	2343.891357421875	8	13.298859	313
7401.810546875	0.0	49493.7109375	54336.49609375	8	13.51619	313
472154.4375	0.0	0.0	472154.4375	12	16.042322	313
50535.4921875	41467.375	0.0	99151.9375	5	15.831416	313
57532.85546875	0.0	0.0	57532.85546875	7	23.155049	313
1103.212646484375	1654.9375	0.0	49838.67578125	9	15.8465	313
1865.318359375	0.0	0.0	64232.125	226	13.685754	313
15536.8388671875	12744.49609375	0.0	70432.203125	5	15.678335	313
132033.59375	0.0	0.0	132033.59375	10	16.00154	313
11579.65625	9496.89453125	0.0	67242.9609375	5	16.006288	313
64419.2578125	0.0	0.0	141450.0625	13	13.242151	313
610369.125	0.0	0.0	610369.125	9	15.94986	313
4504.9052734375	0.0	0.0	84103.8984375	8	13.41004	313
45.89139175415039	0.0	0.0	57958.12890625	7	13.321766	313
69836.0390625	0.515625	0.0	69836.0390625	20	16.175572	313
151582.453125	133103.671875	0.0	217187.171875	6	15.800409	313
300307.28125	0.0	0.0	300307.28125	6	16.012434	313
87492.0	75879.55859375	0.0	133574.140625	5	24.934488	313
22.72751808166504	7.56396484375	0.0	5299.8623046875	8	15.916896	313
2272454.75	0.0	0.0	2272454.75	2	15.948743	313
1554778.875	0.0	0.0	1554778.875	6	15.750964	313
1684.6302490234375	0.0	0.0	50662.6875	33	13.560048	313
189066.4375	0.0	0.0	189066.4375	10	15.869686	313
22468.974609375	18433.59765625	0.0	76163.5546875	5	15.840635	313
93287.15625	0.0	0.0	144531.28125	271	13.264499	313
3442.886474609375	0.0	0.0	3442.886474609375	25	13.574574	313
989.7535400390625	0.0	0.0	58063.5078125	7	13.43965	313
1234.33154296875	0.0	0.0	61761.9765625	36	13.251928	313
6477.041015625	0.0	85330.9296875	142157.8125	25	13.570384	313
46902.9921875	38486.23828125	0.0	96206.65625	5	15.869128	313
280308.28125	0.0	0.0	280308.28125	17	16.014109	313
8.020956993103027	0.0	3598.217041015625	3453.67529296875	6	22.819274	313
85175.96875	0.0	0.0	193757.546875	73	13.36227	313
132.2241973876953	0.0	0.0	58053.21875	7	13.585469	313
57532.85546875	0.0	0.0	57532.85546875	7	13.236285	313
2272454.75	0.0	0.0	2272454.75	2	15.956284	313
152872.15625	134377.09375	0.0	218470.09375	6	15.712414	313
1298.479248046875	1952.0859375	0.0	49981.25390625	9	16.057407	313
3383.20458984375	0.0	0.0	3383.20458984375	6	13.228463	313
44.37129592895508	0.0	0.0	58059.99609375	7	13.549154	313
91077.4921875	79403.97265625	0.0	137096.0	5	15.859072	313
299525.25	0.0	0.0	299525.25	17	16.061599	313
1163.033935546875	0.0	0.0	84109.8125	8	13.276232	313
130438.8984375	0.0	0.0	130438.8984375	11	16.069979	313
30.689016342163086	0.0	3598.217041015625	3401.941650390625	106	13.298859	313
57147.20703125	46893.51171875	0.0	104626.609375	5	24.548151	313
310584.25	0.0	0.0	310584.25	16	16.072214	313
30.067785263061523	0.0	0.0	58014.3984375	7	13.290479	313
3640.75390625	0.0	157374.390625	70241.890625	29	13.555021	313
212772.09375	0.0	0.0	212772.09375	24	13.287405	313
60829.45703125	0.0	0.0	60829.45703125	57	13.547757	313
16.167322158813477	1.03125	0.0	69836.0390625	24	16.050703	313
64671.9453125	53278.75390625	0.0	111066.1171875	5	15.936452	313
12121.013671875	19927.875	0.0	79944.875	20	15.910191	313
1546271.625	0.0	0.0	1546271.625	6	16.0007	313
50283.421875	40888.2734375	0.0	98641.296875	5	15.725823	313
864607.5625	0.0	0.0	864607.5625	6	15.974721	313
141377.8125	0.0	0.0	141377.8125	13	13.267852	313
15.163318634033203	7.56396484375	0.0	5299.8623046875	8	16.101544	313
108.49048614501953	0.0	0.0	57955.9921875	7	22.782121	313
65032.3359375	0.0	85330.9296875	143641.265625	91	13.30668	313
64419.2578125	0.0	0.0	141450.0625	13	13.579882	313
50926.04296875	41787.890625	0.0	99556.046875	5	15.744259	313
4894.6875	4010.63671875	0.0	61693.2890625	5	15.963268	313
33132.9296875	0.0	0.0	33070.8046875	33	13.206674	313
2272454.75	0.0	0.0	2272454.75	2	15.985057	313
89149.8359375	77517.796875	0.0	135265.140625	5	15.933378	313
7.599775791168213	0.0	0.0	5292.298828125	8	13.259471	313
57532.85546875	0.0	0.0	57532.85546875	7	13.406407	313
1052530.125	0.0	0.0	1052530.125	6	15.857396	313
46242.2890625	0.0	0.0	46242.2890625	43	13.272879	313
6107.7607421875	0.0	0.0	31347.90234375	6	13.568428	313
32541.62890625	0.0	0.0	31130.40625	5	13.412832	313
1098559.375	0.0	0.0	1098559.375	6	24.51044	313
1786.007080078125	0.0	0.0	3401.94140625	66	13.500548	313
30.82121467590332	0.0	3598.217041015625	3404.377685546875	71	13.334057	313
60217.8359375	49413.52734375	0.0	107186.78125	5	16.025843	313
21342.515625	17509.12890625	0.0	75226.734375	5	15.668557	313
6474.6220703125	0.0	0.0	8298.1552734375	11	13.524851	313
64671.9453125	53278.75390625	0.0	111066.1171875	5	15.84287	313
394282.9375	0.0	0.0	394282.9375	9	15.86019	313
11626.2548828125	9455.4296875	47389.77734375	54893.91796875	8	15.734762	313
587.3281860351562	0.0	0.0	45796.01171875	11	13.527925	313
80820.59375	0.0	0.0	80820.59375	33	13.227067	313
34097.53125	27674.90625	0.0	85464.0625	5	16.075845	313
230.16769409179688	0.0	85330.9296875	84162.09375	8	13.393836	313
64014.62890625	52627.27734375	0.0	110319.984375	5	15.698727	313
8856.953125	0.0	0.0	50665.41015625	31	13.732405	313
1280167.125	0.0	0.0	1280167.125	6	24.45876	313
3155.76318359375	0.0	0.0	58045.55859375	7	13.46507	313
29.398435592651367	0.0	0.0	57999.4375	7	13.282936	313
469991.5	0.0	0.0	469991.5	5	16.01383	313
54029.82421875	44335.125	0.0	102042.984375	5	15.657662	313
1098559.375	0.0	0.0	1098559.375	6	15.961033	313
4796.18115234375	3929.796875	0.0	61706.00390625	5	15.675261	313
72906.4765625	0.0	0.0	72906.4765625	9	16.008522	313
76930.6171875	0.0	0.0	76930.6171875	10	15.738393	313
136030.765625	123998.48828125	0.0	181682.125	5	16.011036	313
54029.82421875	44335.125	0.0	102042.984375	5	15.843428	313
58900.7734375	0.0	0.0	58900.7734375	5	13.256118	313
151598.0625	0.0	0.0	151598.0625	7	16.038691	313
141435.828125	0.0	0.0	141435.828125	13	13.209747	313
52723.34375	43262.921875	0.0	101037.859375	5	25.906613	313
120037.03125	0.0	0.0	120037.03125	11	15.880581	313
61406.203125	0.0	0.0	61406.203125	1444	13.73045	313
2272454.75	0.0	0.0	2272454.75	2	15.819405	313
4842.228515625	0.0	0.0	4842.228515625	4	15.825272	313
37366.9140625	30660.11328125	0.0	88381.0859375	5	15.688949	313
2272454.75	0.0	0.0	2272454.75	2	15.880583	313
57143.9140625	46890.80859375	0.0	104592.6640625	5	15.660176	313
300307.28125	0.0	0.0	300307.28125	6	16.021932	313
57532.85546875	0.0	0.0	57532.85546875	7	13.243548	313
60829.5234375	0.0	0.0	60829.5234375	337	13.545244	313
84437.7890625	0.0	0.0	142181.453125	25	13.241314	313
20.3066463470459	0.0	0.0	58031.18359375	7	13.498872	313
15.163318634033203	7.56396484375	0.0	5299.8623046875	8	15.914941	313
2272454.75	0.0	0.0	2272454.75	2	15.655149	313
61408.53515625	0.0	85330.9296875	144664.8125	37	24.000073	313
131.01490783691406	0.0	0.0	58052.34765625	7	13.237403	313
14578.013671875	11947.9453125	0.0	69684.625	5	16.122775	313
658.6840209960938	0.0	0.0	658.6840209960938	3	13.234888	313
60648.546875	0.0	0.0	60648.546875	21	13.520102	313
1174530.375	0.0	0.0	1174530.375	6	15.733924	313
263131.125	0.0	0.0	263131.125	16	16.165235	313
96552.296875	0.0	0.0	96552.296875	24	15.832812	313
61605.83203125	0.0	0.0	61605.83203125	57	13.507252	313
65857.421875	0.0	0.0	65857.421875	501	13.367299	313
2272454.75	0.0	0.0	2272454.75	2	15.9236	313
385.557861328125	0.0	0.0	49017.390625	9	13.244386	313
57532.85546875	0.0	0.0	57532.85546875	7	13.474288	313
2360.941162109375	0.0	0.0	2360.941162109375	12	13.44775	313
58464.04296875	0.0	2427.0078125	60587.8984375	34	13.231257	313
11969.939453125	0.0	157273.71875	61797.2734375	1855	22.97906	313
198.7631378173828	0.0	0.0	49044.87109375	8	13.284332	313
60654.390625	0.0	0.0	60654.390625	23	13.60195	313
124.94253540039062	0.0	0.0	58030.859375	7	13.272042	313
659013.25	0.0	0.0	659013.25	12	16.159369	313
23478.798828125	0.0	59579.2109375	57532.85546875	7	13.225391	313
62037.90625	0.0	4461.29638671875	65181.80859375	235	13.626254	313
12104.96484375	0.0	0.0	60917.9375	64	13.298021	313
41679.265625	0.0	0.0	45230.94140625	136	13.545802	313
25331.19140625	0.0	0.0	61605.83203125	57	13.466748	313
40814.8828125	66979.6328125	0.0	91218.9375	5	15.712974	313
54165.890625	44068.12890625	0.0	101768.21875	5	16.016903	313
40377.37109375	0.0	0.0	40377.37109375	97	13.315062	313
7392.423828125	0.0	174944.5625	60785.484375	21	13.582956	313
25637.443359375	0.0	0.0	61242.87890625	57	13.408642	313
61107.5078125	0.0	0.0	61107.5078125	56	13.27707	313
202.65875244140625	0.0	146387.078125	60979.99609375	23	23.453671	313
21320.88671875	0.0	0.0	61811.3125	283	13.34523	313
60889.66796875	0.0	0.0	60889.66796875	23	13.675418	313
142.48190307617188	0.0	0.0	58015.2578125	7	13.354449	313
22.72751808166504	7.56396484375	0.0	5299.8623046875	8	15.727499	313
15.299723625183105	0.0	0.0	58005.3671875	7	13.449148	313
84423.0859375	0.0	0.0	142063.671875	25	13.389368	313
27821.1171875	0.0	0.0	61640.29296875	61	13.266175	313
11816.365234375	0.0	0.0	61285.03515625	20	13.560886	313
40475.171875	0.0	0.0	44595.16015625	100	13.505855	313
23303.775390625	0.0	0.0	61707.86328125	52	13.283774	313
57532.85546875	0.0	0.0	57532.85546875	7	13.547478	313
40380.4140625	0.0	0.0	40380.4140625	89	13.296065	313
30.067785263061523	0.0	0.0	58014.3984375	7	13.507251	313
25873.73828125	0.0	0.0	60989.42578125	62	13.443282	313
1835.4547119140625	0.0	85330.9296875	84114.5078125	8	23.276844	313
51399.85546875	0.0	0.0	51399.85546875	25	13.318134	313
2779.26611328125	0.0	0.0	58038.71484375	7	13.597201	313
8642.041015625	7102.2734375	71938.703125	76930.6171875	11	15.831974	313
6156.7421875	0.0	0.0	5974.59765625	19	13.44803	313
55255.13671875	0.0	33787.0390625	87828.46875	1081	13.341319	313
339.1108093261719	0.0	0.0	61485.1328125	62	13.57625	313
1479.891357421875	0.0	0.0	84099.1953125	8	13.364226	313
20248.568359375	0.0	0.0	61318.953125	57	13.35808	313
1954.063232421875	0.0	0.0	60662.33203125	23	13.560607	313
28285.119140625	0.0	0.0	66636.6640625	44	13.480436	313
864607.5625	0.0	0.0	864607.5625	6	15.711577	313
60985.84375	0.0	0.0	60985.84375	23	13.571502	313
78668.578125	0.0	0.0	78668.578125	13	15.802085	313
11675.859375	0.0	0.0	61400.22265625	40	13.603907	313
86661.390625	0.0	0.0	86661.390625	9	15.94511	313
19459.8671875	0.0	0.0	61772.01171875	77	23.887498	313
26977.09375	0.0	0.0	61175.8984375	32	13.331822	313
22766.37109375	0.0	0.0	61231.546875	38	14.046949	313
12391.4013671875	0.0	0.0	61755.0234375	100	13.541612	313
12167.611328125	0.0	0.0	61649.79296875	20	13.294948	313
1260.803955078125	0.0	174944.5625	61085.390625	68	13.558931	313
360.9004211425781	0.0	279950.0	50329.5859375	748	13.648043	313
20425.1484375	0.0	0.0	20425.1484375	5	15.734203	313
41118.80859375	0.0	0.0	74492.90625	10	13.513118	313
2753.9365234375	0.0	0.0	57978.82421875	7	13.292713	313
73020.84375	0.0	0.0	73020.84375	9	16.014389	313
2687.930419921875	0.0	0.0	58047.359375	7	13.40501	313
177.20094299316406	0.0	0.0	40387.078125	225	13.357801	313
1235.090576171875	0.0	0.0	61911.98828125	1141	13.82459	313
331088.59375	0.0	0.0	331088.59375	11	15.772194	313
1399174.0	0.0	0.0	1399174.0	11	16.047072	313
2218.319580078125	0.0	0.0	84161.6875	8	22.682115	313
61065.390625	0.0	0.0	61065.390625	23	13.313385	313
87.20472717285156	0.0	0.0	58013.48828125	7	13.572061	313
40613.5234375	0.0	0.0	40613.5234375	97	13.358639	313
212675.75	0.0	0.0	212675.75	17	13.567031	313
40579.29296875	0.0	0.0	40579.29296875	9	13.404731	313
61435.03125	0.0	0.0	61435.03125	67	13.301652	313
23478.798828125	0.0	59579.2109375	57532.85546875	7	13.476244	313
40377.55078125	0.0	0.0	40377.55078125	121	13.481273	313
61673.046875	0.0	0.0	61673.046875	21	13.336291	313
116.28080749511719	0.0	0.0	5596.1923828125	50	13.618991	313
61840.02734375	0.0	0.0	61840.02734375	333	13.576251	313
12439.44921875	0.0	157273.71875	61578.2890625	68	13.35417	313
108704.1875	48010.234375	0.0	108704.1875	10	16.163561	313
125.77421569824219	0.0	0.0	58009.55078125	7	13.245225	313
31612.474609375	51875.0703125	0.0	83669.984375	5	15.930027	313
158012.546875	139437.7421875	0.0	223511.5625	6	15.95405	313
317.873046875	0.0	0.0	59322.06640625	5	24.55765	313
21.14727020263672	0.0	0.0	57959.9296875	7	13.321486	313
40380.0390625	0.0	0.0	40380.0390625	145	13.672347	313
2158.05810546875	0.0	0.0	84146.59375	8	13.392999	313
40503.0859375	0.0	0.0	44609.85546875	37	13.280981	313
152.11917114257812	0.0	0.0	58059.078125	7	13.509487	313
212190.828125	0.0	0.0	212190.828125	15	16.036736	313
3464.451904296875	0.0	0.0	3464.451904296875	21	13.33238	313
465.0903015136719	0.0	0.0	60952.58203125	25	13.624299	313
61015.22265625	0.0	0.0	61015.22265625	10	13.284054	313
70245.3515625	0.0	0.0	70245.3515625	14	13.550551	313
212902.5625	0.0	0.0	212902.5625	63	13.471774	313
60979.99609375	0.0	0.0	60979.99609375	23	13.356404	313
359424.46875	0.0	0.0	359424.46875	14	16.115791	313
40371.89453125	0.0	0.0	40371.89453125	105	13.356683	313
5589.98583984375	0.0	0.0	52922.03515625	8	13.585749	313
30241.5546875	0.0	0.0	61811.3125	283	22.275106	313
1435.422607421875	0.0	0.0	16879.4765625	99	13.344671	313
40431.93359375	0.0	0.0	40431.93359375	289	13.676815	313
22875.1640625	0.0	0.0	61560.9453125	34	13.501106	313
11816.365234375	0.0	0.0	61285.03515625	20	13.298021	313
23478.798828125	0.0	0.0	57532.85546875	7	13.5634	313
250.4225311279297	0.0	0.0	4318.2314453125	17	13.258354	313
30532.142578125	0.0	0.0	61397.609375	19	13.548873	313
1053.91748046875	0.0	279950.0	40377.55078125	121	13.543287	313
51140.62109375	0.0	0.0	60896.88671875	21	13.338805	313
1022.4675903320312	0.0	0.0	1022.4675903320312	7	13.470656	313
38.61463928222656	0.0	3598.217041015625	3409.509765625	29	13.468701	313
194205.265625	364443.9296875	0.0	242706.109375	12	16.025562	313
51273.09375	0.0	0.0	61029.359375	21	13.553904	313
7042.701171875	0.0	0.0	45721.69140625	163	13.477082	313
32494.404296875	0.0	0.0	61613.734375	56	13.322604	313
142.39434814453125	0.0	0.0	58048.06640625	7	13.536584	313
11763.9169921875	0.0	0.0	61441.03125	63	23.742515	313
273687.53125	0.0	0.0	273687.53125	12	16.053219	313
2358.603515625	0.0	0.0	84105.6953125	8	13.32009	313
23478.798828125	0.0	0.0	57532.85546875	7	13.490212	313
96312.046875	0.0	0.0	96312.046875	13	15.943714	313
166236.3125	0.0	0.0	166236.3125	4	15.676658	313
43.02994155883789	0.0	0.0	57957.2421875	7	13.506414	313
730.4445190429688	0.0	0.0	2349.03369140625	12	13.232374	313
23478.798828125	0.0	0.0	57532.85546875	7	13.503061	313
4438.58642578125	0.0	0.0	44595.16015625	100	13.546082	313
7968.85546875	0.0	0.0	60633.3046875	25	13.322045	313
51293.21875	0.0	0.0	61049.484375	21	13.588821	313
25873.73828125	0.0	0.0	60989.42578125	62	13.475127	313
65339.12890625	0.0	0.0	141415.28125	13	13.264499	313
26858.828125	0.0	0.0	60987.95703125	62	13.620108	313
134074.96875	146175.25	0.0	134074.96875	11	15.794822	313
24257.955078125	0.0	0.0	61578.5703125	64	13.638544	313
23478.798828125	0.0	0.0	57532.85546875	7	22.15862	313
21268.76171875	0.0	1822.6239013671875	22845.6640625	17	13.307797	313
3811.81689453125	0.0	0.0	58021.7734375	7	13.604464	313
3435.381103515625	0.0	0.0	61127.6953125	1524	13.603906	313
61630.1484375	0.0	0.0	61630.1484375	56	13.286288	313
213703.875	0.0	0.0	213703.875	32	13.504458	313
71341.390625	59883.91796875	0.0	117599.515625	5	15.941478	313
1342.7548828125	0.0	0.0	142155.25	25	13.253046	313
1958.039794921875	0.0	0.0	84076.7421875	8	13.536024	313
50535.4921875	41467.375	0.0	99151.9375	5	15.736717	313
50.34839630126953	0.0	0.0	50.34839630126953	4	13.462835	313
7.9542717933654785	0.0	0.0	3508.567626953125	6	13.283774	313
57532.85546875	0.0	0.0	57532.85546875	7	13.559209	313
38496.23046875	0.0	0.0	40629.421875	9	13.488257	313
317.5810546875	0.0	0.0	59362.5703125	5	13.254723	313
57905.796875	0.0	0.0	141319.390625	13	13.565914	313
61707.86328125	0.0	0.0	61707.86328125	52	13.494403	313
5394.1650390625	0.0	0.0	40403.66015625	33	23.603401	313
5642.92626953125	0.0	0.0	61579.09375	63	13.363667	313
2753.9365234375	0.0	0.0	57978.82421875	7	13.656703	313
2372.7021484375	0.0	0.0	61810.8984375	509	13.381825	313
15.165003776550293	0.0	0.0	5630.2607421875	8	13.573737	313
61514.32421875	0.0	0.0	61514.32421875	61	13.433504	313
281.86419677734375	0.0	0.0	40372.13671875	41	13.26869	313
23478.798828125	0.0	59579.2109375	57532.85546875	7	13.505017	313
634.7513427734375	0.0	0.0	61392.79296875	786	13.536025	313
74197.3828125	0.0	0.0	74197.3828125	12	13.291875	313
196.13916015625	0.0	146387.078125	60748.87109375	23	13.629886	313
45.46919631958008	0.0	0.0	3409.51171875	41	13.290758	313
785.9171142578125	0.0	0.0	44554.265625	210	13.729053	313
21406.515625	0.0	0.0	61062.19140625	56	13.479317	313
70807.7890625	0.0	0.0	70807.7890625	39	13.284054	313
101234.390625	121633.1015625	0.0	101234.390625	10	16.082549	313
60986.234375	0.0	0.0	60986.234375	23	13.329029	313
115151.546875	0.0	0.0	193757.546875	73	13.620387	313
389.0080261230469	0.0	0.0	84163.09375	8	24.16768	313
710.4383544921875	0.0	0.0	40655.0234375	73	13.337129	313
229360.78125	0.0	0.0	229360.78125	17	16.191773	313
2518.43359375	0.0	0.0	58062.4609375	7	13.245783	313
7769.4267578125	0.0	0.0	60941.01171875	23	13.541052	313
51092.78515625	0.0	0.0	60849.05078125	21	13.501944	313
163979.328125	304190.109375	0.0	213004.109375	12	15.773312	313
61850.859375	0.0	0.0	61850.859375	53	13.559769	313
239.07142639160156	0.0	0.0	4318.47607421875	29	13.306401	313
11700.9599609375	0.0	0.0	61615.5078125	75	13.667596	313
2002.9453125	0.0	0.0	23602.318359375	15	13.413949	313
198.39169311523438	0.0	0.0	84108.5625	8	13.296065	313
71037.0546875	0.0	0.0	71037.0546875	20	13.57653	313
112548.8125	103589.1171875	0.0	112548.8125	11	15.956285	313
26016.53515625	0.0	0.0	61117.4453125	63	13.317855	313
73359.9609375	0.0	0.0	155402.21875	27	13.562284	313
107730.1796875	47033.93359375	0.0	107730.1796875	11	15.771636	313
621577.25	0.0	0.0	621577.25	12	26.294628	313
10742.0517578125	0.0	0.0	61115.44921875	40	13.291317	313
1286.8865966796875	0.0	0.0	1286.8865966796875	3	13.631004	313
58316.4765625	0.0	0.0	58316.4765625	5	13.263382	313
61900.1484375	0.0	0.0	61900.1484375	124	13.569546	313
320798.8125	0.0	0.0	320798.8125	12	15.916618	313
4443.43212890625	0.0	0.0	63742.39453125	51	13.2388	313
61507.9453125	0.0	0.0	61507.9453125	61	13.567032	313
166378.4375	0.0	0.0	166378.4375	10	15.897901	313
40579.29296875	0.0	0.0	40579.29296875	9	13.31534	313
113273.015625	0.0	0.0	113273.015625	12	16.007126	313
169226.5625	0.0	0.0	169226.5625	10	15.903488	313
60731.71484375	0.0	0.0	60731.71484375	53	13.341319	313
61750.671875	0.0	0.0	61750.671875	62	13.599715	313
60862.9609375	0.0	0.0	60862.9609375	21	13.421493	313
375367.8125	0.0	0.0	375367.8125	5	15.721353	313
60678.64453125	0.0	0.0	60678.64453125	25	13.61899	313
42609.40625	0.0	0.0	45721.69140625	163	13.310591	313
61744.7578125	0.0	0.0	61744.7578125	56	22.665074	313
65339.12890625	0.0	0.0	141415.28125	13	13.482669	313
21671.97265625	17904.97265625	157273.71875	78786.5390625	12	15.904884	313
179886.828125	167954.71484375	0.0	228708.53125	12	16.064112	313
60985.45703125	0.0	0.0	60985.45703125	23	13.350258	313
364.9363098144531	0.0	0.0	60604.69140625	25	13.54161	313
32226.2734375	0.0	0.0	61323.36328125	61	13.411715	313
31875.837890625	0.0	0.0	61062.19140625	56	13.271203	313
774.9769287109375	0.0	0.0	61753.1875	56	13.563121	313
137734.375	76954.8203125	0.0	137734.375	11	15.813538	313
40376.6953125	0.0	0.0	40376.6953125	121	13.548594	313
196812.140625	0.0	0.0	196812.140625	11	15.94958	313
101945.515625	0.0	0.0	101945.515625	11	15.965783	313
158841.78125	0.0	0.0	158841.78125	10	15.773033	313
123878.140625	0.0	0.0	123878.140625	11	16.000143	313
5753.80224609375	0.0	0.0	7388.8349609375	9	13.218128	313
9000.033203125	7392.3671875	71938.703125	77220.71875	13	16.081433	313
103370.484375	0.0	0.0	103370.484375	11	15.791749	313
50195.65625	82376.9609375	0.0	98941.140625	5	16.533695	313
73020.84375	3192.5625	0.0	73020.84375	8	25.80186	313
60795.73828125	0.0	0.0	60795.73828125	10	13.369534	313
60925.13671875	0.0	0.0	60925.13671875	106	13.591614	313
61771.5703125	0.0	0.0	61771.5703125	206	13.455853	313
1388400.75	0.0	0.0	1388400.75	11	15.726382	313
517.18896484375	0.0	0.0	2181.452880859375	49	13.540495	313
139432.890625	0.0	0.0	139432.890625	12	15.719398	313
76168.984375	6340.65625	0.0	76168.984375	7	15.980588	313
61703.359375	0.0	0.0	61703.359375	731	13.511163	313
40371.81640625	0.0	0.0	40371.81640625	105	13.286288	313
61435.03125	0.0	0.0	61435.03125	67	13.55083	313
143586.890625	0.0	0.0	143586.890625	11	15.792866	313
1271.7750244140625	0.0	0.0	1271.7750244140625	3	13.545801	313
8.814746856689453	0.0	0.0	3420.927978515625	6	13.198852	313
155844.546875	0.0	0.0	155844.546875	11	16.023607	313
213353.75	0.0	0.0	213353.75	94	13.307798	313
168779.578125	0.0	0.0	168779.578125	11	16.032825	313
40276.484375	0.0	0.0	40276.484375	33	13.252766	313
60987.84765625	0.0	0.0	60987.84765625	23	22.518417	313
538107.5625	0.0	0.0	538107.5625	9	16.021372	313
61278.4140625	0.0	0.0	61278.4140625	667	13.38797	313
178465.8125	0.0	0.0	178465.8125	10	15.980866	313
60910.77734375	0.0	0.0	60910.77734375	25	13.266454	313
40379.60546875	0.0	0.0	40379.60546875	57	13.461159	313
195910.21875	0.0	0.0	195910.21875	10	15.858792	313
7716.13525390625	12681.3125	71938.703125	76168.984375	7	15.887567	313
66450.1328125	0.0	0.0	66450.1328125	41	13.296066	313
162838.375	0.0	0.0	162838.375	11	16.046235	313
157.60838317871094	0.0	0.0	84058.7734375	8	13.223715	313
61271.48046875	0.0	0.0	61271.48046875	33	13.578485	313
60965.24609375	0.0	0.0	60965.24609375	10	13.4187	313
68787.8984375	0.0	0.0	68787.8984375	25	15.907398	313
60917.97265625	0.0	0.0	60917.97265625	23	13.570385	313
61454.01953125	0.0	0.0	61454.01953125	63	13.427917	313
103964.5546875	0.0	0.0	103964.5546875	10	15.756272	313
103322.953125	0.0	0.0	103322.953125	11	16.030312	313
3642.395751953125	0.0	157374.390625	70242.8359375	29	13.532952	313
60604.69140625	0.0	0.0	60604.69140625	25	23.581891	313
61544.41015625	0.0	0.0	61544.41015625	61	13.410877	313
166445.84375	0.0	0.0	166445.84375	10	16.125289	313
192625.15625	0.0	0.0	192625.15625	10	15.710738	313
23478.798828125	0.0	0.0	57532.85546875	7	13.481831	313
60828.671875	0.0	0.0	60828.671875	21	13.283495	313
60896.84765625	0.0	0.0	60896.84765625	596	13.582116	313
61388.015625	0.0	0.0	61388.015625	61	13.417302	313
62173.3828125	0.0	0.0	62173.3828125	2365	13.482669	313
151906.5	0.0	0.0	151906.5	10	16.104618	313
200929.625	0.0	0.0	200929.625	11	15.79119	313
109.82984161376953	0.0	1822.6239013671875	1888.5833740234375	29	13.548875	313
122201.671875	0.0	0.0	122201.671875	10	15.799011	313
7716.13525390625	19021.96875	0.0	76168.984375	7	15.937009	313
61469.08984375	0.0	0.0	61469.08984375	20	13.275393	313
322851.03125	0.0	0.0	322851.03125	10	16.096516	313
122324.71875	0.0	0.0	122324.71875	11	15.766327	313
162756.078125	0.0	0.0	162756.078125	11	16.032267	313
97846.96875	0.0	0.0	97846.96875	10	15.819403	313
49632.0390625	0.0	0.0	81887.140625	676	23.11147	313
61364.515625	0.0	0.0	61364.515625	62	13.34942	313
178902.5625	0.0	0.0	178902.5625	11	16.130597	313
61753.5	0.0	0.0	61753.5	433	13.322324	313
61564.015625	0.0	0.0	61564.015625	48	13.610889	313
1182.3294677734375	0.0	0.0	1182.3294677734375	2	15.791191	313
70232.046875	0.0	0.0	70232.046875	20	13.265617	313
40380.8359375	0.0	0.0	40380.8359375	73	13.519544	313
165296.796875	0.0	0.0	165296.796875	12	15.774709	313
138412.140625	0.0	0.0	138412.140625	11	16.089533	313
143667.71875	0.0	0.0	143667.71875	10	15.818567	313
181734.578125	0.0	0.0	181734.578125	11	16.032826	313
40371.86328125	0.0	0.0	40371.86328125	89	13.305004	313
64314.75	0.0	0.0	141447.546875	13	13.519264	313
1293499.875	0.0	0.0	1293499.875	10	15.74007	313
60653.56640625	0.0	0.0	60653.56640625	21	13.601672	313
294003.8125	0.0	0.0	294003.8125	12	15.788676	313
40372.77734375	0.0	0.0	40372.77734375	105	13.58519	313
156080.59375	0.0	0.0	156080.59375	10	15.961592	313
60868.3828125	0.0	0.0	60868.3828125	23	23.931913	313
7716.13525390625	19021.96875	0.0	76168.984375	7	15.843427	313
182763.59375	0.0	0.0	182763.59375	10	16.152106	313
153091.5	0.0	0.0	153091.5	11	15.762976	313
166930.125	0.0	0.0	166930.125	11	16.021093	313
103964.5546875	0.0	0.0	103964.5546875	10	15.876111	313
61581.67578125	0.0	0.0	61581.67578125	30	13.266175	313
61371.90625	0.0	0.0	61371.90625	64	13.559768	313
538107.5625	0.0	0.0	538107.5625	9	15.922484	313
1335243.0	0.0	0.0	1335243.0	11	15.813258	313
61662.27734375	0.0	0.0	61662.27734375	109	13.584631	313
60985.45703125	0.0	0.0	60985.45703125	23	13.325117	313
148375.84375	0.0	0.0	148375.84375	10	16.051542	313
146320.640625	0.0	0.0	146320.640625	11	15.750964	313
40608.63671875	0.0	0.0	40608.63671875	25	13.511721	313
42467.59765625	69692.3515625	0.0	92622.921875	5	15.737276	313
40959.46484375	0.0	0.0	44851.171875	64	13.588542	313
35295.66015625	28960.2734375	0.0	86714.7890625	5	15.67582	313
132033.59375	0.0	0.0	132033.59375	10	16.037295	313
61454.01953125	0.0	0.0	61454.01953125	63	23.154491	313
173353.8125	0.0	0.0	173353.8125	11	15.907399	313
61100.8203125	0.0	0.0	61100.8203125	462	13.394116	313
398.69915771484375	0.0	49493.7109375	49018.18359375	8	13.568709	313
139991.46875	0.0	0.0	139991.46875	11	15.79119	313
61494.21875	0.0	0.0	61494.21875	155	13.567031	313
61318.953125	0.0	0.0	61318.953125	57	13.430432	313
107532.171875	0.0	0.0	107532.171875	11	15.846222	313
40420.44140625	0.0	0.0	40420.44140625	33	13.691621	313
61639.40234375	0.0	0.0	61639.40234375	59	13.308078	313
53769.19140625	44432.72265625	146387.078125	104951.8125	11	16.114674	313
62676.65625	51794.55859375	0.0	112548.8125	11	16.202947	313
906.7766723632812	0.0	0.0	86477.2265625	31	13.553065	313
40432.9453125	0.0	0.0	40432.9453125	98	13.270645	313
192130.5625	131274.25390625	0.0	192130.5625	12	16.07389	313
61606.62109375	0.0	0.0	61606.62109375	62	13.285171	313
5650.6279296875	0.0	0.0	60900.578125	23	13.566193	313
60770.40234375	0.0	0.0	60770.40234375	21	13.490212	313
896.1815185546875	0.0	0.0	2251.938720703125	5	13.254163	313
478865.5625	0.0	0.0	478865.5625	12	16.128642	313
38117.41015625	0.0	0.0	71037.0546875	20	23.655917	313
107046.8671875	46140.75	0.0	107046.8671875	11	15.902649	313
180508.25	0.0	0.0	180508.25	10	16.075566	313
61792.99609375	0.0	0.0	61792.99609375	67	13.481272	313
178831.59375	0.0	0.0	178831.59375	10	15.991481	313
40278.63671875	0.0	0.0	40278.63671875	41	13.363387	313
164468.890625	0.0	0.0	164468.890625	10	16.014388	313
144907.859375	0.0	0.0	144907.859375	11	15.926394	313
61056.09765625	0.0	0.0	61056.09765625	63	13.312826	313
157533.859375	0.0	0.0	157533.859375	11	16.047351	313
61753.15625	0.0	0.0	61753.15625	61	13.280702	313
1261.2021484375	0.0	0.0	1261.2021484375	3	13.484625	313
176361.0	0.0	0.0	176361.0	11	15.966342	313
366821.09375	0.0	0.0	366821.09375	12	15.713532	313
40579.29296875	0.0	0.0	40579.29296875	9	13.50418	313
122201.671875	0.0	0.0	122201.671875	10	15.776385	313
101234.390625	0.0	0.0	101234.390625	10	16.060481	313
60993.6875	0.0	0.0	60993.6875	64	13.26422	313
61639.40234375	0.0	0.0	61639.40234375	59	13.574855	313
167316.625	0.0	0.0	167316.625	10	24.564633	313
61389.1484375	0.0	0.0	61389.1484375	61	13.284891	313
16.166170120239258	1.546875	0.0	69836.0390625	20	16.22334	313
213755.40625	0.0	0.0	213755.40625	27	13.340202	313
71524.7890625	60065.79296875	0.0	117783.0625	5	16.00517	313
60970.375	0.0	0.0	60970.375	21	13.292992	313
23.731901168823242	0.0	0.0	3475.433349609375	21	13.524293	313
205128.25	0.0	0.0	205128.25	12	15.933657	313
151906.5	0.0	0.0	151906.5	10	15.905443	313
99699.703125	0.0	0.0	99699.703125	10	15.84231	313
61779.04296875	0.0	0.0	61779.04296875	505	13.695811	313
40377.37109375	0.0	0.0	40377.37109375	97	13.307797	313
40384.5703125	0.0	0.0	40384.5703125	25	13.546081	313
213667.5625	0.0	0.0	213667.5625	109	13.336291	313
41634.1015625	0.0	0.0	41634.1015625	161	13.588261	313
213147.296875	0.0	0.0	213147.296875	56	13.48686	313
61863.3671875	0.0	0.0	61863.3671875	47	13.325676	313
142396.125	0.0	0.0	142396.125	10	15.96215	313
129318.7109375	0.0	0.0	129318.7109375	11	15.805157	313
60925.13671875	0.0	0.0	60925.13671875	106	13.581278	313
208278.421875	0.0	0.0	208278.421875	10	15.976396	313
143297.359375	0.0	0.0	143297.359375	10	26.19853	313
60578.0078125	0.0	0.0	60578.0078125	63	13.356963	313
45796.01171875	0.0	0.0	45796.01171875	11	13.579322	313
163272.390625	0.0	0.0	163272.390625	11	15.981146	313
199045.140625	0.0	0.0	199045.140625	11	15.984779	313
1348674.125	0.0	0.0	1348674.125	10	15.761579	313
61195.0	0.0	0.0	61195.0	666	13.580721	313
61394.00390625	0.0	0.0	61394.00390625	61	13.432946	313
123991.6796875	0.0	0.0	123991.6796875	11	15.810465	313
169084.765625	0.0	0.0	169084.765625	10	16.105736	313
171368.21875	0.0	0.0	171368.21875	10	15.891197	313
1388400.75	0.0	0.0	1388400.75	11	15.823595	313
157279.59375	0.0	0.0	157279.59375	11	16.032826	313
60694.046875	0.0	0.0	60694.046875	23	13.293831	313
1364600.875	0.0	0.0	1364600.875	10	16.063833	313
26896.259765625	66352.59375	0.0	91990.875	21	15.866055	313
1378294.375	0.0	0.0	1378294.375	11	16.127524	313
2911.71484375	9527.40625	71938.703125	72210.1171875	18	16.025842	313
166989.03125	0.0	0.0	166989.03125	10	15.767725	313
1607.1802978515625	2560.59228515625	0.0	3064.99951171875	5	15.993158	313
157076.71875	0.0	0.0	157076.71875	11	25.691516	313
179750.0625	0.0	0.0	179750.0625	11	16.037295	313
60816.609375	0.0	0.0	60816.609375	3	13.290199	313
164308.34375	0.0	0.0	164308.34375	11	16.01355	313
159619.15625	0.0	0.0	159619.15625	10	15.78281	313
7716.13525390625	25362.625	0.0	76168.984375	7	15.945669	313
19116.4765625	47154.46875	0.0	85612.953125	20	16.003493	313
57820.46484375	0.0	0.0	141303.578125	13	13.245783	313
271.997314453125	407.856689453125	0.0	1987.5159912109375	5	16.038413	313
1335243.0	0.0	0.0	1335243.0	11	15.805716	313
115720.8984375	0.0	0.0	115720.8984375	11	16.048468	313
148375.84375	0.0	0.0	148375.84375	10	15.81661	313
72906.4765625	9234.5859375	0.0	72906.4765625	9	16.022768	313
292956.09375	0.0	0.0	292956.09375	9	15.938685	313
157279.59375	0.0	0.0	157279.59375	11	15.782809	313
78668.578125	0.0	0.0	78668.578125	13	16.00545	313
5740.486328125	0.0	47389.77734375	45571.66796875	6	13.251091	313
72906.4765625	0.0	0.0	72906.4765625	9	15.970811	313
695106.0625	0.0	0.0	695106.0625	5	15.720516	313
94384.0	0.0	0.0	94384.0	23	16.141212	313
184205.40625	0.0	0.0	184205.40625	11	17.112502	313
21986.9296875	0.0	0.0	23737.2578125	33	22.498026	313
6686.3017578125	0.0	0.0	131783.078125	25	13.303887	313
73020.84375	0.0	0.0	73020.84375	8	16.038134	313
359204.75	0.0	0.0	359204.75	12	15.755713	313
1577.671630859375	2517.1591796875	0.0	3043.034912109375	5	15.931423	313
194968.875	0.0	0.0	194968.875	11	15.753199	313
90961.796875	0.0	0.0	90961.796875	24	16.180321	313
244454.59375	0.0	0.0	244454.59375	6	15.814376	313
169226.5625	0.0	0.0	169226.5625	10	15.691463	313
76168.984375	0.0	0.0	76168.984375	6	15.960195	313
76930.6171875	0.0	0.0	76930.6171875	12	15.737555	313
167742.109375	0.0	0.0	167742.109375	11	16.033105	313
116336.3828125	0.0	0.0	116336.3828125	11	15.964944	313
21.837495803833008	0.0	0.0	57987.74609375	7	13.197176	313
214255.78125	0.0	0.0	214255.78125	67	13.564797	313
196808.234375	0.0	0.0	196808.234375	11	15.930026	313
123450.40625	0.0	0.0	123450.40625	11	16.001538	313
387123.90625	0.0	0.0	387123.90625	6	15.693698	313
145893.140625	0.0	0.0	145893.140625	11	15.985057	313
70561.734375	59090.28125	0.0	116858.9609375	5	15.705431	313
76168.984375	0.0	0.0	76168.984375	7	26.095451	313
242706.109375	0.0	0.0	242706.109375	12	15.890637	313
76930.6171875	0.0	0.0	76930.6171875	12	16.035339	313
157076.71875	0.0	0.0	157076.71875	11	15.934215	313
81119.7578125	0.0	0.0	81119.7578125	23	15.920249	313
213088.71875	0.0	0.0	213088.71875	60	13.510046	313
157636.515625	0.0	0.0	157636.515625	10	15.704313	313
79944.875	0.0	0.0	79944.875	20	16.076404	313
137714.0625	0.0	0.0	137714.0625	11	15.757948	313
144180.59375	0.0	0.0	144180.59375	11	16.04819	313
171368.21875	0.0	0.0	171368.21875	10	16.002098	313
84233.03125	0.0	0.0	84233.03125	15	15.876391	313
7719.751953125	6340.65625	71938.703125	76168.984375	7	16.012713	313
73020.84375	3192.5625	0.0	73020.84375	9	15.754875	313
73020.84375	3192.5625	0.0	73020.84375	7	15.959916	313
72906.4765625	3078.1953125	0.0	72906.4765625	9	15.895108	313
7716.13525390625	6340.65625	0.0	76168.984375	6	15.674703	313
29367.783203125	23828.78515625	0.0	81522.140625	5	15.997628	313
78668.578125	8840.203125	0.0	78668.578125	12	15.82974	313
448836.25	0.0	0.0	448836.25	6	15.96662	313
60816.609375	0.0	0.0	60816.609375	3	13.22595	313
1313799.0	0.0	0.0	1313799.0	11	26.630961	313
77220.71875	0.0	0.0	77220.71875	13	15.861026	313
70831.3046875	0.0	0.0	70831.3046875	14	13.643573	313
131518.75	0.0	0.0	131518.75	10	15.793983	313
76930.6171875	0.0	0.0	76930.6171875	11	16.006287	313
174692.0	0.0	0.0	174692.0	11	15.874715	313
8642.041015625	7102.2734375	71938.703125	76930.6171875	11	15.755992	313
20800.8828125	16743.2890625	0.0	62132.8359375	6	15.94483	313
150215.921875	0.0	0.0	150215.921875	10	15.831136	313
112174.46875	0.0	0.0	112174.46875	11	16.021372	313
76679.2109375	6841.640625	0.0	76679.2109375	21	15.945669	313
106815.4609375	36833.109375	0.0	106815.4609375	11	15.742304	313
76168.984375	6340.65625	0.0	76168.984375	6	16.017461	313
213580.46875	0.0	0.0	213580.46875	11	15.807951	313
15.659419059753418	0.0	0.0	3454.3876953125	26	13.565636	313
179051.4375	0.0	0.0	179051.4375	11	15.732808	313
169786.40625	0.0	0.0	169786.40625	11	16.064951	313
73020.84375	3192.5625	0.0	73020.84375	7	15.703476	313
8642.041015625	7102.2734375	0.0	76930.6171875	10	15.940083	313
98344.3359375	28511.6640625	0.0	98344.3359375	9	15.876112	313
212729.3125	0.0	0.0	212729.3125	10	15.753758	313
591.335693359375	0.0	0.0	49019.9140625	8	23.753132	313
144819.5	0.0	0.0	144819.5	12	15.840355	313
92202.8125	22374.2109375	0.0	92202.8125	8	16.025842	313
3908.03662109375	6385.125	176975.75	73020.84375	9	15.755992	313
27367.548828125	45010.484375	0.0	92345.03125	12	16.021093	313
103370.484375	0.0	0.0	103370.484375	11	15.935614	313
169084.765625	0.0	0.0	169084.765625	10	15.699844	313
61788.4765625	0.0	0.0	61788.4765625	61	13.525409	313
115295.21875	90836.421875	0.0	115295.21875	11	15.866893	313
72906.4765625	6156.390625	0.0	72906.4765625	9	15.927512	313
60979.99609375	0.0	0.0	60979.99609375	23	13.295227	313
611057.3125	0.0	0.0	611057.3125	5	15.916897	313
61570.6796875	0.0	0.0	61570.6796875	70	13.341319	313
116631.921875	0.0	0.0	116631.921875	10	16.091208	313
289220.3125	0.0	0.0	289220.3125	10	15.745377	313
284717.21875	0.0	0.0	284717.21875	12	15.992879	313
130438.8984375	0.0	0.0	130438.8984375	11	15.780574	313
78668.578125	0.0	0.0	78668.578125	14	16.054893	313
76168.984375	0.0	0.0	76168.984375	7	15.994275	313
77220.71875	0.0	0.0	77220.71875	11	15.768562	313
349140.09375	0.0	0.0	349140.09375	15	16.036736	313
230.16769409179688	0.0	0.0	84162.09375	8	13.248855	313
57.73512649536133	0.0	0.0	57978.98046875	7	23.876322	313
86000.9375	0.0	0.0	86000.9375	12	16.041484	313
359423.875	0.0	0.0	359423.875	12	16.119422	313
44595.55078125	37774.029296875	0.0	70278.25	6	15.72722	313
258632.109375	0.0	0.0	258632.109375	12	15.961314	313
73020.84375	0.0	0.0	73020.84375	9	15.700403	313
116631.0	0.0	0.0	116631.0	11	15.987014	313
118923.984375	0.0	0.0	118923.984375	10	15.830859	313
116607.53125	0.0	0.0	116607.53125	11	15.815493	313
1352648.875	0.0	0.0	1352648.875	10	16.102662	313
8994.703125	7392.3671875	71938.703125	77220.71875	13	15.759624	313
125848.953125	0.0	0.0	125848.953125	11	16.107132	313
186100.78125	0.0	0.0	186100.78125	11	15.951815	313
1333865.75	0.0	0.0	1333865.75	11	15.8127	313
186931.296875	0.0	0.0	186931.296875	11	16.012155	313
104090.78125	34258.0234375	0.0	104090.78125	8	15.791749	313
157636.515625	0.0	0.0	157636.515625	10	16.05629	313
91342.3828125	21301.671875	0.0	91342.3828125	21	16.010199	313
76168.984375	6340.65625	0.0	76168.984375	7	16.114674	313
138704.9375	0.0	0.0	138704.9375	12	16.063274	313
108.65350341796875	0.0	0.0	108.65350341796875	2	15.738393	313
57141.85546875	46501.09375	0.0	104197.671875	5	16.023328	313
78668.578125	8840.203125	0.0	78668.578125	13	25.991257	313
85416.6796875	0.0	0.0	85416.6796875	23	15.944551	313
22.72751808166504	7.56396484375	0.0	5299.8623046875	8	16.01355	313
72906.4765625	0.0	0.0	72906.4765625	9	15.689229	313
208469.375	0.0	0.0	208469.375	12	16.07333	313
64671.9453125	53278.75390625	0.0	111066.1171875	5	15.959916	313
77220.71875	0.0	0.0	77220.71875	12	15.763814	313
738.0513305664062	0.0	0.0	738.0513305664062	3	13.432386	313
132548.25	0.0	0.0	132548.25	10	15.965223	313
9000.033203125	7392.3671875	71938.703125	77220.71875	13	15.933098	313
1308428.25	0.0	0.0	1308428.25	11	15.747612	313
281872.125	0.0	0.0	281872.125	6	16.012154	313
77220.71875	0.0	0.0	77220.71875	12	15.774429	313
151906.5	0.0	0.0	151906.5	10	15.993998	313
133799.515625	0.0	0.0	133799.515625	11	15.91159	313
76930.6171875	0.0	0.0	76930.6171875	10	15.742863	313
88420.6875	0.0	0.0	88420.6875	20	16.079197	313
8642.041015625	7102.2734375	71938.703125	76930.6171875	10	15.744819	313
212353.28125	0.0	0.0	212353.28125	24	13.603069	313
109429.390625	0.0	0.0	109429.390625	11	15.769122	313
76168.984375	6340.65625	0.0	76168.984375	7	16.002098	313
109429.390625	0.0	0.0	109429.390625	11	16.22753	313
131459.65625	0.0	0.0	131459.65625	11	25.71638	313
212729.3125	0.0	0.0	212729.3125	10	16.028076	313
166378.4375	0.0	0.0	166378.4375	10	15.800129	313
61454.43359375	0.0	0.0	61454.43359375	252	13.586866	313
40372.77734375	0.0	0.0	40372.77734375	105	13.301652	313
112333.6015625	0.0	0.0	112333.6015625	11	16.051542	313
70616.1640625	0.0	0.0	70616.1640625	12	13.227905	313
175048.34375	0.0	0.0	175048.34375	11	15.974162	313
8642.041015625	7102.2734375	0.0	76930.6171875	11	15.839796	313
144014.9375	0.0	0.0	144014.9375	11	16.005728	313
30.288959503173828	7.578125	0.0	45388.15234375	6	15.702916	313
7716.13525390625	12681.3125	71938.703125	76168.984375	7	16.032825	313
7719.751953125	12681.3125	0.0	76168.984375	7	15.716884	313
244454.59375	0.0	0.0	244454.59375	6	15.905722	313
197164.203125	0.0	0.0	197164.203125	11	15.912986	313
76168.984375	0.0	0.0	76168.984375	7	15.704313	313
7719.751953125	6340.65625	71938.703125	76168.984375	7	15.995113	313
1120752.0	0.0	0.0	1120752.0	6	15.732806	313
162473.359375	0.0	0.0	162473.359375	11	16.029753	313
76930.6171875	0.0	0.0	76930.6171875	10	15.898738	313
186100.78125	0.0	0.0	186100.78125	11	15.794263	313
196117.6875	0.0	0.0	196117.6875	11	16.138419	313
145893.140625	0.0	0.0	145893.140625	11	26.018353	313
146703.03125	0.0	0.0	146703.03125	10	15.930306	313
135489.625	0.0	0.0	135489.625	10	15.925557	313
78668.578125	0.0	0.0	78668.578125	11	15.730014	313
209596.4375	0.0	0.0	209596.4375	7	16.001819	313
192934.359375	0.0	0.0	192934.359375	11	15.823595	313
90473.71875	0.0	0.0	90473.71875	20	16.133111	313
73020.84375	0.0	0.0	73020.84375	9	15.85572	313
212917.8125	0.0	0.0	212917.8125	14	13.259192	313
202228.0625	0.0	0.0	202228.0625	11	16.061039	313
76930.6171875	0.0	0.0	76930.6171875	10	15.852647	313
51111.09375	41565.76953125	0.0	99314.8671875	5	15.900416	313
165477.046875	0.0	0.0	165477.046875	10	15.788397	313
446905.0	0.0	0.0	446905.0	12	16.00545	313
1350135.125	0.0	0.0	1350135.125	11	15.741187	313
56669.0546875	46501.09375	0.0	104197.671875	5	15.98813	313
148984.046875	0.0	0.0	148984.046875	12	15.933378	313
191905.96875	0.0	0.0	191905.96875	11	15.797335	313
44717.65625	0.0	71938.703125	70902.90625	53	13.564797	313
287584.5	0.0	0.0	287584.5	16	15.833371	313
228658.734375	0.0	0.0	228658.734375	11	16.041764	313
96227.28125	26383.34375	0.0	96227.28125	14	15.805157	313
387123.90625	0.0	0.0	387123.90625	6	26.782646	313
119952.90625	0.0	0.0	119952.90625	9	15.952093	313
76168.984375	0.0	0.0	76168.984375	7	15.77415	313
205579.953125	0.0	0.0	205579.953125	11	16.073331	313
56073.3515625	45629.109375	0.0	103401.296875	5	15.678334	313
297028.1875	0.0	0.0	297028.1875	12	16.014667	313
78668.578125	0.0	0.0	78668.578125	12	15.900694	313
56745.15625	46563.5546875	0.0	104275.3359375	5	15.697609	313
873.4605102539062	0.0	0.0	2653.877685546875	37	13.533791	313
873.4605102539062	0.0	0.0	2653.877685546875	37	13.412553	313
70833.8671875	0.0	0.0	70833.8671875	21	13.28573	313
76168.984375	0.0	0.0	76168.984375	7	15.986454	313
1391.033203125	0.0	71938.703125	70588.828125	313	13.396631	313
38117.41015625	0.0	157374.390625	71037.0546875	20	13.554182	313
44498.28515625	0.0	0.0	71385.890625	37	13.4782	313
96312.046875	52953.703125	0.0	96312.046875	13	15.790073	313
78668.578125	17680.40625	0.0	78668.578125	9	15.935892	313
20.655824661254883	0.0	157374.390625	70245.3515625	14	13.267851	313
58004.83203125	0.0	0.0	74878.03125	31	13.549993	313
38386.71484375	0.0	0.0	71306.359375	19	13.301652	313
15139.951171875	0.0	0.0	16701.646484375	105	13.548036	313
12604.93359375	0.0	0.0	14268.857421875	37	13.487418	313
44498.28515625	0.0	0.0	71385.890625	37	13.329587	313
78913.203125	27224.953125	0.0	78913.203125	9	26.324517	313
9486.0771484375	0.0	0.0	70236.5078125	29	13.498592	313
19233.62890625	0.0	0.0	70657.8046875	60	13.358639	313
28574.65625	0.0	0.0	70746.1484375	58	13.543846	313
76930.6171875	21306.8203125	0.0	76930.6171875	12	15.762138	313
12640.7373046875	0.0	0.0	71025.8671875	38	13.592174	313
407609.0625	0.0	0.0	407609.0625	6	15.666322	313
7746.3349609375	0.0	0.0	9281.4072265625	21	13.472892	313
97213.953125	0.0	0.0	97213.953125	9	15.768842	313
1224286.25	0.0	0.0	1224286.25	10	16.090091	313
185433.59375	0.0	0.0	185433.59375	5	15.641739	313
20021.39453125	0.0	0.0	21707.349609375	73	13.607816	313
70213.8671875	0.0	0.0	70213.8671875	29	13.344113	313
73020.84375	0.0	0.0	73020.84375	7	15.980308	313
119952.90625	0.0	0.0	119952.90625	9	15.770798	313
22795.951171875	0.0	0.0	24520.826171875	115	13.522616	313
76930.6171875	0.0	0.0	76930.6171875	12	15.745936	313
2524.017822265625	0.0	0.0	4122.6865234375	5	13.463953	313
29897.732421875	0.0	71938.703125	70768.6953125	6	13.40948	313
71037.0546875	0.0	0.0	71037.0546875	20	13.284892	313
72578.4140625	3078.1953125	0.0	72578.4140625	8	16.002657	313
77220.71875	7392.3671875	0.0	77220.71875	11	15.766328	313
72906.4765625	3078.1953125	0.0	72906.4765625	9	16.475591	313
179293.40625	0.0	0.0	179293.40625	11	25.987905	313
78668.578125	8840.203125	0.0	78668.578125	13	15.930026	313
8994.703125	14784.734375	71938.703125	77220.71875	12	16.079198	313
1180399.875	0.0	0.0	1180399.875	6	15.664367	313
70892.2265625	0.0	0.0	70892.2265625	33	13.53379	313
70652.2734375	0.0	0.0	70652.2734375	43	13.267572	313
76930.6171875	0.0	0.0	76930.6171875	10	15.974442	313
76249.59375	0.0	0.0	76249.59375	17	13.228463	313
50.87468719482422	0.0	0.0	50.87468719482422	6	13.539655	313
1007.1104125976562	0.0	0.0	1007.1104125976562	5	15.838122	313
8642.041015625	7102.2734375	71938.703125	76930.6171875	11	15.90237	313
1577.671630859375	2517.1591796875	0.0	3043.034912109375	5	15.705151	313
60660.703125	0.0	0.0	60660.703125	65	13.562562	313
70245.328125	0.0	0.0	70245.328125	8	13.346627	313
4834.578125	0.0	157374.390625	70602.3515625	73	13.324559	313
33003.1328125	0.0	0.0	70912.2578125	49	13.639662	313
62092.30078125	0.0	0.0	62092.30078125	199	13.432386	313
14270.7255859375	0.0	0.0	70585.6484375	37	13.253883	313
8642.041015625	14204.546875	0.0	76930.6171875	11	16.05238	313
8648.9609375	14204.546875	0.0	76930.6171875	12	15.797336	313
70248.28125	0.0	0.0	70248.28125	14	13.531834	313
269892.21875	0.0	0.0	269892.21875	6	15.692022	313
72906.4765625	0.0	0.0	72906.4765625	9	16.116909	313
61861.03515625	0.0	0.0	61861.03515625	283	22.266446	313
70621.953125	0.0	0.0	70621.953125	89	13.34523	313
102177.1015625	0.0	0.0	102177.1015625	9	16.127244	313
76168.984375	0.0	0.0	76168.984375	7	15.881698	313
1950.4176025390625	0.0	0.0	84143.2109375	8	13.232094	313
497398.0625	0.0	0.0	497398.0625	8	16.054335	313
18343.154296875	0.0	0.0	19869.234375	25	13.194104	313
70248.28125	0.0	0.0	70248.28125	14	13.51647	313
76930.6171875	0.0	0.0	76930.6171875	12	15.908238	313
72906.4765625	0.0	0.0	72906.4765625	9	15.732529	313
8642.041015625	7102.2734375	71938.703125	76930.6171875	11	16.066906	313
78668.578125	8840.203125	0.0	78668.578125	12	15.950977	313
229054.71875	0.0	0.0	229054.71875	5	15.739511	313
72906.4765625	0.0	0.0	72906.4765625	9	15.968297	313
70583.8671875	0.0	0.0	70583.8671875	44	13.317575	313
77220.71875	0.0	0.0	77220.71875	12	16.016624	313
70194.1640625	0.0	0.0	70194.1640625	20	13.280981	313
212512.921875	0.0	0.0	212512.921875	20	13.49971	313
71385.890625	0.0	0.0	71385.890625	37	13.356404	313
1651.0126953125	0.0	71938.703125	70621.953125	89	13.567869	313
8642.041015625	14204.546875	71938.703125	76930.6171875	10	15.976677	313
75231.0234375	0.0	0.0	76921.75	121	13.320648	313
8994.703125	14784.734375	0.0	77220.71875	12	16.142609	313
213734.40625	0.0	0.0	213734.40625	44	23.214271	313
85612.953125	31436.3125	0.0	85612.953125	20	16.098471	313
743.3372802734375	0.0	0.0	743.3372802734375	9	13.39663	313
7.9542717933654785	0.0	0.0	3508.567626953125	6	13.522615	313
71304.5546875	0.0	0.0	71304.5546875	47	13.414509	313
76168.984375	12681.3125	0.0	76168.984375	7	15.731688	313
1375.864990234375	0.0	71938.703125	70600.3515625	39	13.527086	313
868.0888061523438	0.0	0.0	868.0888061523438	2	15.672188	313
1647.3165283203125	0.0	0.0	5355.33740234375	145	13.628768	313
39913.5859375	0.0	157374.390625	80094.546875	51	13.30221	313
70245.296875	0.0	0.0	70245.296875	9	13.504737	313
51588.10546875	41955.91015625	0.0	99666.578125	5	15.883654	313
148.7466278076172	0.0	0.0	70238.859375	29	13.369254	313
51206.84375	168458.1875	0.0	112328.3984375	11	16.026679	313
3770.253662109375	15390.9765625	176975.75	72906.4765625	9	15.762976	313
273687.53125	0.0	0.0	273687.53125	12	16.047071	313
5245.06396484375	0.0	0.0	6774.15234375	17	13.237961	313
70599.9453125	0.0	0.0	70599.9453125	20	13.574016	313
40372.30078125	0.0	0.0	40372.30078125	81	13.296625	313
173.75192260742188	0.0	0.0	84042.2265625	8	13.534907	313
78668.578125	0.0	0.0	78668.578125	11	15.994276	313
526492.625	0.0	0.0	526492.625	12	16.042883	313
70596.8984375	0.0	0.0	70596.8984375	11	13.364506	313
73873.1328125	0.0	0.0	73082.046875	52	13.611169	313
9214.58203125	7573.2109375	157374.390625	77412.890625	21	24.526363	313
38386.71484375	0.0	0.0	71306.359375	19	13.31953	313
50171.4296875	6340.65625	0.0	76168.984375	6	16.05629	313
78668.578125	8840.203125	0.0	78668.578125	13	15.771357	313
28452.74609375	0.0	0.0	70902.90625	53	13.592732	313
782.2316284179688	0.0	71938.703125	70585.453125	83	13.318693	313
5034.6025390625	0.0	0.0	5034.6025390625	9	13.475406	313
70573.46875	0.0	0.0	70573.46875	33	13.413392	313
15165.501953125	0.0	0.0	70607.1484375	207	13.303887	313
52253.28515625	22177.1015625	157374.390625	77220.71875	12	16.058805	313
40802.8203125	0.0	0.0	40572.984375	9	13.245224	313
57249.40234375	0.0	0.0	70842.390625	19	13.599715	313
37795.58984375	0.0	0.0	70643.1796875	57	13.525689	313
12016.0849609375	0.0	0.0	45577.68359375	6	13.231257	313
7716.13525390625	19021.96875	0.0	76168.984375	7	15.98785	313
98691.5625	86569.59375	0.0	98691.5625	8	15.883095	313
61492.91015625	0.0	0.0	61492.91015625	22	13.300255	313
168779.578125	0.0	0.0	168779.578125	11	16.038971	313
163148.75	186468.84375	0.0	163148.75	12	16.008242	313
41993.5625	0.0	0.0	50829.27734375	53	13.286287	313
2433.009033203125	2052.2391357421875	0.0	3835.573974609375	5	16.01383	313
1180399.875	0.0	0.0	1180399.875	6	15.723867	313
77220.71875	0.0	0.0	77220.71875	13	16.090929	313
23603.962890625	0.0	0.0	25278.41796875	17	13.507531	313
81212.9140625	0.0	0.0	81212.9140625	7	34.343444	313
24167.53515625	0.0	0.0	45796.01171875	11	13.307798	313
70902.90625	0.0	0.0	70902.90625	53	13.596363	313
8642.041015625	7102.2734375	71938.703125	76930.6171875	10	15.855162	313
8642.041015625	7102.2734375	0.0	76930.6171875	11	15.720516	313
8994.703125	14784.734375	71938.703125	77220.71875	13	15.998746	313
71037.0546875	0.0	0.0	71037.0546875	20	13.261706	313
8642.041015625	14204.546875	0.0	76930.6171875	12	16.07361	313
1602.68603515625	0.0	0.0	70573.6171875	44	13.269248	313
71037.0546875	0.0	0.0	71037.0546875	20	13.568429	313
78913.203125	18149.96875	0.0	78913.203125	9	15.736438	313
943.7221069335938	0.0	0.0	2203.612060546875	29	13.553903	313
5298.97314453125	0.0	0.0	7066.11279296875	17	13.248297	313
72906.4765625	6156.390625	0.0	72906.4765625	9	16.002098	313
18957.865234375	0.0	47389.77734375	64604.5078125	31	13.44384	313
212245.515625	0.0	0.0	212245.515625	28	13.2983	313
44717.65625	0.0	0.0	70902.90625	53	13.549992	313
51551.48046875	125956.7578125	71938.703125	111850.421875	12	15.961033	313
72906.4765625	9234.5859375	0.0	72906.4765625	9	15.90712	313
2518.43359375	0.0	0.0	58062.4609375	7	13.253884	313
71768.2578125	0.0	53931.125	245308.015625	145	13.615637	313
387123.90625	0.0	0.0	387123.90625	6	15.921087	313
70112.65625	0.0	0.0	70112.65625	29	13.389368	313
71037.0546875	0.0	0.0	71037.0546875	20	13.627929	313
70600.3515625	0.0	0.0	70600.3515625	39	23.734693	313
70245.296875	0.0	0.0	70245.296875	9	13.303048	313
60910.77734375	0.0	0.0	60910.77734375	25	13.590776	313
7716.13525390625	6340.65625	71938.703125	76168.984375	7	15.788397	313
76930.6171875	7102.2734375	0.0	76930.6171875	10	15.964106	313
741920.6875	0.0	0.0	741920.6875	5	15.810464	313
104778.171875	0.0	0.0	104778.171875	12	15.755713	313
76168.984375	0.0	0.0	76168.984375	7	15.947903	313
1926.5791015625	0.0	71938.703125	70238.4921875	20	13.302769	313
726.7767333984375	0.0	0.0	2411.121826171875	97	13.544683	313
560543.5	0.0	0.0	560543.5	5	15.890917	313
81072.0234375	71517.58984375	0.0	116943.3046875	7	15.908237	313
33829.36328125	0.0	0.0	71037.0546875	20	13.29439	313
66421.9921875	54994.48828125	0.0	112722.015625	5	15.947066	313
73020.84375	3192.5625	0.0	73020.84375	7	15.740908	313
736.0159912109375	0.0	0.0	736.0159912109375	5	15.919691	313
80094.546875	0.0	0.0	80094.546875	51	13.306401	313
185433.59375	0.0	0.0	185433.59375	5	15.956564	313
73020.84375	0.0	0.0	73020.84375	8	15.730293	313
72906.4765625	0.0	0.0	72906.4765625	9	15.983941	313
76168.984375	0.0	0.0	76168.984375	7	15.739512	313
2628.08349609375	0.0	0.0	3763.16650390625	37	13.543847	313
155844.546875	0.0	0.0	155844.546875	11	15.913823	313
265591.4375	0.0	0.0	265591.4375	12	16.106015	313
88420.6875	0.0	0.0	88420.6875	20	26.215572	313
157768.03125	0.0	0.0	157768.03125	10	15.79957	313
57143.9140625	46890.80859375	0.0	104592.6640625	5	16.00936	313
70746.1484375	0.0	0.0	70746.1484375	58	13.287964	313
77220.71875	0.0	0.0	77220.71875	12	16.044278	313
81792.9609375	0.0	0.0	81792.9609375	23	15.888962	313
18.50714683532715	0.0	71938.703125	70245.3359375	13	13.478479	313
494417.0	0.0	0.0	494417.0	12	15.697888	313
32779.40234375	0.0	0.0	18933.37890625	6	13.402217	313
298147.6875	0.0	0.0	298147.6875	17	15.816051	313
77220.71875	0.0	0.0	77220.71875	12	15.969972	313
60804.35546875	0.0	0.0	60804.35546875	23	13.355007	313
213418.046875	0.0	0.0	213418.046875	79	13.535744	313
72632.3984375	0.0	0.0	72166.625	9	13.365623	313
78668.578125	0.0	0.0	78668.578125	13	15.767724	313
76168.984375	0.0	0.0	76168.984375	7	15.928629	313
16302.8759765625	0.0	71938.703125	70605.234375	46	13.264778	313
214147.046875	0.0	0.0	214147.046875	99	13.567031	313
71037.0546875	0.0	0.0	71037.0546875	20	13.320927	313
61096.91015625	0.0	0.0	61096.91015625	719	13.605023	313
213741.65625	0.0	0.0	213741.65625	70	13.476525	313
6540.06201171875	0.0	0.0	6540.06201171875	13	13.259471	313
15845.890625	0.0	0.0	70573.6796875	38	13.569825	313
52053.3203125	0.0	0.0	52053.3203125	10	13.430153	313
45735.61328125	0.0	0.0	45735.61328125	18	13.289362	313
23683.21484375	0.0	0.0	23683.21484375	33	23.479371	313
74889.1875	0.0	1822.6239013671875	75886.640625	65	13.468423	313
264.7225646972656	0.0	0.0	264.7225646972656	5	13.268969	313
8994.703125	7392.3671875	0.0	77220.71875	13	16.017462	313
61483.54296875	0.0	0.0	61483.54296875	421	13.279864	313
43623.04296875	0.0	496473.3125	213353.75	95	13.568987	313
60543.1953125	0.0	0.0	71385.890625	37	13.391324	313
8034.53076171875	0.0	0.0	8034.53076171875	9	13.25584	313
81639.71875	0.0	0.0	81639.71875	6	13.457248	313
16.954103469848633	0.0	71938.703125	70245.328125	8	13.384898	313
1226.943603515625	0.0	157374.390625	70242.28125	24	13.286568	313
106345.921875	0.0	53931.125	221597.96875	213	13.652791	313
213540.1875	0.0	0.0	213540.1875	85	13.492726	313
72190.3125	0.0	0.0	72190.3125	12	13.258074	313
476.9024963378906	0.0	0.0	33104.56640625	28	13.560327	313
52835.02734375	0.0	0.0	81599.375	13	13.499431	313
1226.943603515625	0.0	0.0	70242.28125	24	13.317575	313
39655.58984375	0.0	0.0	61158.3359375	145	13.609772	313
24911.826171875	0.0	54392.50927734375	66363.046875	91	13.472891	313
18.50714683532715	0.0	0.0	70245.3359375	13	13.290199	313
88897.9375	0.0	0.0	259316.75	326	13.669832	313
38117.41015625	0.0	0.0	71037.0546875	20	13.338247	313
1780.3570556640625	0.0	0.0	212567.453125	19	13.677653	313
30.288959503173828	15.15625	47389.77734375	45388.15234375	6	16.002376	313
148.7466278076172	0.0	0.0	70238.859375	29	14.004489	313
212502.359375	0.0	0.0	212502.359375	20	24.182765	313
101.30587768554688	0.0	0.0	213376.625	43	13.369812	313
38308.81640625	0.0	0.0	235711.21875	1216	13.750003	313
19775.04296875	0.0	1822.6239013671875	21531.046875	33	13.480994	313
44498.28515625	0.0	0.0	71385.890625	37	13.283775	313
32458.939453125	0.0	0.0	70573.4140625	17	13.546919	313
4272.88623046875	0.0	0.0	5970.806640625	9	13.387692	313
213368.359375	0.0	0.0	213368.359375	61	13.314503	313
51526.6484375	42280.8046875	0.0	100040.40625	5	15.995673	313
103452.5390625	0.0	0.0	103452.5390625	11	15.786162	313
2634.969970703125	0.0	496473.3125	213881.40625	160	13.672905	313
9609.8623046875	0.0	0.0	9609.8623046875	33	13.323163	313
15164.4619140625	0.0	0.0	70573.421875	18	13.594688	313
4362.93212890625	0.0	0.0	6146.41748046875	17	13.409202	313
12033.357421875	0.0	0.0	45806.15234375	11	13.293272	313
58475.21875	0.0	33787.0390625	124564.9296875	51	13.621225	313
2370.222412109375	0.0	7962.23291015625	87828.46875	1081	13.552786	313
61903.82421875	0.0	0.0	61903.82421875	28	13.3497	313
29549.376953125	0.0	0.0	74698.7578125	55	13.675697	313
73217.3046875	0.0	0.0	86155.78125	31	13.501945	313
78668.578125	26520.609375	0.0	78668.578125	11	15.916058	313
10511.0751953125	8619.921875	0.0	66315.21875	5	16.040647	313
68908.921875	0.0	0.0	212917.8125	14	13.368137	313
15542.0126953125	0.0	0.0	70601.1796875	60	13.671507	313
15106.888671875	0.0	0.0	214072.6875	96	13.355845	313
5299.8623046875	0.0	0.0	5299.8623046875	8	26.375637	313
37.89590835571289	0.0	0.0	45592.5	16	13.326235	313
3700.1669921875	0.0	71938.703125	70563.640625	20	13.636031	313
20.655824661254883	0.0	157374.390625	70245.3515625	14	13.421771	313
23.243040084838867	0.0	0.0	70245.5546875	47	13.337967	313
2253.0810546875	0.0	0.0	2245.861083984375	5	13.524012	313
22473.998046875	0.0	0.0	70902.90625	53	13.51619	313
471.7276306152344	0.0	1822.6239013671875	2137.070556640625	49	13.295786	313
9468.384765625	0.0	1822.6239013671875	11242.068359375	37	13.577088	313
212591.546875	0.0	0.0	212591.546875	18	13.332938	313
3640.75390625	0.0	0.0	70241.890625	29	13.609212	313
403.5573425292969	0.0	0.0	212902.5625	63	13.497753	313
5255.1494140625	0.0	0.0	5231.69580078125	9	13.323441	313
50.32080841064453	0.0	0.0	7761.87255859375	13	13.531275	313
100868.15625	0.0	0.0	132463.109375	37	13.545244	313
41534.75	0.0	0.0	62092.30078125	189	13.344393	313
66679.5234375	0.0	0.0	213147.296875	56	13.596922	313
70245.296875	0.0	0.0	70245.296875	9	13.417024	313
280.7943115234375	0.0	0.0	213561.484375	35	13.349701	313
24479.88671875	0.0	0.0	70743.5078125	12	13.566473	313
20191.416015625	0.0	176975.75	76921.75	121	13.557255	313
626.4775390625	0.0	0.0	70624.0703125	49	13.422889	313
1224286.25	0.0	0.0	1224286.25	10	16.227531	313
116631.921875	0.0	0.0	116631.921875	10	15.890637	313
8095.62841796875	0.0	0.0	53690.8203125	37	13.643574	313
7329.6611328125	0.0	0.0	213219.546875	54	24.493958	313
16674.0625	0.0	0.0	70638.3359375	134	13.380428	313
590.777099609375	0.0	0.0	70068.890625	14	13.69218	313
56600.7734375	0.0	0.0	91575.125	11	13.32819	313
68818.4375	0.0	0.0	212827.328125	14	13.594129	313
7.778934478759766	0.0	0.0	1788.923583984375	6	13.411994	313
57237.43359375	0.0	0.0	91865.2578125	11	13.285171	313
7716.13525390625	38043.9375	0.0	76168.984375	7	16.083387	313
9428.7900390625	0.0	0.0	9281.4072265625	21	13.286009	313
73894.9375	0.0	0.0	119320.8046875	16	13.648881	313
76086.53125	0.0	0.0	213275.96875	61	13.403335	313
54768.72265625	0.0	0.0	81571.2421875	13	13.60586	313
50474.1875	0.0	0.0	70842.390625	19	13.535187	313
364250.6875	303197.78125	0.0	364250.6875	12	15.86829	313
198.39169311523438	0.0	0.0	84108.5625	8	13.472611	313
44109.484375	0.0	0.0	245210.84375	287	13.575413	313
60770.625	0.0	0.0	60770.625	21	13.356404	313
48008.5703125	0.0	0.0	52498.3984375	37	13.64916	313
1508.3111572265625	0.0	0.0	1508.3111572265625	17	13.281539	313
6136.41552734375	0.0	1822.6239013671875	7494.04052734375	41	13.608374	313
268092.75	451033.59375	0.0	437703.84375	12	16.014668	313
281.1787109375	0.0	0.0	70239.6953125	24	13.325676	313
4864.78125	0.0	1822.6239013671875	6540.06201171875	13	13.596363	313
56269.27734375	0.0	0.0	91655.28125	12	13.492446	313
49699.19140625	0.0	0.0	75777.640625	11	13.378473	313
4437.27197265625	0.0	0.0	71222.6796875	34	13.625696	313
50.32080841064453	0.0	0.0	7761.87255859375	13	23.411769	313
525.8604125976562	0.0	0.0	70573.3828125	24	13.344392	313
90.15911865234375	0.0	0.0	70132.1171875	29	13.665084	313
39665.83203125	0.0	0.0	32363.724609375	17	13.239079	313
44740.8828125	0.0	0.0	70712.828125	18	13.548316	313
403.5573425292969	0.0	0.0	212902.5625	63	13.493005	313
22473.998046875	0.0	0.0	70902.90625	53	13.295228	313
525.921630859375	0.0	0.0	71008.0625	29	13.572339	313
212839.09375	0.0	0.0	212839.09375	44	13.463396	313
41.20267105102539	0.0	0.0	70238.0859375	9	13.27288	313
35315.83203125	0.0	0.0	73354.1796875	53	13.544963	313
1041367.6875	0.0	0.0	1041367.6875	6	15.923042	313
72702.015625	0.0	0.0	72702.015625	6	15.915779	313
111.06521606445312	0.0	0.0	45722.1953125	18	13.316179	313
6786.07177734375	0.0	1822.6239013671875	8335.2216796875	53	13.475406	313
95299.125	0.0	0.0	100304.5	4	13.360595	313
131798.46875	0.0	0.0	214147.046875	99	13.322883	313
70891.8203125	0.0	0.0	70891.8203125	33	13.554182	313
14270.7255859375	0.0	71938.703125	70585.6484375	37	13.444398	313
72906.4765625	3078.1953125	0.0	72906.4765625	9	15.881419	313
44717.65625	0.0	0.0	70902.90625	53	13.637427	313
68328.140625	0.0	0.0	212473.171875	20	13.298858	313
71037.0546875	0.0	0.0	71037.0546875	20	13.592173	313
70593.7578125	0.0	0.0	70593.7578125	46	13.480714	313
75286.2734375	0.0	0.0	246479.15625	948	13.414508	313
61715.91796875	0.0	0.0	61715.91796875	61	13.620107	313
3642.395751953125	0.0	157374.390625	70242.8359375	29	23.631893	313
14759.744140625	0.0	33787.0390625	32550.560546875	9	13.286567	313
60266.875	0.0	33787.0390625	125708.3515625	505	13.685753	313
56658.82421875	0.0	0.0	213386.875	533	13.562841	313
7405.8828125	0.0	71938.703125	70143.1484375	20	13.304724	313
213887.3125	0.0	0.0	213887.3125	36	13.530157	313
23800.421875	0.0	0.0	79496.890625	45	13.461718	313
8664.9384765625	0.0	0.0	8664.9384765625	9	13.295786	313
313946.34375	0.0	0.0	313946.34375	7	16.006009	313
104.86787414550781	0.0	0.0	45719.07421875	18	13.279584	313
79512.1796875	0.0	0.0	79512.1796875	21	13.550272	313
67536.6875	0.0	0.0	211545.578125	14	13.447752	313
16398.45703125	0.0	53931.125	220972.59375	111	13.349141	313
27959.365234375	0.0	0.0	17431.365234375	3	13.547479	313
41.792335510253906	0.0	0.0	6903.326171875	4	13.327911	313
70602.3515625	0.0	0.0	70602.3515625	73	13.599995	313
70245.328125	0.0	0.0	70245.328125	8	13.455574	313
26622.662109375	0.0	0.0	26622.662109375	41	13.29411	313
52239.484375	0.0	157374.390625	83267.75	21	13.540215	313
68648.4140625	0.0	0.0	212793.453125	20	13.442444	313
90.26466369628906	0.0	496473.3125	213735.171875	25	13.372606	313
109429.390625	0.0	0.0	109429.390625	11	16.155738	313
60659.203125	0.0	0.0	60659.203125	21	13.514794	313
8695.947265625	0.0	0.0	45789.11328125	11	13.37121	313
54223.484375	0.0	0.0	70599.9453125	20	13.622901	313
49017.390625	0.0	0.0	49017.390625	9	13.432666	313
9789.98828125	0.0	0.0	213699.359375	44	24.029125	313
43089.9296875	0.0	0.0	244864.203125	106	13.534627	313
1705.0101318359375	0.0	0.0	7796.37353515625	12	13.380149	313
153339.625	0.0	0.0	253431.46875	2215	13.69609	313
7413.18310546875	0.0	0.0	213480.25	36	13.438253	313
3661.594970703125	0.0	0.0	3661.594970703125	21	13.2726	313
25727.248046875	0.0	71938.703125	71851.5703125	58	13.574574	313
2852.386962890625	0.0	1822.6239013671875	72564.8515625	442	13.357801	313
3222.207763671875	0.0	0.0	4403.45361328125	6	13.596642	313
33829.36328125	0.0	0.0	71037.0546875	20	13.335732	313
640498.8125	0.0	0.0	640498.8125	6	16.06914	313
33549.2421875	0.0	0.0	33306.375	5	13.229301	313
572.92724609375	0.0	0.0	213017.921875	85	13.642177	313
42731.01171875	0.0	0.0	95570.171875	361	13.304725	313
414.8956604003906	0.0	0.0	212844.625	19	13.593569	313
64055.703125	0.0	0.0	246476.71875	982	13.534627	313
40377.37109375	0.0	0.0	40377.37109375	97	13.307798	313
70714.921875	0.0	0.0	70714.921875	60	13.647765	313
1205.088134765625	0.0	0.0	2743.328857421875	25	13.429873	313
14663.380859375	0.0	0.0	57480.1796875	91	13.328191	313
61827.46875	0.0	0.0	61827.46875	92	13.667877	313
691.9586791992188	0.0	0.0	82925.046875	631	13.378194	313
1573.9171142578125	0.0	0.0	3240.017333984375	49	13.64916	313
147.26011657714844	0.0	0.0	32554.162109375	15	13.506415	313
70652.2734375	0.0	0.0	70652.2734375	43	13.411435	313
19528.05078125	0.0	71938.703125	70215.96875	58	13.61061	313
1914.4630126953125	0.0	71938.703125	72034.4375	45	13.496637	313
70807.34375	0.0	0.0	213780.015625	30	23.43691	313
32131.525390625	26363.51171875	0.0	84124.8828125	5	15.931423	313
5228.52978515625	0.0	1822.6239013671875	6995.92333984375	9	13.314502	313
5550.36474609375	0.0	0.0	50871.40625	15	13.55949	313
8642.041015625	14204.546875	0.0	76930.6171875	11	15.988131	313
40403.66015625	0.0	0.0	40403.66015625	33	13.279864	313
