421141.3125	0.0	0.0	421141.3125	12	79.253183	313
213516.703125	0.0	0.0	213516.703125	274	22.430145	313
446905.0	0.0	0.0	446905.0	12	27.412575	313
40822.29296875	0.0	0.0	40822.29296875	289	20.808537	313
212887.375	0.0	0.0	212887.375	20	20.580871	313
213277.390625	0.0	0.0	213277.390625	116	20.811052	313
7740.94873046875	0.0	0.0	7740.94873046875	8	21.618922	313
454148.9375	0.0	0.0	454148.9375	12	20.248447	313
45755.9375	0.0	0.0	45755.9375	11	20.532263	313
212949.75	0.0	0.0	212949.75	20	20.228613	313
213662.390625	0.0	0.0	213662.390625	101	21.777313	313
40379.7734375	0.0	0.0	40379.7734375	161	15.820803	313
46208.46484375	0.0	0.0	46208.46484375	6	24.700677	313
213750.046875	0.0	0.0	213750.046875	42	20.404604	313
212639.96875	0.0	0.0	212639.96875	18	20.348455	313
73107.9921875	0.0	0.0	73107.9921875	6	19.813226	313
605225.0	0.0	0.0	605225.0	9	25.086455	313
53817.6875	0.0	0.0	53817.6875	91	15.703756	313
639229.0625	0.0	0.0	639229.0625	5	39.211901	313
233984.71875	0.0	0.0	233984.71875	16	24.726657	313
213903.484375	0.0	0.0	213903.484375	97	15.759904	313
635197.5625	0.0	0.0	635197.5625	12	33.55066	313
68787.8984375	0.0	0.0	68787.8984375	25	17.875676	313
212949.75	0.0	0.0	212949.75	20	20.869995	313
45711.17578125	0.0	0.0	45711.17578125	11	15.0431	313
138394.078125	0.0	0.0	138394.078125	7	21.853854	313
213755.40625	0.0	0.0	213755.40625	27	15.124112	313
213279.21875	0.0	0.0	213279.21875	88	20.85491	313
59350.59765625	0.0	0.0	59350.59765625	11	14.864598	313
619724.75	0.0	0.0	619724.75	5	22.310306	313
56638.0234375	0.0	0.0	56638.0234375	91	15.068521	313
6906.83251953125	0.0	0.0	6906.83251953125	4	19.442533	313
229360.78125	0.0	0.0	229360.78125	17	17.688235	313
123088.9921875	0.0	0.0	123088.9921875	6	17.56197	313
229360.78125	0.0	0.0	229360.78125	17	22.190188	313
212358.28125	0.0	0.0	212358.28125	14	14.940861	313
78668.578125	0.0	0.0	78668.578125	13	23.174607	313
304733.5625	0.0	0.0	304733.5625	17	17.347991	313
70585.6484375	0.0	0.0	70585.6484375	37	19.446444	313
67402.1875	0.0	0.0	67402.1875	5	17.484313	313
291666.53125	0.0	0.0	291666.53125	16	17.415035	313
492288.15625	0.0	0.0	492288.15625	5	22.873749	313
246070.34375	0.0	0.0	246070.34375	11	17.409168	313
593214.625	0.0	0.0	593214.625	9	17.413079	313
589609.0	0.0	0.0	589609.0	12	23.093595	313
454148.9375	0.0	0.0	454148.9375	12	17.479284	313
124903.984375	0.0	0.0	124903.984375	301	19.420465	313
60629.23828125	0.0	0.0	60629.23828125	21	14.80789	313
153503.765625	0.0	0.0	153503.765625	6	17.521745	313
212372.28125	0.0	48752.00390625	212372.28125	19	25.066623	313
263131.125	0.0	0.0	263131.125	16	17.811985	313
40605.44140625	0.0	0.0	40605.44140625	217	14.97522	313
227110.671875	0.0	0.0	227110.671875	6	22.926545	313
567827.0	0.0	0.0	567827.0	9	17.378439	313
30.838071823120117	0.0	0.0	32512.603515625	9	14.698666	313
94700.7421875	0.0	0.0	91865.2578125	11	19.52885	313
258425.0625	0.0	0.0	258425.0625	91	14.953989	313
63010.13671875	0.0	0.0	68984.1171875	241	14.922702	313
45731.18359375	0.0	0.0	45731.18359375	11	20.45684	313
561425.0	0.0	0.0	561425.0	12	17.439616	313
342617.8125	0.0	0.0	342617.8125	11	17.373691	313
61321.27734375	0.0	0.0	61321.27734375	18	20.503213	313
213902.453125	0.0	0.0	221597.96875	213	14.970191	313
147873.984375	0.0	0.0	147873.984375	10	17.416432	313
151497.21875	0.0	0.0	151497.21875	11	21.772006	313
185747.28125	0.0	0.0	185747.28125	12	17.308325	313
249126.65625	0.0	0.0	249126.65625	12	17.28877	313
173697.40625	0.0	0.0	173697.40625	10	16.875895	313
101086.8125	68538.77734375	0.0	101086.8125	6	21.865029	313
60680.42578125	0.0	0.0	60680.42578125	23	14.396413	313
45649.87109375	0.0	0.0	45649.87109375	11	13.838837	313
280309.78125	0.0	0.0	280309.78125	16	32.042188	313
61719.70703125	0.0	0.0	61719.70703125	19	13.811741	313
45734.40234375	0.0	0.0	45734.40234375	13	13.993316	313
213534.46875	0.0	0.0	213534.46875	19	13.887723	313
92348.234375	0.0	0.0	92348.234375	26	21.591827	313
212602.859375	0.0	0.0	212602.859375	17	13.808109	313
313680.6875	0.0	0.0	313680.6875	16	16.641244	313
465323.8125	0.0	0.0	465323.8125	5	16.408548	313
61168.5078125	0.0	0.0	61168.5078125	5	22.603341	313
326868.0625	0.0	0.0	326868.0625	14	18.401686	313
326025.125	0.0	0.0	326025.125	14	15.909355	313
233984.71875	0.0	0.0	233984.71875	16	25.730628	313
214027.90625	0.0	0.0	239887.65625	2322	13.92264	313
213553.5625	0.0	0.0	213553.5625	66	13.777102	313
212842.34375	0.0	0.0	212842.34375	19	13.736596	313
2306.13916015625	0.0	0.0	32672.0703125	14	22.519536	313
301635.65625	0.0	0.0	301635.65625	16	16.326978	313
369787.21875	0.0	0.0	369787.21875	9	16.195685	313
660808.375	0.0	0.0	660808.375	5	16.102664	313
45388.15234375	0.0	0.0	45388.15234375	6	17.188206	313
678306.9375	0.0	0.0	678306.9375	5	31.365891	313
660837.1875	0.0	0.0	660837.1875	5	16.135627	313
624959.8125	0.0	0.0	624959.8125	12	16.199597	313
105522.125	0.0	0.0	105522.125	7	16.187865	313
466086.71875	0.0	0.0	466086.71875	12	29.685341	313
179051.4375	0.0	0.0	179051.4375	11	16.143727	313
469147.8125	0.0	0.0	469147.8125	9	16.076405	313
213103.734375	0.0	0.0	213103.734375	63	13.590777	313
381.13623046875	0.0	47389.77734375	32573.046875	7	25.375019	313
384270.75	0.0	0.0	384270.75	5	16.148198	313
58390.53125	0.0	0.0	107595.515625	883	13.710058	313
452284.78125	0.0	0.0	452284.78125	9	16.196803	313
213017.921875	0.0	0.0	213017.921875	85	13.566195	313
4318.47607421875	0.0	0.0	4318.47607421875	29	22.373439	313
84125.859375	0.0	0.0	84125.859375	8	13.64972	313
413263.84375	0.0	0.0	413263.84375	9	16.136185	313
213667.5625	0.0	0.0	213667.5625	114	13.67961	313
377033.53125	0.0	0.0	377033.53125	12	16.018859	313
132797.8125	87297.046875	0.0	132797.8125	6	25.891252	313
212328.109375	0.0	0.0	212328.109375	18	13.471496	313
617874.1875	0.0	0.0	617874.1875	9	15.944273	313
57706.88671875	0.0	0.0	91538.390625	11	13.411437	313
70797.6640625	0.0	0.0	70797.6640625	44	13.329867	313
212695.75	0.0	0.0	212695.75	36	22.243263	313
633559.75	0.0	0.0	633559.75	9	15.913265	313
212904.5625	0.0	0.0	212904.5625	20	13.48267	313
416292.5625	0.0	0.0	416292.5625	9	15.859073	313
57932.44921875	0.0	0.0	57932.44921875	5	15.737837	313
212897.703125	0.0	0.0	212897.703125	20	24.17746	313
60708.0703125	0.0	0.0	91914.9765625	11	13.448311	313
630438.25	0.0	0.0	630438.25	12	16.056572	313
1448.504638671875	0.0	0.0	52153.0	25	13.456411	313
212761.9375	0.0	0.0	212761.9375	20	13.375123	313
415971.6875	0.0	0.0	415971.6875	12	24.491725	313
31.844938278198242	0.0	0.0	7822.29248046875	9	13.41479	313
83041.140625	73462.8515625	0.0	118921.9921875	7	15.930586	313
641807.0	0.0	0.0	641807.0	12	15.990646	313
81405.671875	0.0	0.0	81405.671875	111	13.39719	313
213819.578125	0.0	0.0	213819.578125	147	13.393558	313
535379.4375	0.0	0.0	535379.4375	5	26.680687	313
634652.75	0.0	0.0	634652.75	12	16.012435	313
213103.734375	0.0	0.0	213103.734375	53	13.464233	313
433826.34375	0.0	0.0	433826.34375	12	16.007406	313
212793.453125	0.0	0.0	212793.453125	18	13.344114	313
538107.5625	0.0	0.0	538107.5625	9	15.761861	313
63883.8984375	18502.54296875	0.0	63883.8984375	6	23.398362	313
213043.046875	0.0	0.0	213043.046875	63	13.463115	313
58040.79296875	0.0	0.0	58040.79296875	7	13.447473	313
212328.109375	0.0	0.0	212328.109375	18	13.437695	313
212693.265625	0.0	0.0	212693.265625	19	13.337689	313
52425.2421875	19872.76953125	0.0	52425.2421875	7	16.1725	313
681062.625	0.0	0.0	681062.625	9	26.706386	313
212141.1875	0.0	0.0	212141.1875	18	13.46563	313
299525.25	0.0	0.0	299525.25	17	16.030312	313
57228.03515625	0.0	0.0	81639.71875	6	13.385456	313
53646.23046875	8159.72265625	0.0	53646.23046875	6	15.768843	313
61951.14453125	16568.9296875	0.0	61951.14453125	6	15.781414	313
213376.625	0.0	0.0	213376.625	43	20.844294	313
213305.828125	0.0	190836.77734375	213305.828125	218	15.443966	313
23949.50390625	0.0	0.0	45806.15234375	11	13.452222	313
288889.53125	0.0	0.0	288889.53125	16	16.068584	313
8837.7216796875	0.0	0.0	61785.63671875	31	13.319811	313
249099.25	0.0	0.0	249099.25	12	15.802366	313
73020.84375	0.0	0.0	73020.84375	9	25.578105	313
213543.6875	0.0	0.0	213543.6875	110	13.541892	313
11912.197265625	10438.599609375	0.0	17340.802734375	4	15.955448	313
110357.359375	64793.44140625	0.0	110357.359375	7	15.92472	313
287584.5	0.0	0.0	287584.5	16	15.906562	313
97175.078125	64626.767578125	0.0	97175.078125	6	15.809909	313
497398.0625	0.0	0.0	497398.0625	8	15.730294	313
323361.34375	0.0	0.0	323361.34375	10	23.284109	313
484888.6875	0.0	0.0	484888.6875	12	15.926954	313
98585.125	0.0	0.0	98585.125	11	15.910752	313
213264.578125	0.0	0.0	213264.578125	36	13.38015	313
212930.859375	0.0	0.0	245210.84375	287	13.386016	313
495623.25	0.0	0.0	495623.25	12	15.790074	313
156273.96875	0.0	0.0	156273.96875	11	25.23339	313
342617.8125	0.0	0.0	342617.8125	10	15.888683	313
213667.5625	0.0	0.0	213667.5625	109	13.489374	313
359424.46875	0.0	0.0	359424.46875	14	16.026959	313
30.288959503173828	7.578125	0.0	45388.15234375	6	15.828624	313
212604.359375	0.0	0.0	212604.359375	14	13.299977	313
619560.25	0.0	0.0	619560.25	9	15.735601	313
697760.1875	0.0	0.0	697760.1875	12	23.267906	313
2272454.75	0.0	0.0	2272454.75	2	15.814656	313
220908.28125	0.0	0.0	252858.0625	925	13.500548	313
61432.5859375	0.0	0.0	61432.5859375	61	13.455852	313
84133.8359375	0.0	0.0	84133.8359375	8	13.318693	313
213866.296875	0.0	0.0	213866.296875	119	13.32037	313
600163.5	0.0	0.0	600163.5	5	15.751805	313
213009.296875	0.0	0.0	213009.296875	114	23.054767	313
247918.671875	0.0	0.0	247918.671875	16	16.062438	313
560943.5	0.0	0.0	560943.5	5	15.860469	313
212693.265625	0.0	0.0	212693.265625	19	13.450825	313
212789.71875	0.0	0.0	212789.71875	53	13.358082	313
55182.80078125	9677.2421875	0.0	55182.80078125	8	15.750966	313
213226.015625	0.0	0.0	213226.015625	199	13.417583	313
213926.03125	0.0	0.0	213926.03125	86	13.313665	313
61507.9453125	0.0	0.0	61507.9453125	61	21.126156	313
212793.453125	0.0	0.0	212793.453125	18	13.464793	313
218512.3125	0.0	0.0	218512.3125	17	16.025563	313
291047.15625	0.0	0.0	291047.15625	17	15.963549	313
214294.71875	0.0	0.0	246334.03125	346	13.360316	313
71779.3828125	39242.21875	0.0	71779.3828125	6	15.787281	313
13501.3642578125	10986.4375	0.0	56371.578125	6	15.728338	313
60987.95703125	0.0	0.0	60987.95703125	62	23.030742	313
220367.625	0.0	0.0	220367.625	12	15.948742	313
356739.1875	0.0	0.0	356739.1875	15	16.007685	313
1702950.75	0.0	496473.3125	1702950.75	6	17.135129	313
61070.97265625	50113.68359375	0.0	107894.8125	5	15.742027	313
132676.515625	0.0	0.0	132676.515625	11	15.802645	313
292497.0	0.0	0.0	292497.0	12	15.79147	313
8504.9873046875	0.0	0.0	8504.9873046875	2	15.666044	313
212494.78125	0.0	0.0	212494.78125	19	20.811611	313
459214.6875	246529.484375	0.0	459214.6875	12	15.908796	313
49979.265625	0.0	0.0	49979.265625	9	15.875554	313
361136.28125	148698.515625	0.0	361136.28125	10	15.838401	313
430171.15625	217590.625	0.0	430171.15625	5	15.655429	313
1490237.25	0.0	0.0	1490237.25	6	15.672748	313
29990.654296875	24606.53125	0.0	82391.53125	5	15.619672	313
1309.9559326171875	0.0	0.0	1309.9559326171875	3	22.712567	313
32865.19140625	26965.6171875	0.0	84747.234375	5	15.884494	313
30.287479400634766	7.578125	0.0	45388.15234375	6	15.846503	313
70541.140625	59090.28125	0.0	116858.9609375	5	15.832535	313
18529.55859375	15200.57421875	0.0	72984.265625	5	15.784209	313
469150.8125	256387.28125	0.0	469150.8125	9	15.797338	313
13187.6904296875	0.0	0.0	13187.6904296875	81	13.25193	313
5328.412109375	4366.58984375	0.0	62146.8515625	5	15.679733	313
34097.53125	27674.90625	0.0	85464.0625	5	23.231313	313
252896.9375	0.0	0.0	252896.9375	6	15.825551	313
363306.25	150501.125	0.0	363306.25	11	15.89902	313
1616215.125	0.0	0.0	1616215.125	6	15.856001	313
376827.28125	333751.921875	0.0	546368.8125	12	15.780297	313
617857.5	405227.78125	0.0	617857.5	9	15.717724	313
11832.94140625	9700.75	0.0	67402.1875	5	15.627495	313
17794.703125	14597.4921875	0.0	72279.3046875	5	15.677498	313
996687.25	0.0	0.0	996687.25	6	17.301619	313
1014833.0625	0.0	0.0	1014833.0625	6	23.652567	313
30.287479400634766	7.578125	0.0	45388.15234375	6	15.86857	313
44845.984375	36209.35546875	0.0	81626.5625	6	15.831696	313
60745.359375	49452.49609375	0.0	107141.9921875	5	15.791471	313
342617.8125	129729.5625	0.0	342617.8125	10	15.71465	313
65615.1015625	0.0	0.0	65615.1015625	6	15.737557	313
1234021.5	0.0	0.0	1234021.5	6	15.665764	313
185433.59375	0.0	0.0	185433.59375	5	15.667162	313
2272454.75	0.0	0.0	2272454.75	2	23.207846	313
71529.640625	0.0	0.0	71529.640625	12	13.413113	313
560543.5	348142.875	0.0	560543.5	5	15.857117	313
13187.6904296875	0.0	0.0	13187.6904296875	81	13.390485	313
217507.578125	175926.078125	0.0	388603.28125	12	15.720795	313
249490.21875	36963.59375	0.0	249490.21875	17	15.802087	313
50105.75390625	41114.703125	0.0	98812.8125	5	15.670793	313
589852.375	377280.546875	0.0	589852.375	9	15.761582	313
5299.8623046875	0.0	0.0	5299.8623046875	8	31.022294	313
28346.583984375	23257.265625	0.0	80982.8671875	5	15.91634	313
680201.625	467841.65625	0.0	680201.625	12	15.898182	313
44845.984375	36209.35546875	0.0	81626.5625	6	15.870248	313
8502.3974609375	6913.52587890625	0.0	14675.8681640625	5	15.781693	313
3095.67529296875	0.0	1822.6239013671875	57999.4453125	7	14.5819	313
49343.35546875	40122.0234375	0.0	97834.375	5	15.696214	313
98547.46875	0.0	0.0	98547.46875	10	15.760465	313
51214.609375	42024.71484375	0.0	99747.21875	5	15.698728	313
70068.890625	0.0	0.0	70068.890625	14	21.325888	313
473353.0625	0.0	0.0	473353.0625	12	15.95405	313
116943.3046875	71517.58984375	0.0	116943.3046875	7	15.876951	313
49634.0	4402.2109375	0.0	49634.0	8	15.904327	313
60745.359375	49452.49609375	0.0	107141.9921875	5	15.713813	313
83471.140625	0.0	0.0	83471.140625	6	15.720796	313
26316.11328125	21590.88671875	0.0	79368.2109375	5	15.701521	313
61336.75	0.0	0.0	61336.75	78	13.363668	313
438384.59375	0.0	0.0	438384.59375	12	15.780577	313
42771.8203125	35095.84375	0.0	92823.265625	5	26.018354	313
295059.125	0.0	0.0	295059.125	6	15.858793	313
472466.3125	0.0	0.0	472466.3125	12	15.987013	313
605225.0	0.0	0.0	605225.0	9	15.959358	313
246217.515625	0.0	0.0	246217.515625	1376	13.449986	313
1384009.375	0.0	0.0	1384009.375	10	15.730014	313
8713.7626953125	7279.318359375	0.0	14196.54296875	4	15.704872	313
495617.75	0.0	0.0	495617.75	12	15.745098	313
10839.10546875	8816.578125	0.0	54206.5625	6	15.682246	313
1168349.75	0.0	0.0	1168349.75	6	23.644189	313
81683.6875	0.0	0.0	81683.6875	155	13.431271	313
19511.423828125	16006.37890625	0.0	73702.5234375	5	15.794265	313
511540.34375	0.0	0.0	511540.34375	12	15.933659	313
372750.625	0.0	0.0	372750.625	9	15.778063	313
212190.828125	0.0	0.0	212190.828125	16	15.759625	313
1335243.0	0.0	0.0	1335243.0	11	15.744262	313
3595.83251953125	0.0	0.0	3595.83251953125	13	13.238801	313
326706.3125	0.0	0.0	326706.3125	11	15.701522	313
165993.078125	0.0	0.0	165993.078125	4	26.854719	313
50039.1875	0.0	0.0	50039.1875	9	15.873878	313
680201.625	0.0	0.0	680201.625	12	15.90321	313
2272454.75	0.0	0.0	2272454.75	2	15.769682	313
227935.140625	0.0	0.0	227935.140625	17	15.8817	313
1378560.25	0.0	0.0	1378560.25	6	15.673866	313
393977.0	0.0	0.0	393977.0	12	15.782811	313
316049.3125	0.0	0.0	316049.3125	10	15.662133	313
454691.53125	0.0	0.0	454691.53125	5	15.691465	313
535787.8125	0.0	0.0	535787.8125	9	15.758508	313
25248.76953125	20714.93359375	0.0	78482.265625	5	23.618765	313
15568.30859375	12559.6875	0.0	57940.47265625	6	15.814097	313
266776.9375	0.0	0.0	266776.9375	15	15.900974	313
213561.484375	0.0	0.0	213561.484375	35	13.406129	313
212431.03125	0.0	0.0	212431.03125	360	13.343555	313
40814.8828125	33489.81640625	0.0	91218.9375	5	15.664926	313
59945.3125	14508.76171875	0.0	59945.3125	8	15.787001	313
246070.34375	0.0	0.0	246070.34375	11	15.7018	313
49944.51953125	0.0	0.0	49944.51953125	9	15.758229	313
110357.359375	0.0	83184.27734375	110357.359375	7	18.344978	313
4127.4580078125	0.0	0.0	4127.4580078125	6	25.030865	313
526492.625	0.0	0.0	526492.625	12	15.912708	313
23468.556640625	19253.93359375	0.0	76964.390625	5	15.850135	313
1109.87841796875	832.54296875	0.0	49829.8515625	9	15.796779	313
440800.25	0.0	0.0	440800.25	12	15.740352	313
151504.15625	0.0	0.0	151504.15625	11	15.728339	313
45388.15234375	0.0	0.0	45388.15234375	6	15.708227	313
529318.0	0.0	0.0	529318.0	12	15.740351	313
525892.25	0.0	0.0	525892.25	9	15.735043	313
4127.4580078125	0.0	0.0	4127.4580078125	6	15.658503	313
80161.3515625	0.0	0.0	81405.671875	111	22.18907	313
299990.5	0.0	0.0	299990.5	16	15.956285	313
2272454.75	0.0	0.0	2272454.75	2	15.806277	313
40275.97265625	0.0	0.0	40275.97265625	25	13.308358	313
212190.828125	0.0	0.0	212190.828125	17	15.785046	313
4842.228515625	0.0	0.0	4842.228515625	4	15.637271	313
92204.953125	0.0	0.0	92204.953125	8	15.708226	313
289220.3125	0.0	0.0	289220.3125	10	15.757391	313
71004.03125	59528.765625	0.0	117276.078125	5	15.665485	313
28415.283203125	22748.39453125	0.0	55246.36328125	6	16.24485	313
249099.25	0.0	0.0	249099.25	12	25.234228	313
472154.4375	0.0	0.0	472154.4375	12	15.913545	313
1131817.875	0.0	0.0	1131817.875	6	15.876671	313
339408.84375	0.0	0.0	339408.84375	14	15.908237	313
428839.0	0.0	0.0	428839.0	12	15.785604	313
61205.453125	0.0	0.0	61205.453125	66	13.288523	313
216588.984375	0.0	0.0	216588.984375	17	15.824434	313
310584.25	0.0	0.0	310584.25	16	15.820801	313
1682651.625	0.0	0.0	1682651.625	6	15.703476	313
1080736.5	0.0	0.0	1080736.5	6	15.678335	313
73873.1328125	0.0	0.0	73082.046875	52	20.879492	313
6891.3212890625	0.0	0.0	6891.3212890625	6	15.861028	313
288984.40625	0.0	0.0	288984.40625	16	15.933939	313
54482.34765625	44706.5	0.0	102419.2890625	5	15.796779	313
1015974.875	0.0	0.0	1015974.875	6	15.72387	313
650456.25	0.0	0.0	650456.25	9	15.665765	313
455715.8125	0.0	0.0	455715.8125	12	15.750966	313
261004.375	0.0	0.0	261004.375	17	15.802365	313
526577.125	0.0	0.0	526577.125	5	15.68532	313
50322.09765625	0.0	0.0	50322.09765625	193	13.292994	313
62132.8359375	0.0	0.0	62132.8359375	6	16.919474	313
50926.04296875	41787.890625	0.0	99556.046875	5	24.325794	313
83410.3125	71810.89453125	0.0	129529.484375	5	15.82611	313
45388.15234375	0.0	0.0	45388.15234375	6	15.833374	313
56745.15625	46563.5546875	0.0	104275.3359375	5	15.735881	313
81644.3359375	0.0	0.0	81644.3359375	6	13.23936	313
60910.77734375	0.0	0.0	60910.77734375	25	13.301374	313
60065.75	27516.279296875	0.0	60065.75	6	15.679452	313
58884.4921875	0.0	0.0	58884.4921875	2	13.21757	313
20800.8828125	16743.2890625	119328.48046875	62132.8359375	6	17.487385	313
1469853.125	0.0	0.0	1469853.125	6	15.691744	313
81039.34375	69482.74609375	0.0	127231.9453125	5	23.115103	313
593214.625	0.0	0.0	593214.625	9	15.895946	313
361724.6875	0.0	0.0	361724.6875	8	15.83924	313
506515.125	0.0	0.0	506515.125	9	15.843988	313
61492.59375	50459.7109375	0.0	108169.6875	5	15.735043	313
454691.53125	0.0	0.0	454691.53125	5	15.65459	313
11579.65625	9496.89453125	0.0	67242.9609375	5	15.683643	313
5299.8623046875	0.0	0.0	5299.8623046875	8	15.709063	313
35631.359375	28925.109375	0.0	86697.2734375	5	15.653473	313
2655.721923828125	2173.15234375	0.0	59944.78125	5	15.704594	313
84097.984375	0.0	0.0	84097.984375	8	13.220084	313
381317.1875	0.0	0.0	381317.1875	12	25.575032	313
372750.625	0.0	0.0	372750.625	9	15.883376	313
183331.828125	0.0	0.0	183331.828125	11	15.935335	313
103370.484375	0.0	0.0	103370.484375	11	15.871923	313
22468.974609375	18433.59765625	0.0	76163.5546875	5	15.742866	313
350751.5	0.0	0.0	350751.5	13	15.739793	313
2272454.75	0.0	0.0	2272454.75	2	15.661854	313
415358.40625	0.0	0.0	415358.40625	5	15.694817	313
569448.375	0.0	0.0	569448.375	9	15.678335	313
1558094.75	0.0	0.0	1558094.75	6	15.700684	313
249212.390625	0.0	0.0	249212.390625	6	15.683923	313
111940.4296875	102047.5625	0.0	147540.78125	6	23.266511	313
4801.08984375	3929.796875	0.0	61706.00390625	5	15.785883	313
61741.96484375	0.0	0.0	61741.96484375	60	13.46144	313
5299.8623046875	0.0	0.0	5299.8623046875	8	16.021932	313
39349.01171875	32606.966796875	0.0	65129.703125	6	15.7708	313
16116.6650390625	0.0	0.0	70174.3671875	73	13.327073	313
31679.361328125	25705.10546875	0.0	83402.171875	5	15.668279	313
192884.0625	0.0	0.0	192884.0625	6	15.67163	313
416292.5625	0.0	0.0	416292.5625	9	15.692303	313
394282.9375	0.0	0.0	394282.9375	9	15.716047	313
1115886.375	0.0	0.0	1115886.375	6	15.697611	313
118921.9921875	73462.8515625	0.0	118921.9921875	7	16.560233	313
2849.04443359375	0.0	0.0	58058.37890625	7	22.198567	313
569044.0	0.0	0.0	569044.0	5	15.815494	313
346432.25	0.0	0.0	346432.25	13	15.896784	313
619724.75	0.0	0.0	619724.75	5	15.772196	313
1281.85888671875	963.39453125	0.0	49968.63671875	9	15.690346	313
229974.15625	0.0	0.0	229974.15625	17	15.796777	313
40444.859375	0.0	0.0	40444.859375	57	13.242711	313
202670.15625	0.0	0.0	202670.15625	11	15.704314	313
569044.0	0.0	0.0	569044.0	5	15.65487	313
57532.85546875	0.0	0.0	57532.85546875	7	13.245506	313
271025.25	259473.78515625	0.0	304858.6875	6	15.678056	313
42771.8203125	35095.84375	0.0	92823.265625	5	24.686152	313
84053.453125	0.0	0.0	84053.453125	8	13.360316	313
4894.6875	4010.63671875	0.0	61693.2890625	5	15.787561	313
136030.765625	123998.48828125	5444.5947265625	181682.125	5	17.560575	313
50535.4921875	41467.375	0.0	99151.9375	5	15.710461	313
1613.5615234375	0.0	0.0	58044.13671875	7	13.208631	313
56745.15625	46563.5546875	0.0	104275.3359375	5	15.673587	313
53788.6328125	44137.17578125	0.0	101921.7109375	5	15.649284	313
58315.56640625	0.0	0.0	58315.56640625	5	13.215895	313
58884.4921875	0.0	0.0	58884.4921875	2	13.186284	313
47487.953125	38966.30078125	0.0	96698.34375	5	15.633361	313
141341.453125	0.0	0.0	141341.453125	13	13.229024	313
61092.20703125	0.0	0.0	61092.20703125	12	30.188443	313
70983.2890625	59528.765625	0.0	117276.078125	5	15.820802	313
4894.6875	4010.63671875	0.0	61693.2890625	5	15.875275	313
82577.265625	0.0	0.0	75841.4453125	5	13.280423	313
160606.28125	0.0	0.0	160606.28125	11	15.790913	313
2051.10400390625	0.0	0.0	50827.35546875	33	13.224553	313
167742.109375	0.0	0.0	167742.109375	11	15.750128	313
15.215530395507812	0.0	0.0	48989.28125	9	13.205558	313
57532.85546875	0.0	0.0	57532.85546875	7	13.22176	313
15.299723625183105	0.0	0.0	58005.3671875	7	13.220922	313
2026.82861328125	0.0	0.0	3401.941650390625	106	13.253046	313
84064.3046875	0.0	0.0	84064.3046875	8	13.218128	313
15.164551734924316	0.0	0.0	5495.076171875	8	21.165264	313
134.76290893554688	0.0	0.0	58032.765625	7	13.336012	313
146.2875213623047	0.0	0.0	58048.78515625	7	13.351656	313
213553.5625	0.0	0.0	213553.5625	66	13.396352	313
61758.23828125	0.0	0.0	61758.23828125	44	13.29858	313
10457.513671875	0.0	0.0	57713.48828125	9	13.229583	313
1221.3570556640625	917.36328125	0.0	49902.69921875	9	15.712417	313
80.57303619384766	0.0	0.0	57987.6640625	7	13.217012	313
303024.9375	0.0	0.0	303024.9375	17	15.847621	313
58243.28515625	0.0	0.0	58243.28515625	9	13.205279	313
84060.6875	0.0	0.0	84060.6875	8	13.23461	313
61943.46484375	50829.73046875	0.0	108582.9296875	5	15.638949	313
1554778.875	0.0	0.0	1554778.875	6	25.93958	313
295059.125	0.0	0.0	295059.125	6	15.857956	313
57532.85546875	0.0	0.0	57532.85546875	7	13.412275	313
61870.4375	0.0	0.0	61870.4375	301	13.478201	313
115.604736328125	0.0	0.0	5595.5166015625	29	13.251092	313
190.0692596435547	0.0	0.0	59361.0	15	13.22595	313
531049.6875	0.0	0.0	531049.6875	12	15.746776	313
42771.8203125	35095.84375	0.0	92823.265625	5	15.669676	313
20983.916015625	17214.83203125	0.0	74912.1171875	5	15.636991	313
3409.509765625	0.0	0.0	3409.509765625	29	13.227627	313
52721.8046875	42884.35546875	0.0	100579.96875	5	15.664928	313
61424.859375	0.0	0.0	61424.859375	61	13.253326	313
84082.5	0.0	0.0	84082.5	8	20.727807	313
70983.2890625	59528.765625	0.0	117276.078125	5	15.800131	313
139263.5625	0.0	0.0	139263.5625	11	15.863263	313
58315.56640625	0.0	0.0	58315.56640625	5	13.319531	313
4842.228515625	0.0	0.0	4842.228515625	4	15.720517	313
540.5344848632812	0.0	3598.217041015625	59378.1796875	5	14.933038	313
45275.41015625	37150.50390625	0.0	94849.1796875	5	15.800969	313
2050.431640625	0.0	0.0	58037.22265625	7	13.193546	313
57532.85546875	0.0	0.0	57532.85546875	7	13.209189	313
38.34988784790039	0.0	0.0	3413.507568359375	16	13.223995	313
68781.828125	57345.69921875	0.0	115029.546875	5	15.622465	313
1349816.375	0.0	0.0	1349816.375	6	15.684201	313
57532.85546875	0.0	0.0	57532.85546875	7	13.211424	313
23602.318359375	0.0	0.0	23602.318359375	15	23.331876	313
953978.3125	0.0	0.0	953978.3125	6	15.846224	313
141714.71875	0.0	0.0	141714.71875	7	13.326236	313
33225.72265625	26965.6171875	0.0	84747.234375	5	15.821083	313
15.163318634033203	7.56396484375	0.0	5299.8623046875	8	15.688672	313
25626.41796875	20795.796875	0.0	78479.1875	5	15.653195	313
6118.93212890625	5015.35546875	0.0	62783.625	5	15.6085	313
141652.125	0.0	0.0	141652.125	7	13.211424	313
307.7642822265625	0.0	0.0	49044.94921875	9	13.230421	313
31.515127182006836	0.0	0.0	57995.609375	7	13.23908	313
329.1854553222656	0.0	0.0	70080.09375	20	13.236007	313
41882.84375	34366.2734375	0.0	92084.0234375	5	15.619113	313
139514.171875	0.0	0.0	139514.171875	49	13.236008	313
72906.4765625	3078.1953125	0.0	72906.4765625	9	23.459819	313
54165.890625	44068.12890625	0.0	101768.21875	5	15.833652	313
57532.85546875	0.0	0.0	57532.85546875	7	13.343835	313
1241.6378173828125	0.0	0.0	1241.6378173828125	5	13.289083	313
261.5480041503906	0.0	0.0	3595.832763671875	13	13.224834	313
32502.48828125	0.0	0.0	32502.48828125	9	13.208351	313
2936.693359375	0.0	0.0	61764.78125	57	13.244666	313
7.599775791168213	0.0	0.0	5292.298828125	8	13.223157	313
6910.7744140625	0.0	0.0	6910.7744140625	4	13.188798	313
11602.3427734375	0.0	0.0	16879.4765625	99	13.246902	313
16547.44140625	0.0	0.0	49074.48828125	8	13.22623	313
40373.859375	0.0	0.0	40373.859375	121	13.264221	313
60715.30859375	0.0	0.0	60715.30859375	23	13.267014	313
2343.891357421875	0.0	0.0	2343.891357421875	8	23.17265	313
20953.07421875	0.0	0.0	54336.49609375	8	13.359478	313
472154.4375	0.0	0.0	472154.4375	12	15.970532	313
50535.4921875	41467.375	0.0	99151.9375	5	15.78309	313
57532.85546875	0.0	0.0	57532.85546875	7	13.218966	313
1103.212646484375	827.46875	0.0	49838.67578125	9	15.706549	313
6709.94873046875	0.0	0.0	64232.125	226	13.256678	313
15536.8388671875	12744.49609375	0.0	70432.203125	5	15.661016	313
132033.59375	0.0	0.0	132033.59375	10	15.716326	313
11579.65625	9496.89453125	0.0	67242.9609375	5	15.649283	313
141450.0625	0.0	0.0	141450.0625	13	13.211704	313
610369.125	0.0	0.0	610369.125	9	15.744821	313
84103.8984375	0.0	0.0	84103.8984375	8	13.216453	313
45.89139175415039	0.0	0.0	57958.12890625	7	20.771386	313
69836.0390625	0.515625	0.0	69836.0390625	20	15.96746	313
217187.171875	0.0	0.0	217187.171875	6	15.917737	313
300307.28125	0.0	51920.71875	300307.28125	6	16.992382	313
87492.0	75879.55859375	0.0	133574.140625	5	15.705992	313
22.72751808166504	7.56396484375	0.0	5299.8623046875	8	15.660457	313
2272454.75	2269143.1362304688	0.0	2272454.75	2	15.633361	313
1554778.875	0.0	0.0	1554778.875	6	15.671352	313
1684.6302490234375	0.0	0.0	50662.6875	33	13.218967	313
189066.4375	0.0	0.0	189066.4375	10	15.668	313
22468.974609375	18433.59765625	0.0	76163.5546875	5	15.669397	313
93287.15625	0.0	0.0	144531.28125	271	13.249695	313
108.60169982910156	0.0	0.0	3442.886474609375	25	13.233214	313
989.7535400390625	0.0	0.0	58063.5078125	7	14.38887	313
1234.33154296875	0.0	0.0	61761.9765625	36	22.205272	313
84941.8359375	0.0	0.0	142157.8125	25	13.37149	313
46902.9921875	38486.23828125	0.0	96206.65625	5	15.834211	313
280308.28125	0.0	0.0	280308.28125	17	15.85181	313
8.020956993103027	0.0	0.0	3453.67529296875	6	13.215056	313
163781.984375	0.0	0.0	193757.546875	73	13.242431	313
132.2241973876953	0.0	0.0	58053.21875	7	13.23461	313
57532.85546875	0.0	0.0	57532.85546875	7	13.21729	313
2272454.75	2269143.1362304688	0.0	2272454.75	2	15.654311	313
218470.09375	0.0	0.0	218470.09375	6	15.638667	313
1298.479248046875	1952.0859375	0.0	49981.25390625	9	15.71912	313
8.046926498413086	0.0	0.0	3383.20458984375	6	13.196618	313
44.37129592895508	0.0	0.0	58059.99609375	7	13.220363	313
91077.4921875	79403.97265625	0.0	137096.0	5	23.215109	313
299525.25	0.0	0.0	299525.25	17	15.909915	313
84109.8125	0.0	0.0	84109.8125	8	13.362551	313
130438.8984375	0.0	0.0	130438.8984375	11	15.861866	313
30.689016342163086	0.0	0.0	3401.941650390625	106	13.317298	313
57147.20703125	46893.51171875	0.0	104626.609375	5	15.673307	313
310584.25	0.0	0.0	310584.25	16	15.838403	313
30.067785263061523	0.0	0.0	58014.3984375	7	13.202765	313
70241.890625	0.0	0.0	70241.890625	29	13.28601	313
212772.09375	0.0	0.0	212772.09375	24	13.290202	313
60829.45703125	0.0	0.0	60829.45703125	57	13.253327	313
69836.0390625	0.515625	0.0	69836.0390625	24	15.892595	313
64671.9453125	53278.75390625	0.0	111066.1171875	5	15.628333	313
79944.875	9963.9375	0.0	79944.875	20	15.826669	313
1546271.625	0.0	0.0	1546271.625	6	25.608833	313
50283.421875	40888.2734375	0.0	98641.296875	5	15.821081	313
864607.5625	794766.0859375	0.0	864607.5625	6	15.788398	313
141377.8125	0.0	0.0	141377.8125	13	13.336013	313
15.163318634033203	7.56396484375	0.0	5299.8623046875	8	15.727221	313
108.49048614501953	0.0	0.0	57955.9921875	7	13.224833	313
141341.0	0.0	0.0	143641.265625	91	13.250533	313
141450.0625	0.0	0.0	141450.0625	13	13.211146	313
50926.04296875	41787.890625	0.0	99556.046875	5	15.660178	313
4894.6875	4010.63671875	0.0	61693.2890625	5	15.652357	313
33132.9296875	0.0	0.0	33070.8046875	33	13.241873	313
2272454.75	2269143.1362304688	0.0	2272454.75	2	15.629449	313
89149.8359375	77517.796875	85330.9296875	135265.140625	5	17.374249	313
7.599775791168213	0.0	0.0	5292.298828125	8	13.256958	313
57532.85546875	0.0	0.0	57532.85546875	7	20.890945	313
998911.0625	968393.484375	0.0	1052530.125	6	15.792587	313
46242.2890625	0.0	0.0	46242.2890625	43	13.372607	313
6107.7607421875	0.0	0.0	31347.90234375	6	13.329028	313
32541.62890625	0.0	0.0	31130.40625	5	13.232934	313
1045663.6875	1014485.234375	0.0	1098559.375	6	15.66772	313
1786.007080078125	0.0	0.0	3401.94140625	66	13.236845	313
1694.818115234375	0.0	0.0	3404.377685546875	71	13.248857	313
60217.8359375	49413.52734375	0.0	107186.78125	5	15.626658	313
21342.515625	17509.12890625	0.0	75226.734375	5	15.641742	313
6474.6220703125	0.0	0.0	8298.1552734375	11	13.193826	313
64671.9453125	53278.75390625	0.0	111066.1171875	5	15.643138	313
394282.9375	0.0	0.0	394282.9375	9	15.725547	313
54893.91796875	0.0	0.0	54893.91796875	8	15.669956	313
45796.01171875	0.0	0.0	45796.01171875	11	13.910629	313
63710.77734375	0.0	0.0	80820.59375	33	22.519816	313
34097.53125	27674.90625	0.0	85464.0625	5	15.808791	313
230.16769409179688	0.0	0.0	84162.09375	8	13.348304	313
64014.62890625	52627.27734375	0.0	110319.984375	5	15.765213	313
8856.953125	0.0	0.0	50665.41015625	31	13.228465	313
1229895.375	1196112.3515625	0.0	1280167.125	6	15.662134	313
3155.76318359375	0.0	0.0	58045.55859375	7	13.20444	313
29.398435592651367	0.0	0.0	57999.4375	7	13.210307	313
469991.5	0.0	0.0	469991.5	5	15.653474	313
54029.82421875	44335.125	0.0	102042.984375	5	15.611012	313
1045663.6875	1014485.234375	0.0	1098559.375	6	15.652636	313
4796.18115234375	3929.796875	0.0	61706.00390625	5	15.637271	313
72906.4765625	0.0	0.0	72906.4765625	9	15.685319	313
76930.6171875	0.0	0.0	76930.6171875	10	15.678615	313
136030.765625	123998.48828125	0.0	181682.125	5	23.187734	313
54029.82421875	44335.125	0.0	102042.984375	5	15.945391	313
58900.7734375	0.0	0.0	58900.7734375	5	13.316459	313
151598.0625	0.0	0.0	151598.0625	7	16.093165	313
66562.59375	0.0	0.0	141435.828125	13	13.244387	313
52723.34375	43262.921875	0.0	101037.859375	5	15.88589	313
120037.03125	0.0	0.0	120037.03125	11	15.830859	313
61406.203125	0.0	0.0	61406.203125	1444	13.332102	313
2272454.75	0.0	0.0	2272454.75	2	15.88142	313
4842.228515625	2497.925537109375	0.0	4842.228515625	4	15.741188	313
37366.9140625	30660.11328125	0.0	88381.0859375	5	15.610176	313
2272454.75	0.0	0.0	2272454.75	2	15.827228	313
57143.9140625	46890.80859375	0.0	104592.6640625	5	15.615483	313
235946.8125	216238.6953125	0.0	300307.28125	6	15.911033	313
57532.85546875	0.0	0.0	57532.85546875	7	13.193547	313
60829.5234375	0.0	0.0	60829.5234375	337	23.35311	313
6228.2099609375	0.0	0.0	142181.453125	25	13.544686	313
20.3066463470459	0.0	0.0	58031.18359375	7	13.316739	313
15.163318634033203	7.56396484375	0.0	5299.8623046875	8	16.096239	313
2272454.75	0.0	0.0	2272454.75	2	17.150772	313
144664.8125	0.0	0.0	144664.8125	37	13.215336	313
131.01490783691406	0.0	0.0	58052.34765625	7	13.398866	313
14578.013671875	11947.9453125	0.0	69684.625	5	15.763816	313
658.6840209960938	0.0	0.0	658.6840209960938	3	13.175668	313
60648.546875	0.0	0.0	60648.546875	21	13.487699	313
1174530.375	0.0	0.0	1174530.375	6	15.791192	313
263131.125	0.0	0.0	263131.125	16	15.856839	313
96552.296875	0.0	0.0	96552.296875	24	15.871643	313
61605.83203125	0.0	0.0	61605.83203125	57	13.503063	313
65857.421875	0.0	0.0	65857.421875	501	13.297184	313
2272454.75	0.0	0.0	2272454.75	2	23.440543	313
385.557861328125	0.0	0.0	49017.390625	9	13.458367	313
57532.85546875	0.0	0.0	57532.85546875	7	13.337969	313
2360.941162109375	0.0	0.0	2360.941162109375	12	13.549992	313
60587.8984375	0.0	0.0	60587.8984375	34	13.374563	313
61797.2734375	0.0	0.0	61797.2734375	1855	13.352215	313
198.7631378173828	0.0	0.0	49044.87109375	8	13.518985	313
60654.390625	0.0	0.0	60654.390625	23	13.386854	313
124.94253540039062	0.0	0.0	58030.859375	7	13.196059	313
659013.25	0.0	0.0	659013.25	12	15.94567	313
57532.85546875	0.0	0.0	57532.85546875	7	13.208071	313
65181.80859375	0.0	0.0	65181.80859375	235	13.543847	313
60917.9375	0.0	0.0	60917.9375	64	13.397749	313
45230.94140625	0.0	0.0	45230.94140625	136	13.26897	313
61605.83203125	0.0	0.0	61605.83203125	57	13.552786	313
40814.8828125	33489.81640625	0.0	91218.9375	5	25.593471	313
54165.890625	44068.12890625	0.0	101768.21875	5	15.778622	313
40377.37109375	0.0	0.0	40377.37109375	97	13.651116	313
60785.484375	0.0	0.0	60785.484375	21	13.397749	313
61242.87890625	0.0	0.0	61242.87890625	57	13.540495	313
61107.5078125	0.0	0.0	61107.5078125	56	13.399705	313
60979.99609375	0.0	0.0	60979.99609375	23	13.265339	313
61811.3125	0.0	0.0	61811.3125	283	13.560609	313
60889.66796875	0.0	0.0	60889.66796875	23	13.386296	313
142.48190307617188	0.0	0.0	58015.2578125	7	13.207235	313
22.72751808166504	7.56396484375	0.0	5299.8623046875	8	15.91159	313
15.299723625183105	0.0	0.0	58005.3671875	7	13.194663	313
84423.0859375	0.0	0.0	142063.671875	25	13.452222	313
61640.29296875	0.0	0.0	61640.29296875	61	13.403615	313
61285.03515625	0.0	0.0	61285.03515625	20	13.258913	313
44595.16015625	0.0	0.0	44595.16015625	100	13.537422	313
61707.86328125	0.0	0.0	61707.86328125	52	20.895695	313
57532.85546875	0.0	0.0	57532.85546875	7	13.344114	313
40380.4140625	0.0	0.0	40380.4140625	89	13.645808	313
30.067785263061523	0.0	0.0	58014.3984375	7	13.422611	313
60989.42578125	0.0	0.0	60989.42578125	62	13.251371	313
84114.5078125	0.0	0.0	84114.5078125	8	13.455853	313
51399.85546875	0.0	0.0	51399.85546875	25	13.363669	313
2779.26611328125	0.0	0.0	58038.71484375	7	13.215334	313
8642.041015625	7102.2734375	642763.2963867188	76930.6171875	11	20.006811	313
6156.7421875	0.0	0.0	5974.59765625	19	13.786599	313
87828.46875	0.0	0.0	87828.46875	1081	13.375959	313
339.1108093261719	0.0	0.0	61485.1328125	62	13.271204	313
1479.891357421875	0.0	0.0	84099.1953125	8	13.243549	313
20248.568359375	0.0	0.0	61318.953125	57	13.282658	313
1954.063232421875	0.0	0.0	60662.33203125	23	13.26031	313
28285.119140625	0.0	0.0	66636.6640625	44	23.19807	313
811278.125	794766.0859375	0.0	864607.5625	6	15.95042	313
60985.84375	0.0	0.0	60985.84375	23	13.404733	313
78668.578125	8840.203125	0.0	78668.578125	13	15.879466	313
11675.859375	0.0	0.0	61400.22265625	40	13.361713	313
86661.390625	16827.265625	0.0	86661.390625	9	15.755436	313
19459.8671875	0.0	0.0	61772.01171875	77	13.307241	313
26977.09375	0.0	0.0	61175.8984375	32	13.277909	313
22766.37109375	0.0	0.0	61231.546875	38	13.364507	313
12391.4013671875	0.0	0.0	61755.0234375	100	13.328471	313
12167.611328125	0.0	0.0	61649.79296875	20	13.277629	313
12212.87890625	0.0	0.0	61085.390625	68	13.29048	313
21117.482421875	0.0	0.0	50329.5859375	748	13.365345	313
20425.1484375	0.0	0.0	20425.1484375	5	15.666883	313
41118.80859375	0.0	0.0	74492.90625	10	13.245226	313
2753.9365234375	0.0	0.0	57978.82421875	7	13.225392	313
73020.84375	3192.5625	0.0	73020.84375	9	23.457026	313
2687.930419921875	0.0	0.0	58047.359375	7	13.370652	313
40387.078125	0.0	0.0	40387.078125	225	13.43965	313
12673.900390625	0.0	0.0	61911.98828125	1141	13.488258	313
331088.59375	0.0	0.0	331088.59375	11	15.753479	313
1353711.375	4014739.41796875	0.0	1399174.0	11	15.775548	313
2218.319580078125	0.0	0.0	84161.6875	8	13.265338	313
3255.72509765625	0.0	0.0	61065.390625	23	13.26478	313
87.20472717285156	0.0	0.0	58013.48828125	7	13.225113	313
40613.5234375	0.0	0.0	40613.5234375	97	13.232096	313
212675.75	0.0	0.0	212675.75	17	13.245505	313
40579.29296875	0.0	0.0	40579.29296875	9	13.222319	313
9825.982421875	0.0	0.0	61435.03125	67	13.279026	313
57532.85546875	0.0	0.0	57532.85546875	7	13.210865	313
40377.55078125	0.0	0.0	40377.55078125	121	13.350539	313
11635.0458984375	0.0	0.0	61673.046875	21	13.267573	313
116.28080749511719	0.0	0.0	5596.1923828125	50	22.807542	313
11880.8837890625	0.0	0.0	61840.02734375	333	13.4958	313
12439.44921875	0.0	0.0	61578.2890625	68	13.419258	313
58590.8203125	144030.703125	0.0	108704.1875	10	15.9669	313
125.77421569824219	0.0	0.0	58009.55078125	7	13.31534	313
31612.474609375	25937.53515625	0.0	83669.984375	5	15.651799	313
158012.546875	139437.7421875	0.0	223511.5625	6	15.635037	313
317.873046875	0.0	0.0	59322.06640625	5	13.205	313
21.14727020263672	0.0	0.0	57959.9296875	7	13.228745	313
40380.0390625	0.0	0.0	40380.0390625	145	13.30724	313
2158.05810546875	0.0	0.0	84146.59375	8	13.245784	313
40503.0859375	0.0	93366.25	44609.85546875	37	16.228929	313
152.11917114257812	0.0	0.0	58059.078125	7	13.241035	313
212190.828125	0.0	0.0	212190.828125	15	15.762699	313
3464.451904296875	0.0	0.0	3464.451904296875	21	13.231817	313
465.0903015136719	0.0	0.0	60952.58203125	25	13.300257	313
61015.22265625	0.0	0.0	61015.22265625	10	20.972515	313
70245.3515625	0.0	0.0	70245.3515625	14	13.387134	313
212902.5625	0.0	0.0	212902.5625	63	13.489654	313
60979.99609375	0.0	0.0	60979.99609375	23	13.417583	313
359424.46875	0.0	0.0	359424.46875	14	15.961593	313
40371.89453125	0.0	0.0	40371.89453125	105	13.276792	313
5589.98583984375	0.0	0.0	52922.03515625	8	13.22176	313
30241.5546875	0.0	0.0	61811.3125	283	13.310313	313
1435.422607421875	0.0	0.0	16879.4765625	99	13.268132	313
40431.93359375	0.0	0.0	40431.93359375	289	13.308637	313
22875.1640625	0.0	0.0	61560.9453125	34	13.296905	313
11816.365234375	0.0	0.0	61285.03515625	20	13.272044	313
23478.798828125	0.0	0.0	57532.85546875	7	13.225391	313
250.4225311279297	0.0	0.0	4318.2314453125	17	13.230419	313
30532.142578125	0.0	0.0	61397.609375	19	13.286011	313
40377.55078125	0.0	0.0	40377.55078125	121	13.278468	313
60896.88671875	0.0	0.0	60896.88671875	21	13.296904	313
1022.4675903320312	0.0	0.0	1022.4675903320312	7	23.17265	313
3409.509765625	0.0	0.0	3409.509765625	29	13.38853	313
194205.265625	182221.96484375	0.0	242706.109375	12	15.969135	313
61029.359375	0.0	0.0	61029.359375	21	13.415347	313
42609.40625	0.0	0.0	45721.69140625	163	13.275115	313
32494.404296875	0.0	0.0	61613.734375	56	13.298301	313
142.39434814453125	0.0	0.0	58048.06640625	7	13.278467	313
11763.9169921875	0.0	0.0	61441.03125	63	13.284334	313
273687.53125	0.0	0.0	273687.53125	12	15.695098	313
2358.603515625	0.0	0.0	84105.6953125	8	13.219246	313
23478.798828125	0.0	0.0	57532.85546875	7	13.206956	313
96312.046875	0.0	0.0	96312.046875	13	15.715769	313
129824.5234375	234454.25	0.0	166236.3125	4	15.630288	313
43.02994155883789	0.0	0.0	57957.2421875	7	13.322884	313
730.4445190429688	0.0	0.0	2349.03369140625	12	13.221481	313
23478.798828125	0.0	0.0	57532.85546875	7	13.229304	313
40475.171875	0.0	0.0	44595.16015625	100	13.256679	313
7968.85546875	0.0	0.0	60633.3046875	25	20.998215	313
61049.484375	0.0	0.0	61049.484375	21	13.42261	313
25873.73828125	0.0	0.0	60989.42578125	62	13.433785	313
65339.12890625	0.0	0.0	141415.28125	13	13.352215	313
26858.828125	0.0	0.0	60987.95703125	62	13.279306	313
134074.96875	73087.625	0.0	134074.96875	11	15.793707	313
24257.955078125	0.0	0.0	61578.5703125	64	13.275675	313
23478.798828125	0.0	0.0	57532.85546875	7	13.236287	313
22845.6640625	0.0	0.0	22845.6640625	17	13.228464	313
3811.81689453125	0.0	0.0	58021.7734375	7	13.218967	313
24185.82421875	0.0	0.0	61127.6953125	1524	13.430433	313
61630.1484375	0.0	285370.8409423828	61630.1484375	56	16.045118	313
213703.875	0.0	0.0	213703.875	32	13.289083	313
71341.390625	119767.8359375	0.0	117599.515625	5	15.639227	313
1342.7548828125	0.0	0.0	142155.25	25	13.234052	313
1958.039794921875	0.0	0.0	84076.7421875	8	13.242432	313
50535.4921875	82934.75	0.0	99151.9375	5	17.62175	313
50.34839630126953	0.0	0.0	50.34839630126953	4	21.382037	313
7.9542717933654785	0.0	0.0	3508.567626953125	6	13.368976	313
23478.798828125	0.0	0.0	57532.85546875	7	13.353612	313
38496.23046875	0.0	0.0	40629.421875	9	13.319252	313
317.5810546875	0.0	0.0	59362.5703125	5	13.200529	313
57905.796875	0.0	0.0	141319.390625	13	13.243269	313
61707.86328125	0.0	0.0	61707.86328125	52	13.282937	313
5394.1650390625	0.0	0.0	40403.66015625	33	13.2983	313
5642.92626953125	0.0	0.0	61579.09375	63	13.275116	313
2753.9365234375	0.0	0.0	57978.82421875	7	13.228466	313
2372.7021484375	0.0	0.0	61810.8984375	509	13.322046	313
15.165003776550293	0.0	0.0	5630.2607421875	8	13.241595	313
61514.32421875	0.0	0.0	61514.32421875	61	13.274558	313
281.86419677734375	0.0	0.0	40372.13671875	41	13.253885	313
23478.798828125	0.0	0.0	57532.85546875	7	13.223715	313
634.7513427734375	0.0	0.0	61392.79296875	786	13.417025	313
74197.3828125	0.0	0.0	74197.3828125	12	13.236287	313
50985.0390625	0.0	0.0	60748.87109375	23	20.965252	313
45.46919631958008	0.0	0.0	3409.51171875	41	13.404173	313
785.9171142578125	0.0	0.0	44554.265625	210	13.44887	313
31875.837890625	0.0	0.0	61062.19140625	56	13.356964	313
70807.7890625	0.0	0.0	70807.7890625	39	13.239639	313
101234.390625	81088.734375	0.0	101234.390625	10	15.834491	313
60986.234375	0.0	0.0	60986.234375	23	13.270925	313
115151.546875	0.0	0.0	193757.546875	73	13.247181	313
389.0080261230469	0.0	0.0	84163.09375	8	13.225671	313
710.4383544921875	0.0	0.0	40655.0234375	73	13.227627	313
229360.78125	0.0	0.0	229360.78125	17	15.749011	313
2518.43359375	0.0	0.0	58062.4609375	7	13.213938	313
51177.1796875	0.0	0.0	60941.01171875	23	13.347187	313
51092.78515625	0.0	0.0	60849.05078125	21	13.275674	313
163979.328125	304190.109375	0.0	213004.109375	12	15.725266	313
61850.859375	0.0	0.0	61850.859375	53	13.314504	313
239.07142639160156	0.0	0.0	4318.47607421875	29	13.257795	313
11700.9599609375	0.0	0.0	61615.5078125	75	23.243883	313
2002.9453125	0.0	0.0	23602.318359375	15	13.437136	313
198.39169311523438	0.0	0.0	84108.5625	8	13.366462	313
71037.0546875	0.0	0.0	71037.0546875	20	13.400262	313
112548.8125	103589.1171875	0.0	112548.8125	11	15.83393	313
26016.53515625	0.0	0.0	61117.4453125	63	13.265338	313
73359.9609375	0.0	0.0	155402.21875	27	13.241036	313
107730.1796875	94067.8671875	0.0	107730.1796875	11	15.679731	313
621577.25	0.0	0.0	621577.25	12	15.785884	313
10742.0517578125	0.0	0.0	61115.44921875	40	13.273719	313
1286.8865966796875	0.0	0.0	1286.8865966796875	3	23.196676	313
58316.4765625	0.0	0.0	58316.4765625	5	13.226789	313
61900.1484375	0.0	0.0	61900.1484375	124	13.300815	313
320798.8125	260019.60546875	0.0	320798.8125	12	15.825273	313
4443.43212890625	0.0	0.0	63742.39453125	51	13.205	313
61507.9453125	0.0	0.0	61507.9453125	61	13.233214	313
166378.4375	105417.78125	0.0	166378.4375	10	15.731133	313
38219.31640625	0.0	0.0	40579.29296875	9	13.202765	313
113273.015625	52513.93359375	0.0	113273.015625	12	23.397805	313
169226.5625	108387.00390625	0.0	169226.5625	10	15.844267	313
60731.71484375	0.0	0.0	60731.71484375	53	13.440769	313
61750.671875	0.0	0.0	61750.671875	62	13.325956	313
51106.6953125	0.0	0.0	60862.9609375	21	13.244108	313
375367.8125	0.0	0.0	375367.8125	5	15.686996	313
51610.671875	0.0	0.0	60678.64453125	25	13.25584	313
7042.701171875	0.0	0.0	45721.69140625	163	13.243829	313
61744.7578125	0.0	0.0	61744.7578125	56	13.261428	313
65339.12890625	0.0	0.0	141415.28125	13	13.19606	313
78786.5390625	17904.97265625	0.0	78786.5390625	12	15.694818	313
228708.53125	167954.71484375	0.0	228708.53125	12	15.684481	313
51221.625	0.0	0.0	60985.45703125	23	13.262545	313
51536.71875	0.0	0.0	60604.69140625	25	13.258355	313
61323.36328125	0.0	0.0	61323.36328125	61	13.230979	313
61062.19140625	0.0	0.0	61062.19140625	56	13.252489	313
774.9769287109375	0.0	0.0	61753.1875	56	13.206395	313
137734.375	76954.8203125	0.0	137734.375	11	17.820087	313
938.5307006835938	0.0	0.0	40376.6953125	121	21.230072	313
196812.140625	136147.734375	0.0	196812.140625	11	15.887006	313
101945.515625	41250.6640625	0.0	101945.515625	11	15.818009	313
158841.78125	98297.7734375	0.0	158841.78125	10	15.813539	313
123878.140625	63155.5625	0.0	123878.140625	11	15.665206	313
5753.80224609375	0.0	0.0	7388.8349609375	9	13.150806	313
77220.71875	0.0	0.0	77220.71875	13	15.674145	313
103370.484375	42703.52734375	0.0	103370.484375	11	15.773873	313
50195.65625	82376.9609375	0.0	98941.140625	5	15.60822	313
73020.84375	0.0	0.0	73020.84375	8	15.639508	313
60795.73828125	0.0	0.0	60795.73828125	10	13.185725	313
10961.486328125	0.0	0.0	60925.13671875	106	13.262825	313
61771.5703125	0.0	0.0	61771.5703125	206	13.267015	313
1388400.75	1327652.15234375	0.0	1388400.75	11	15.754598	313
517.18896484375	0.0	0.0	2181.452880859375	49	13.206398	313
139432.890625	78573.9375	0.0	139432.890625	12	15.721913	313
76168.984375	0.0	0.0	76168.984375	7	15.658782	313
22541.291015625	0.0	0.0	61703.359375	731	13.295787	313
161.77731323242188	0.0	0.0	40371.81640625	105	28.107031	313
61435.03125	0.0	0.0	61435.03125	67	13.395514	313
143586.890625	82950.6796875	0.0	143586.890625	11	15.850413	313
1271.7750244140625	0.0	0.0	1271.7750244140625	3	13.235727	313
8.814746856689453	0.0	0.0	3420.927978515625	6	13.180137	313
155844.546875	95294.28125	0.0	155844.546875	11	15.727222	313
213353.75	0.0	71938.703125	213353.75	94	14.469882	313
168779.578125	0.0	0.0	168779.578125	11	15.666044	313
40276.484375	0.0	0.0	40276.484375	33	13.22204	313
60987.84765625	0.0	0.0	60987.84765625	23	13.292715	313
538107.5625	0.0	0.0	538107.5625	9	15.678615	313
61278.4140625	0.0	0.0	61278.4140625	667	13.312827	313
178465.8125	0.0	0.0	178465.8125	10	15.715488	313
60910.77734375	0.0	0.0	60910.77734375	25	13.293553	313
40379.60546875	0.0	0.0	40379.60546875	57	13.228185	313
195910.21875	0.0	0.0	195910.21875	10	15.695654	313
76168.984375	6340.65625	0.0	76168.984375	7	15.70208	313
66450.1328125	0.0	0.0	66450.1328125	41	13.64078	313
162838.375	0.0	0.0	162838.375	11	26.78516	313
157.60838317871094	0.0	0.0	84058.7734375	8	13.34132	313
61271.48046875	0.0	0.0	61271.48046875	33	13.415627	313
60965.24609375	0.0	0.0	60965.24609375	10	13.334338	313
68787.8984375	0.0	0.0	68787.8984375	25	15.951818	313
60917.97265625	0.0	0.0	60917.97265625	23	13.281541	313
61454.01953125	0.0	0.0	61454.01953125	63	13.24802	313
103964.5546875	0.0	0.0	103964.5546875	10	15.700405	313
103322.953125	0.0	0.0	103322.953125	11	15.668279	313
70242.8359375	0.0	0.0	70242.8359375	29	13.319533	313
60604.69140625	0.0	0.0	60604.69140625	25	13.274557	313
61544.41015625	0.0	0.0	61544.41015625	61	13.26869	313
166445.84375	0.0	0.0	166445.84375	10	15.688951	313
192625.15625	0.0	0.0	192625.15625	10	15.665486	313
23478.798828125	0.0	0.0	57532.85546875	7	13.198854	313
60828.671875	0.0	0.0	60828.671875	21	13.259193	313
60896.84765625	0.0	0.0	60896.84765625	596	13.321208	313
61388.015625	0.0	0.0	61388.015625	61	13.266735	313
62173.3828125	0.0	0.0	62173.3828125	2365	20.951005	313
151906.5	0.0	0.0	151906.5	10	15.851531	313
200929.625	0.0	0.0	200929.625	11	15.845105	313
522.7669067382812	0.0	0.0	1888.5833740234375	29	13.368976	313
122201.671875	0.0	0.0	122201.671875	10	15.890918	313
76168.984375	6340.65625	0.0	76168.984375	7	15.735043	313
61469.08984375	0.0	0.0	61469.08984375	20	13.326235	313
322851.03125	0.0	0.0	322851.03125	10	15.742027	313
122324.71875	0.0	0.0	122324.71875	11	15.793426	313
162756.078125	0.0	0.0	162756.078125	11	15.80041	313
97846.96875	0.0	0.0	97846.96875	10	15.780017	313
49632.0390625	0.0	0.0	81887.140625	676	13.292435	313
61364.515625	0.0	0.0	61364.515625	62	13.265059	313
178902.5625	0.0	0.0	178902.5625	11	15.74901	313
61753.5	0.0	0.0	61753.5	433	13.301374	313
61564.015625	0.0	0.0	61564.015625	48	13.294669	313
1182.3294677734375	0.0	0.0	1182.3294677734375	2	15.617437	313
70232.046875	0.0	0.0	70232.046875	20	13.273719	313
40380.8359375	0.0	0.0	40380.8359375	73	13.258074	313
165296.796875	0.0	0.0	165296.796875	12	26.246862	313
138412.140625	0.0	231135.7176513672	138412.140625	11	17.624265	313
143667.71875	0.0	0.0	143667.71875	10	15.906003	313
181734.578125	0.0	0.0	181734.578125	11	15.884215	313
40371.86328125	0.0	0.0	40371.86328125	89	13.282379	313
64314.75	0.0	0.0	141447.546875	13	13.231818	313
1293499.875	0.0	0.0	1293499.875	10	15.694259	313
60653.56640625	0.0	0.0	60653.56640625	21	13.287408	313
294003.8125	0.0	0.0	294003.8125	12	15.69789	313
40372.77734375	0.0	0.0	40372.77734375	105	13.267853	313
156080.59375	0.0	0.0	156080.59375	10	15.724428	313
60868.3828125	0.0	0.0	60868.3828125	23	13.253606	313
7716.13525390625	19021.96875	0.0	76168.984375	7	15.716607	313
182763.59375	0.0	0.0	182763.59375	10	15.803763	313
153091.5	0.0	0.0	153091.5	11	15.762418	313
166930.125	0.0	0.0	166930.125	11	15.69789	313
103964.5546875	0.0	0.0	103964.5546875	10	15.715488	313
61581.67578125	0.0	0.0	61581.67578125	30	13.283217	313
61371.90625	0.0	0.0	61371.90625	64	13.254723	313
538107.5625	0.0	0.0	538107.5625	9	23.348638	313
1335243.0	0.0	0.0	1335243.0	11	15.887287	313
61662.27734375	0.0	0.0	61662.27734375	109	13.41423	313
60985.45703125	0.0	0.0	60985.45703125	23	13.425963	313
148375.84375	0.0	0.0	148375.84375	10	15.698168	313
146320.640625	0.0	0.0	146320.640625	11	15.731132	313
40608.63671875	0.0	0.0	40608.63671875	25	13.205837	313
42467.59765625	69692.3515625	0.0	92622.921875	5	15.626935	313
40959.46484375	0.0	0.0	44851.171875	64	13.226788	313
35295.66015625	57920.546875	0.0	86714.7890625	5	15.654031	313
132033.59375	0.0	0.0	132033.59375	10	15.669954	313
61454.01953125	0.0	0.0	61454.01953125	63	13.248019	313
173353.8125	0.0	0.0	173353.8125	11	15.751244	313
61100.8203125	0.0	0.0	61100.8203125	462	13.284054	313
49018.18359375	0.0	0.0	49018.18359375	8	13.222041	313
139991.46875	0.0	0.0	139991.46875	11	15.697052	313
61494.21875	0.0	0.0	61494.21875	155	13.311991	313
61318.953125	0.0	0.0	61318.953125	57	13.26506	313
107532.171875	0.0	0.0	107532.171875	11	15.697611	313
40420.44140625	0.0	0.0	40420.44140625	33	23.287463	313
61639.40234375	0.0	0.0	61639.40234375	59	13.403336	313
104951.8125	0.0	0.0	104951.8125	11	15.912429	313
112548.8125	0.0	0.0	112548.8125	11	15.896505	313
906.7766723632812	0.0	0.0	86477.2265625	31	13.302772	313
40432.9453125	0.0	0.0	40432.9453125	98	13.238521	313
192130.5625	0.0	0.0	192130.5625	12	15.718282	313
61606.62109375	0.0	0.0	61606.62109375	62	13.255841	313
60900.578125	0.0	0.0	60900.578125	23	13.272881	313
60770.40234375	0.0	0.0	60770.40234375	21	13.268131	313
896.1815185546875	0.0	0.0	2251.938720703125	5	13.217012	313
478865.5625	0.0	0.0	478865.5625	12	15.699565	313
38117.41015625	0.0	0.0	71037.0546875	20	13.270088	313
107046.8671875	46140.75	195880.7890625	107046.8671875	11	17.443807	313
180508.25	119928.859375	0.0	180508.25	10	15.714651	313
12161.0	0.0	0.0	61792.99609375	67	13.287407	313
178831.59375	117899.6796875	0.0	178831.59375	10	15.696214	313
40278.63671875	0.0	0.0	40278.63671875	41	13.237962	313
164468.890625	103651.56640625	0.0	164468.890625	10	15.730573	313
95817.140625	84187.9375	0.0	144907.859375	11	15.70208	313
61056.09765625	0.0	0.0	61056.09765625	63	20.992068	313
108666.3125	96985.953125	0.0	157533.859375	11	15.850692	313
61753.15625	0.0	0.0	61753.15625	61	13.399704	313
1261.2021484375	0.0	0.0	1261.2021484375	3	13.290759	313
176361.0	115840.7734375	0.0	176361.0	11	15.664367	313
366821.09375	305876.234375	0.0	366821.09375	12	15.714371	313
40579.29296875	0.0	0.0	40579.29296875	9	13.198574	313
122201.671875	61712.79296875	0.0	122201.671875	10	15.743703	313
101234.390625	40544.3671875	0.0	101234.390625	10	15.658781	313
60993.6875	0.0	0.0	60993.6875	64	13.275117	313
27701.109375	0.0	0.0	61639.40234375	59	13.275953	313
167316.625	106294.859375	0.0	167316.625	10	15.693701	313
61389.1484375	0.0	0.0	61389.1484375	61	13.244946	313
16.166170120239258	1.546875	0.0	69836.0390625	20	15.823038	313
213755.40625	0.0	0.0	213755.40625	27	13.296346	313
71524.7890625	60065.79296875	0.0	117783.0625	5	15.612968	313
60970.375	0.0	0.0	60970.375	21	13.302213	313
23.731901168823242	0.0	0.0	3475.433349609375	21	13.20891	313
205128.25	144350.11328125	0.0	205128.25	12	15.709065	313
151906.5	91121.828125	0.0	151906.5	10	17.731254	313
99699.703125	38830.546875	0.0	99699.703125	10	23.911243	313
27460.720703125	0.0	0.0	61779.04296875	505	13.487978	313
40377.37109375	0.0	0.0	40377.37109375	97	13.428478	313
40384.5703125	0.0	0.0	40384.5703125	25	13.296904	313
213667.5625	0.0	0.0	213667.5625	109	13.280422	313
41634.1015625	0.0	0.0	41634.1015625	161	13.274836	313
213147.296875	0.0	0.0	213147.296875	56	13.297743	313
22279.658203125	0.0	0.0	61863.3671875	47	13.297183	313
142396.125	81525.01171875	0.0	142396.125	10	15.761023	313
129318.7109375	68297.4140625	0.0	129318.7109375	11	15.68448	313
60925.13671875	0.0	0.0	60925.13671875	106	13.297184	313
208278.421875	147794.8515625	0.0	208278.421875	10	15.712694	313
143297.359375	82398.55078125	0.0	143297.359375	10	15.749848	313
60578.0078125	0.0	0.0	60578.0078125	63	13.289641	313
45796.01171875	0.0	0.0	45796.01171875	11	13.232376	313
114159.875	102457.64453125	0.0	163272.390625	11	15.762418	313
199045.140625	138200.0859375	0.0	199045.140625	11	15.769123	313
1348674.125	1287687.69140625	0.0	1348674.125	10	15.68476	313
12431.2724609375	0.0	0.0	61195.0	666	13.334616	313
61394.00390625	0.0	0.0	61394.00390625	61	20.860776	313
123991.6796875	63026.59765625	0.0	123991.6796875	11	15.851529	313
169084.765625	108297.33203125	0.0	169084.765625	10	15.859353	313
171368.21875	110761.27734375	0.0	171368.21875	10	15.846224	313
1388400.75	0.0	0.0	1388400.75	11	16.464697	313
157279.59375	0.0	0.0	157279.59375	11	15.746776	313
60694.046875	0.0	0.0	60694.046875	23	13.275396	313
1364600.875	0.0	0.0	1364600.875	10	15.686996	313
26896.259765625	66352.59375	0.0	91990.875	21	15.780578	313
1378294.375	0.0	0.0	1378294.375	11	15.715489	313
72210.1171875	7145.5546875	0.0	72210.1171875	18	15.773872	313
166989.03125	0.0	0.0	166989.03125	10	15.776945	313
1607.1802978515625	2560.59228515625	0.0	3064.99951171875	5	15.628053	313
157076.71875	0.0	0.0	157076.71875	11	15.760464	313
179750.0625	0.0	0.0	179750.0625	11	15.695097	313
60816.609375	0.0	0.0	60816.609375	3	13.200809	313
164308.34375	0.0	0.0	164308.34375	11	15.825271	313
159619.15625	0.0	0.0	159619.15625	10	15.737558	313
7716.13525390625	19021.96875	0.0	76168.984375	7	15.769124	313
19116.4765625	47154.46875	0.0	85612.953125	20	15.858514	313
57820.46484375	0.0	0.0	141303.578125	13	14.961811	313
271.997314453125	407.856689453125	0.0	1987.5159912109375	5	24.171035	313
1335243.0	0.0	0.0	1335243.0	11	15.893992	313
115720.8984375	0.0	0.0	115720.8984375	11	15.893711	313
148375.84375	0.0	0.0	148375.84375	10	15.825272	313
72906.4765625	9234.5859375	0.0	72906.4765625	9	15.704315	313
237440.875	669372.4453125	0.0	292956.09375	9	15.664648	313
157279.59375	0.0	0.0	157279.59375	11	15.805717	313
78668.578125	26520.609375	0.0	78668.578125	13	15.699844	313
45571.66796875	0.0	0.0	45571.66796875	6	13.217849	313
72906.4765625	9234.5859375	0.0	72906.4765625	9	15.664368	313
695106.0625	0.0	0.0	695106.0625	5	15.643976	313
30114.52734375	73326.3046875	0.0	94384.0	23	15.854323	313
184205.40625	0.0	0.0	184205.40625	11	15.709064	313
21986.9296875	0.0	0.0	23737.2578125	33	13.201369	313
6686.3017578125	0.0	0.0	131783.078125	25	13.214498	313
73020.84375	9577.6875	0.0	73020.84375	8	15.623026	313
359204.75	0.0	0.0	359204.75	12	15.802087	313
1577.671630859375	2517.1591796875	0.0	3043.034912109375	5	15.605426	313
194968.875	0.0	0.0	194968.875	11	15.718004	313
25900.4609375	63311.296875	0.0	90961.796875	24	15.81326	313
244454.59375	523870.359375	0.0	244454.59375	6	23.304782	313
169226.5625	0.0	0.0	169226.5625	10	15.83896	313
7716.13525390625	19021.96875	0.0	76168.984375	6	15.771917	313
76930.6171875	21306.8203125	0.0	76930.6171875	12	15.838959	313
167742.109375	0.0	0.0	167742.109375	11	15.675542	313
116336.3828125	0.0	0.0	116336.3828125	11	15.62889	313
21.837495803833008	0.0	0.0	57987.74609375	7	13.208353	313
214255.78125	0.0	0.0	214255.78125	67	13.28154	313
196808.234375	0.0	0.0	196808.234375	11	15.707109	313
123450.40625	0.0	0.0	123450.40625	11	15.694537	313
387123.90625	951871.171875	0.0	387123.90625	6	15.638948	313
145893.140625	0.0	0.0	145893.140625	11	15.639227	313
70561.734375	59090.28125	0.0	116858.9609375	5	15.6247	313
76168.984375	0.0	47389.77734375	76168.984375	7	17.970096	313
242706.109375	0.0	0.0	242706.109375	12	15.712974	313
76930.6171875	0.0	0.0	76930.6171875	12	15.675542	313
157076.71875	0.0	0.0	157076.71875	11	15.685598	313
81119.7578125	0.0	0.0	81119.7578125	23	15.892594	313
213088.71875	0.0	0.0	213088.71875	60	13.230699	313
157636.515625	0.0	0.0	157636.515625	10	15.689788	313
79944.875	0.0	0.0	79944.875	20	17.635159	313
137714.0625	0.0	0.0	137714.0625	11	24.045607	313
144180.59375	0.0	0.0	144180.59375	11	15.850972	313
171368.21875	0.0	0.0	171368.21875	10	15.802085	313
84233.03125	0.0	0.0	84233.03125	15	15.790633	313
76168.984375	0.0	0.0	76168.984375	7	15.623584	313
73020.84375	0.0	0.0	73020.84375	9	15.674146	313
73020.84375	0.0	0.0	73020.84375	7	15.677499	313
72906.4765625	0.0	0.0	72906.4765625	9	15.663251	313
76168.984375	0.0	0.0	76168.984375	6	15.671632	313
29367.783203125	23828.78515625	0.0	81522.140625	5	15.628891	313
78668.578125	0.0	0.0	78668.578125	12	15.679454	313
448836.25	0.0	0.0	448836.25	6	15.61241	313
60816.609375	0.0	0.0	60816.609375	3	13.176507	313
1313799.0	0.0	0.0	1313799.0	11	15.69789	313
77220.71875	0.0	0.0	77220.71875	13	15.725545	313
70831.3046875	0.0	0.0	70831.3046875	14	13.232655	313
131518.75	0.0	0.0	131518.75	10	15.708785	313
76930.6171875	0.0	0.0	76930.6171875	11	15.647048	313
174692.0	0.0	0.0	174692.0	11	15.72331	313
76930.6171875	0.0	0.0	76930.6171875	11	15.680291	313
20800.8828125	16743.2890625	0.0	62132.8359375	6	23.160917	313
150215.921875	0.0	0.0	150215.921875	10	15.831138	313
112174.46875	0.0	0.0	112174.46875	11	15.84287	313
76679.2109375	0.0	0.0	76679.2109375	21	15.933659	313
106815.4609375	0.0	0.0	106815.4609375	11	15.726941	313
76168.984375	0.0	0.0	76168.984375	6	15.644814	313
213580.46875	0.0	0.0	213580.46875	11	15.697051	313
15.659419059753418	0.0	0.0	3454.3876953125	26	13.229861	313
179051.4375	0.0	0.0	179051.4375	11	15.673307	313
169786.40625	0.0	0.0	169786.40625	11	15.695934	313
73020.84375	0.0	0.0	73020.84375	7	15.607381	313
76930.6171875	0.0	0.0	76930.6171875	10	15.682246	313
98344.3359375	0.0	0.0	98344.3359375	9	15.687274	313
212729.3125	0.0	0.0	212729.3125	10	15.694258	313
591.335693359375	0.0	0.0	49019.9140625	8	13.193266	313
144819.5	0.0	0.0	144819.5	12	15.734485	313
92202.8125	0.0	0.0	92202.8125	8	15.632803	313
73020.84375	0.0	0.0	73020.84375	9	15.639786	313
92345.03125	0.0	0.0	92345.03125	12	15.680572	313
103370.484375	0.0	0.0	103370.484375	11	15.681688	313
169084.765625	0.0	0.0	169084.765625	10	15.723311	313
61788.4765625	0.0	0.0	61788.4765625	61	23.028507	313
115295.21875	90836.421875	248914.453125	115295.21875	11	17.103005	313
72906.4765625	6156.390625	0.0	72906.4765625	9	15.866894	313
60979.99609375	0.0	0.0	60979.99609375	23	13.42736	313
611057.3125	1082440.125	0.0	611057.3125	5	15.694816	313
61570.6796875	0.0	0.0	61570.6796875	70	13.268971	313
116631.921875	0.0	0.0	116631.921875	10	15.652635	313
289220.3125	0.0	0.0	289220.3125	10	15.691744	313
284717.21875	0.0	0.0	284717.21875	12	15.652356	313
130438.8984375	0.0	0.0	130438.8984375	11	15.683365	313
55144.34765625	17680.40625	0.0	78668.578125	14	15.758229	313
76168.984375	12681.3125	0.0	76168.984375	7	15.638948	313
77220.71875	14784.734375	0.0	77220.71875	11	15.741189	313
349140.09375	0.0	0.0	349140.09375	15	15.734204	313
230.16769409179688	0.0	0.0	84162.09375	8	13.228186	313
57.73512649536133	0.0	0.0	57978.98046875	7	13.193825	313
86000.9375	0.0	0.0	86000.9375	12	15.767447	313
359423.875	0.0	0.0	359423.875	12	15.747055	313
44595.55078125	37774.029296875	0.0	70278.25	6	15.685319	313
258632.109375	0.0	0.0	258632.109375	12	15.690347	313
3908.03662109375	6385.125	0.0	73020.84375	9	15.701242	313
116631.0	0.0	0.0	116631.0	11	15.692302	313
118923.984375	0.0	0.0	118923.984375	10	23.551442	313
116607.53125	0.0	0.0	116607.53125	11	15.826109	313
1352648.875	0.0	0.0	1352648.875	10	15.876391	313
77220.71875	14784.734375	0.0	77220.71875	13	15.816611	313
125848.953125	0.0	0.0	125848.953125	11	15.725547	313
186100.78125	0.0	0.0	186100.78125	11	15.710462	313
1333865.75	0.0	0.0	1333865.75	11	15.673866	313
186931.296875	0.0	0.0	186931.296875	11	15.731971	313
104090.78125	68516.046875	0.0	104090.78125	8	15.6423	313
157636.515625	0.0	0.0	157636.515625	10	15.703757	313
91342.3828125	42603.34375	0.0	91342.3828125	21	15.800968	313
76168.984375	12681.3125	0.0	76168.984375	7	15.680013	313
138704.9375	0.0	0.0	138704.9375	12	15.751246	313
108.65350341796875	0.0	0.0	108.65350341796875	2	15.585872	313
57141.85546875	46501.09375	0.0	104197.671875	5	15.642301	313
55141.328125	17680.40625	0.0	78668.578125	13	15.715488	313
85416.6796875	31150.90625	0.0	85416.6796875	23	15.840358	313
22.72751808166504	7.56396484375	0.0	5299.8623046875	8	15.66772	313
72906.4765625	6156.390625	0.0	72906.4765625	9	15.692303	313
208469.375	0.0	0.0	208469.375	12	15.71074	313
64671.9453125	53278.75390625	0.0	111066.1171875	5	15.611292	313
77220.71875	14784.734375	0.0	77220.71875	12	25.649059	313
738.0513305664062	0.0	0.0	738.0513305664062	3	13.322883	313
132548.25	0.0	0.0	132548.25	10	15.871085	313
77220.71875	14784.734375	0.0	77220.71875	13	15.84734	313
1308428.25	0.0	0.0	1308428.25	11	15.737277	313
226312.140625	424080.734375	0.0	281872.125	6	15.624142	313
77220.71875	14784.734375	0.0	77220.71875	12	15.72778	313
151906.5	0.0	0.0	151906.5	10	15.691186	313
133799.515625	0.0	0.0	133799.515625	11	16.771418	313
76930.6171875	0.0	0.0	76930.6171875	10	15.694258	313
88420.6875	0.0	0.0	88420.6875	20	15.796499	313
76930.6171875	0.0	0.0	76930.6171875	10	15.704594	313
212353.28125	0.0	0.0	212353.28125	24	13.231258	313
109429.390625	0.0	0.0	109429.390625	11	15.706829	313
76168.984375	0.0	0.0	76168.984375	7	15.634478	313
109429.390625	0.0	0.0	109429.390625	11	15.681689	313
131459.65625	0.0	0.0	131459.65625	11	15.704037	313
212729.3125	0.0	0.0	212729.3125	10	15.681408	313
166378.4375	0.0	0.0	166378.4375	10	15.658223	313
61454.43359375	0.0	0.0	61454.43359375	252	13.292994	313
40372.77734375	0.0	0.0	40372.77734375	105	13.267015	313
112333.6015625	0.0	0.0	112333.6015625	11	15.723311	313
70616.1640625	0.0	0.0	70616.1640625	12	20.814126	313
175048.34375	0.0	0.0	175048.34375	11	15.919971	313
76930.6171875	0.0	0.0	76930.6171875	11	15.828345	313
144014.9375	0.0	0.0	144014.9375	11	15.821921	313
30.288959503173828	7.578125	0.0	45388.15234375	6	15.702639	313
76168.984375	0.0	0.0	76168.984375	7	15.671353	313
76168.984375	0.0	0.0	76168.984375	7	15.627215	313
244454.59375	0.0	0.0	244454.59375	6	15.657943	313
197164.203125	0.0	0.0	197164.203125	11	15.652636	313
76168.984375	0.0	0.0	76168.984375	7	15.625259	313
76168.984375	0.0	0.0	76168.984375	7	15.669676	313
1120752.0	0.0	0.0	1120752.0	6	15.631125	313
162473.359375	0.0	0.0	162473.359375	11	15.721913	313
76930.6171875	0.0	0.0	76930.6171875	10	15.714091	313
186100.78125	0.0	0.0	186100.78125	11	15.706829	313
196117.6875	0.0	0.0	196117.6875	11	15.785325	313
145893.140625	0.0	0.0	145893.140625	11	15.691185	313
146703.03125	0.0	0.0	146703.03125	10	15.694538	313
135489.625	0.0	0.0	135489.625	10	15.628053	313
78668.578125	0.0	0.0	78668.578125	11	15.716606	313
209596.4375	0.0	0.0	209596.4375	7	15.65487	313
192934.359375	0.0	0.0	192934.359375	11	17.000483	313
90473.71875	0.0	0.0	90473.71875	20	24.727493	313
73020.84375	0.0	0.0	73020.84375	9	15.83449	313
212917.8125	0.0	0.0	212917.8125	14	13.374565	313
202228.0625	0.0	0.0	202228.0625	11	15.802645	313
76930.6171875	0.0	0.0	76930.6171875	10	15.646491	313
51111.09375	41565.76953125	0.0	99314.8671875	5	15.616879	313
165477.046875	0.0	0.0	165477.046875	10	15.695377	313
446905.0	0.0	0.0	446905.0	12	15.754039	313
1350135.125	0.0	0.0	1350135.125	11	15.723591	313
56669.0546875	46501.09375	0.0	104197.671875	5	15.658502	313
148984.046875	0.0	0.0	148984.046875	12	15.71884	313
191905.96875	0.0	0.0	191905.96875	11	15.749849	313
70902.90625	0.0	0.0	70902.90625	53	13.241594	313
287584.5	0.0	0.0	287584.5	16	15.764375	313
228658.734375	0.0	71938.703125	228658.734375	11	16.275858	313
96227.28125	26383.34375	0.0	96227.28125	14	15.766889	313
331977.0	317290.390625	0.0	387123.90625	6	15.611012	313
119952.90625	50123.84375	0.0	119952.90625	9	15.701242	313
76168.984375	6340.65625	0.0	76168.984375	7	15.612689	313
205579.953125	0.0	0.0	205579.953125	11	15.740071	313
56073.3515625	45629.109375	0.0	103401.296875	5	15.633361	313
297028.1875	227121.4296875	0.0	297028.1875	12	15.683363	313
78668.578125	8840.203125	0.0	78668.578125	12	23.516805	313
56745.15625	46563.5546875	0.0	104275.3359375	5	15.776385	313
873.4605102539062	0.0	0.0	2653.877685546875	37	13.356405	313
873.4605102539062	0.0	0.0	2653.877685546875	37	13.339645	313
70833.8671875	0.0	0.0	70833.8671875	21	13.243549	313
76168.984375	6340.65625	0.0	76168.984375	7	15.699007	313
70588.828125	0.0	0.0	70588.828125	313	13.308078	313
71037.0546875	0.0	0.0	71037.0546875	20	13.252768	313
33501.8515625	0.0	0.0	71385.890625	37	13.240197	313
96312.046875	26476.8515625	0.0	96312.046875	13	15.722472	313
78668.578125	8840.203125	0.0	78668.578125	9	15.664088	313
70245.3515625	0.0	0.0	70245.3515625	14	13.220921	313
74909.609375	0.0	0.0	74878.03125	31	13.228187	313
71306.359375	0.0	0.0	71306.359375	19	13.258355	313
15139.951171875	0.0	0.0	16701.646484375	105	13.227627	313
12604.93359375	0.0	0.0	14268.857421875	37	13.216733	313
33501.8515625	0.0	0.0	71385.890625	37	13.254165	313
78913.203125	9074.984375	0.0	78913.203125	9	15.677777	313
70236.5078125	0.0	0.0	70236.5078125	29	13.287966	313
70657.8046875	0.0	0.0	70657.8046875	60	13.283217	313
70746.1484375	0.0	0.0	70746.1484375	58	13.265897	313
8642.041015625	7102.2734375	0.0	76930.6171875	12	15.737279	313
71025.8671875	0.0	0.0	71025.8671875	38	23.265393	313
407609.0625	337775.203125	0.0	407609.0625	6	15.822479	313
7746.3349609375	0.0	0.0	9281.4072265625	21	13.291597	313
97213.953125	27383.3125	0.0	97213.953125	9	15.818568	313
1224286.25	0.0	0.0	1224286.25	10	15.710739	313
185433.59375	115603.4375	0.0	185433.59375	5	15.643139	313
20021.39453125	0.0	0.0	21707.349609375	73	13.188518	313
70213.8671875	0.0	0.0	70213.8671875	29	13.302492	313
73020.84375	3192.5625	0.0	73020.84375	7	15.645651	313
119952.90625	50123.84375	0.0	119952.90625	9	15.689509	313
22795.951171875	0.0	0.0	24520.826171875	115	13.220084	313
8648.9609375	7102.2734375	0.0	76930.6171875	12	15.711858	313
2524.017822265625	0.0	0.0	4122.6865234375	5	13.158348	313
29897.732421875	0.0	0.0	70768.6953125	6	13.181255	313
71037.0546875	0.0	0.0	71037.0546875	20	13.322326	313
72578.4140625	3078.1953125	0.0	72578.4140625	8	15.691185	313
77220.71875	7392.3671875	0.0	77220.71875	11	15.668558	313
72906.4765625	3078.1953125	0.0	72906.4765625	9	15.670513	313
179293.40625	0.0	0.0	179293.40625	11	15.708505	313
78668.578125	8840.203125	0.0	78668.578125	13	15.698168	313
8994.703125	14784.734375	71938.703125	77220.71875	12	16.858576	313
1180399.875	2221106.265625	0.0	1180399.875	6	15.657943	313
70892.2265625	0.0	0.0	70892.2265625	33	13.248857	313
70652.2734375	0.0	0.0	70652.2734375	43	21.075316	313
8642.041015625	14204.546875	0.0	76930.6171875	10	15.841755	313
76249.59375	0.0	0.0	76249.59375	17	13.350539	313
50.87468719482422	0.0	0.0	50.87468719482422	6	13.267573	313
1007.1104125976562	0.0	0.0	1007.1104125976562	5	15.61269	313
8642.041015625	14204.546875	0.0	76930.6171875	11	15.649842	313
1577.671630859375	2517.1591796875	0.0	3043.034912109375	5	15.640904	313
60660.703125	0.0	0.0	60660.703125	65	13.263941	313
70245.328125	0.0	0.0	70245.328125	8	13.230979	313
70602.3515625	0.0	0.0	70602.3515625	73	13.300815	313
70912.2578125	0.0	0.0	70912.2578125	49	13.284054	313
62092.30078125	0.0	0.0	62092.30078125	199	13.267295	313
14270.7255859375	0.0	0.0	70585.6484375	37	13.239917	313
8642.041015625	14204.546875	0.0	76930.6171875	11	15.722193	313
8648.9609375	14204.546875	0.0	76930.6171875	12	15.746216	313
70248.28125	0.0	0.0	70248.28125	14	13.23042	313
214277.875	400121.3125	0.0	269892.21875	6	15.613528	313
72906.4765625	6156.390625	0.0	72906.4765625	9	15.671911	313
61861.03515625	0.0	0.0	61861.03515625	283	13.283775	313
1651.0126953125	0.0	0.0	70621.953125	89	13.275674	313
102177.1015625	64696.09375	0.0	102177.1015625	9	15.738395	313
76168.984375	12681.3125	0.0	76168.984375	7	15.665485	313
1950.4176025390625	0.0	0.0	84143.2109375	8	23.012305	313
497398.0625	855125.421875	0.0	497398.0625	8	15.887007	313
18343.154296875	0.0	0.0	19869.234375	25	13.357802	313
70248.28125	0.0	0.0	70248.28125	14	13.373166	313
8648.9609375	14204.546875	0.0	76930.6171875	12	15.783091	313
72906.4765625	6156.390625	0.0	72906.4765625	9	15.651797	313
8642.041015625	14204.546875	0.0	76930.6171875	11	15.745378	313
78668.578125	17680.40625	0.0	78668.578125	12	15.669954	313
229054.71875	318447.671875	0.0	229054.71875	5	15.646769	313
72906.4765625	6156.390625	0.0	72906.4765625	9	15.675821	313
70583.8671875	0.0	0.0	70583.8671875	44	13.314782	313
8994.703125	14784.734375	0.0	77220.71875	12	15.732807	313
70194.1640625	0.0	0.0	70194.1640625	20	13.284335	313
212512.921875	0.0	0.0	212512.921875	20	13.238243	313
33501.8515625	0.0	0.0	71385.890625	37	13.255562	313
1651.0126953125	0.0	0.0	70621.953125	89	13.274837	313
8642.041015625	14204.546875	0.0	76930.6171875	10	15.679732	313
75231.0234375	0.0	0.0	76921.75	121	13.280424	313
8994.703125	14784.734375	0.0	77220.71875	12	15.778342	313
213734.40625	0.0	0.0	213734.40625	44	13.237404	313
85612.953125	31436.3125	0.0	85612.953125	20	15.816333	313
743.3372802734375	0.0	0.0	743.3372802734375	9	13.216453	313
7.9542717933654785	0.0	0.0	3508.567626953125	6	13.219247	313
71304.5546875	0.0	0.0	71304.5546875	47	20.888711	313
76168.984375	12681.3125	0.0	76168.984375	7	15.873878	313
1375.864990234375	0.0	71938.703125	70600.3515625	39	13.975158	313
868.0888061523438	0.0	0.0	868.0888061523438	2	15.760183	313
1647.3165283203125	0.0	0.0	5355.33740234375	145	13.308358	313
42210.50390625	0.0	0.0	80094.546875	51	13.248578	313
70245.296875	0.0	0.0	70245.296875	9	13.223716	313
51588.10546875	41955.91015625	0.0	99666.578125	5	15.65934	313
70238.859375	0.0	0.0	70238.859375	29	13.272321	313
112328.3984375	126343.640625	0.0	112328.3984375	11	15.734205	313
72906.4765625	9234.5859375	0.0	72906.4765625	9	15.726941	313
273687.53125	611373.421875	0.0	273687.53125	12	15.720517	313
5245.06396484375	0.0	0.0	6774.15234375	17	13.196619	313
70599.9453125	0.0	0.0	70599.9453125	20	13.297743	313
40372.30078125	0.0	0.0	40372.30078125	81	13.25584	313
173.75192260742188	0.0	0.0	84042.2265625	8	13.215055	313
78668.578125	26520.609375	0.0	78668.578125	11	15.735601	313
526492.625	0.0	0.0	526492.625	12	15.702638	313
70596.8984375	0.0	0.0	70596.8984375	11	13.225113	313
73873.1328125	0.0	0.0	73082.046875	52	13.24746	313
77412.890625	22719.6328125	0.0	77412.890625	21	15.811862	313
71306.359375	0.0	0.0	71306.359375	19	13.243828	313
7716.13525390625	19021.96875	0.0	76168.984375	6	15.627215	313
78668.578125	26520.609375	0.0	78668.578125	13	17.929312	313
44717.65625	0.0	0.0	70902.90625	53	21.285944	313
3657.66552734375	0.0	0.0	70585.453125	83	13.447752	313
5034.6025390625	0.0	0.0	5034.6025390625	9	13.3416	313
1540.192138671875	0.0	0.0	70573.46875	33	13.336293	313
15439.3857421875	0.0	0.0	70607.1484375	207	13.294392	313
8994.703125	22177.1015625	0.0	77220.71875	12	15.783371	313
40802.8203125	0.0	0.0	40572.984375	9	13.219526	313
70842.390625	0.0	0.0	70842.390625	19	13.258634	313
70643.1796875	0.0	0.0	70643.1796875	57	13.281262	313
12016.0849609375	0.0	0.0	45577.68359375	6	13.232377	313
7716.13525390625	19021.96875	0.0	76168.984375	7	15.647048	313
98691.5625	86569.59375	0.0	98691.5625	8	15.715489	313
61492.91015625	0.0	0.0	61492.91015625	22	13.259192	313
168779.578125	0.0	0.0	168779.578125	11	15.769682	313
163148.75	279703.265625	0.0	163148.75	12	15.698727	313
49145.36328125	0.0	0.0	50829.27734375	53	13.27344	313
2433.009033203125	4104.478271484375	0.0	3835.573974609375	5	15.61213	313
1180399.875	3331659.3984375	0.0	1180399.875	6	15.644814	313
8994.703125	22177.1015625	0.0	77220.71875	13	15.759625	313
23603.962890625	0.0	0.0	25278.41796875	17	13.244668	313
81212.9140625	34131.4453125	0.0	81212.9140625	7	15.640344	313
24167.53515625	0.0	0.0	45796.01171875	11	13.236287	313
44717.65625	0.0	0.0	70902.90625	53	13.254164	313
8642.041015625	21306.8203125	0.0	76930.6171875	10	24.959909	313
8642.041015625	21306.8203125	0.0	76930.6171875	11	15.829741	313
8994.703125	22177.1015625	0.0	77220.71875	13	15.878348	313
71037.0546875	0.0	0.0	71037.0546875	20	13.351377	313
8642.041015625	21306.8203125	0.0	76930.6171875	12	15.710181	313
1602.68603515625	0.0	0.0	70573.6171875	44	14.291658	313
71037.0546875	0.0	0.0	71037.0546875	20	13.237124	313
78913.203125	18149.96875	0.0	78913.203125	9	15.682525	313
943.7221069335938	0.0	0.0	2203.612060546875	29	13.211423	313
5298.97314453125	0.0	0.0	7066.11279296875	17	13.189915	313
72906.4765625	6156.390625	0.0	72906.4765625	9	15.69817	313
38939.859375	0.0	0.0	64604.5078125	31	13.226789	313
212245.515625	0.0	0.0	212245.515625	28	13.264222	313
44717.65625	0.0	0.0	70902.90625	53	13.255003	313
111850.421875	83971.171875	0.0	111850.421875	12	15.712138	313
72906.4765625	6156.390625	0.0	72906.4765625	9	15.680011	313
2518.43359375	0.0	0.0	58062.4609375	7	13.23489	313
212808.578125	0.0	0.0	245308.015625	145	13.302492	313
331977.0	634580.78125	0.0	387123.90625	6	15.601515	313
70112.65625	0.0	0.0	70112.65625	29	13.304168	313
71037.0546875	0.0	0.0	71037.0546875	20	13.272323	313
70600.3515625	0.0	0.0	70600.3515625	39	13.241036	313
70245.296875	0.0	0.0	70245.296875	9	13.225672	313
60910.77734375	0.0	0.0	60910.77734375	25	15.321051	313
76168.984375	12681.3125	0.0	76168.984375	7	23.829395	313
8642.041015625	14204.546875	0.0	76930.6171875	10	15.843988	313
741920.6875	1344162.515625	0.0	741920.6875	5	15.837843	313
104778.171875	69896.546875	0.0	104778.171875	12	15.756552	313
76168.984375	12681.3125	0.0	76168.984375	7	15.682806	313
70238.4921875	0.0	0.0	70238.4921875	20	13.26031	313
726.7767333984375	0.0	0.0	2411.121826171875	97	13.25612	313
560543.5	0.0	0.0	560543.5	5	15.695655	313
116943.3046875	71517.58984375	0.0	116943.3046875	7	15.731691	313
71037.0546875	0.0	0.0	71037.0546875	20	13.245225	313
66421.9921875	54994.48828125	0.0	112722.015625	5	15.681687	313
73020.84375	6385.125	0.0	73020.84375	7	15.655149	313
736.0159912109375	0.0	0.0	736.0159912109375	5	15.642299	313
42210.50390625	0.0	0.0	80094.546875	51	13.216172	313
185433.59375	231206.875	0.0	185433.59375	5	15.595929	313
73020.84375	6385.125	0.0	73020.84375	8	15.673586	313
72906.4765625	6156.390625	0.0	72906.4765625	9	15.730015	313
76168.984375	12681.3125	0.0	76168.984375	7	15.596765	313
2628.08349609375	0.0	0.0	3763.16650390625	37	13.230421	313
155844.546875	0.0	0.0	155844.546875	11	15.684203	313
265591.4375	390979.65625	0.0	265591.4375	12	15.687276	313
88420.6875	36957.578125	0.0	88420.6875	20	15.743982	313
157768.03125	0.0	0.0	157768.03125	10	15.666883	313
57143.9140625	46890.80859375	0.0	104592.6640625	5	23.329922	313
70746.1484375	0.0	0.0	70746.1484375	58	13.408644	313
8994.703125	14784.734375	0.0	77220.71875	12	15.821361	313
81792.9609375	23911.46875	0.0	81792.9609375	23	16.021374	313
18.50714683532715	0.0	0.0	70245.3359375	13	13.246901	313
494417.0	849163.390625	0.0	494417.0	12	15.685878	313
31546.9296875	0.0	0.0	18933.37890625	6	13.082925	313
298147.6875	0.0	0.0	298147.6875	17	15.77499	313
77220.71875	0.0	0.0	77220.71875	12	19.075472	313
60804.35546875	0.0	0.0	60804.35546875	23	13.260589	313
213418.046875	0.0	0.0	213418.046875	79	13.210587	313
72632.3984375	0.0	0.0	72166.625	9	13.180976	313
78668.578125	0.0	0.0	78668.578125	13	15.695097	313
76168.984375	0.0	0.0	76168.984375	7	15.676659	313
70605.234375	0.0	0.0	70605.234375	46	13.220643	313
214147.046875	0.0	0.0	214147.046875	99	13.263662	313
71037.0546875	0.0	0.0	71037.0546875	20	13.226231	313
61096.91015625	0.0	0.0	61096.91015625	719	13.274276	313
213741.65625	0.0	0.0	213741.65625	70	13.260589	313
6540.06201171875	0.0	0.0	6540.06201171875	13	13.217292	313
70573.6796875	0.0	0.0	70573.6796875	38	13.228743	313
52053.3203125	0.0	0.0	52053.3203125	10	13.224832	313
45735.61328125	0.0	0.0	45735.61328125	18	13.336292	313
23683.21484375	0.0	0.0	23683.21484375	33	13.215055	313
76031.203125	0.0	0.0	75886.640625	65	23.21064	313
264.7225646972656	0.0	0.0	264.7225646972656	5	13.346907	313
77220.71875	0.0	0.0	77220.71875	13	15.886169	313
61483.54296875	0.0	0.0	61483.54296875	421	13.398866	313
213353.75	0.0	0.0	213353.75	95	13.348304	313
71385.890625	0.0	0.0	71385.890625	37	13.230979	313
8034.53076171875	0.0	0.0	8034.53076171875	9	13.19243	313
81639.71875	0.0	0.0	81639.71875	6	13.199133	313
70245.328125	0.0	0.0	70245.328125	8	13.207235	313
70242.28125	0.0	0.0	70242.28125	24	13.267294	313
221597.96875	0.0	0.0	221597.96875	213	13.309477	313
213540.1875	0.0	0.0	213540.1875	85	13.27763	313
72190.3125	0.0	0.0	72190.3125	12	13.244667	313
476.9024963378906	0.0	0.0	33104.56640625	28	13.253607	313
52835.02734375	0.0	0.0	81599.375	13	13.224554	313
70242.28125	0.0	0.0	70242.28125	24	13.289362	313
61199.26953125	0.0	0.0	61158.3359375	145	13.285453	313
66363.046875	0.0	0.0	66363.046875	91	13.28601	313
70245.3359375	0.0	0.0	70245.3359375	13	13.248578	313
259316.75	0.0	0.0	259316.75	326	13.330147	313
71037.0546875	0.0	0.0	71037.0546875	20	13.260868	313
212567.453125	0.0	0.0	212567.453125	19	13.282657	313
45388.15234375	0.0	0.0	45388.15234375	6	15.728339	313
70238.859375	0.0	0.0	70238.859375	29	13.31143	313
212502.359375	0.0	0.0	212502.359375	20	13.290759	313
213376.625	0.0	0.0	213376.625	43	21.013858	313
235711.21875	0.0	0.0	235711.21875	1216	13.470099	313
21531.046875	0.0	0.0	21531.046875	33	13.388809	313
71385.890625	0.0	0.0	71385.890625	37	13.3673	313
70573.4140625	0.0	0.0	70573.4140625	17	13.275674	313
5970.806640625	0.0	0.0	5970.806640625	9	13.227906	313
213368.359375	0.0	0.0	213368.359375	61	13.317017	313
51526.6484375	42280.8046875	0.0	100040.40625	5	15.700123	313
103452.5390625	0.0	0.0	103452.5390625	11	15.789236	313
2634.969970703125	0.0	1453557.0812988281	213881.40625	160	19.312916	313
9609.8623046875	0.0	0.0	9609.8623046875	33	13.253326	313
15164.4619140625	0.0	0.0	70573.421875	18	13.305565	313
4362.93212890625	0.0	0.0	6146.41748046875	17	13.256678	313
12033.357421875	0.0	0.0	45806.15234375	11	13.26422	313
90778.8828125	0.0	0.0	124564.9296875	51	13.286848	313
6664.06689453125	0.0	0.0	87828.46875	1081	13.350818	313
61903.82421875	0.0	0.0	61903.82421875	28	13.342716	313
29549.376953125	0.0	0.0	74698.7578125	55	13.274278	313
73217.3046875	0.0	0.0	86155.78125	31	13.292995	313
78668.578125	26520.609375	0.0	78668.578125	11	15.782253	313
10511.0751953125	8619.921875	0.0	66315.21875	5	15.71102	313
68908.921875	0.0	0.0	212917.8125	14	13.276512	313
15542.0126953125	0.0	0.0	70601.1796875	60	13.32903	313
15106.888671875	0.0	0.0	214072.6875	96	13.289642	313
5299.8623046875	0.0	0.0	5299.8623046875	8	27.375422	313
37.89590835571289	0.0	0.0	45592.5	16	13.386575	313
70563.640625	0.0	0.0	70563.640625	20	13.432668	313
70245.3515625	0.0	0.0	70245.3515625	14	13.425126	313
23.243040084838867	0.0	0.0	70245.5546875	47	13.366182	313
681.8732299804688	0.0	0.0	2245.861083984375	5	13.236845	313
28452.74609375	0.0	0.0	70902.90625	53	13.323723	313
374.2876281738281	0.0	0.0	2137.070556640625	49	13.268411	313
9468.384765625	0.0	0.0	11242.068359375	37	13.27344	313
212591.546875	0.0	0.0	212591.546875	18	13.322605	313
3640.75390625	0.0	0.0	70241.890625	29	13.338248	313
403.5573425292969	0.0	0.0	212902.5625	63	13.292715	313
5255.1494140625	0.0	0.0	5231.69580078125	9	13.272322	313
7761.87255859375	0.0	0.0	7761.87255859375	13	13.235169	313
100868.15625	0.0	0.0	132463.109375	37	13.293553	313
62092.30078125	0.0	0.0	62092.30078125	189	13.314504	313
66679.5234375	0.0	0.0	213147.296875	56	13.300256	313
70245.296875	0.0	0.0	70245.296875	9	13.286009	313
280.7943115234375	0.0	0.0	213561.484375	35	13.327074	313
70743.5078125	0.0	0.0	70743.5078125	12	13.269528	313
61924.87890625	0.0	0.0	76921.75	121	13.32009	313
626.4775390625	0.0	0.0	70624.0703125	49	13.322325	313
1224286.25	0.0	0.0	1224286.25	10	15.785045	313
116631.921875	0.0	0.0	116631.921875	10	15.747613	313
8095.62841796875	0.0	0.0	53690.8203125	37	13.283216	313
7329.6611328125	0.0	0.0	213219.546875	54	22.116439	313
16674.0625	0.0	0.0	70638.3359375	134	13.463953	313
70068.890625	0.0	0.0	70068.890625	14	13.411715	313
56600.7734375	0.0	0.0	91575.125	11	13.408085	313
68818.4375	0.0	0.0	212827.328125	14	13.294671	313
7.778934478759766	0.0	0.0	1788.923583984375	6	13.255003	313
57237.43359375	0.0	0.0	91865.2578125	11	13.260031	313
7716.13525390625	19021.96875	0.0	76168.984375	7	15.729736	313
7746.3349609375	0.0	0.0	9281.4072265625	21	13.240197	313
73894.9375	0.0	0.0	119320.8046875	16	13.288804	313
76086.53125	0.0	448038.11572265625	213275.96875	61	17.171445	313
54768.72265625	0.0	0.0	81571.2421875	13	13.296346	313
50474.1875	0.0	0.0	70842.390625	19	13.288525	313
364250.6875	454796.671875	0.0	364250.6875	12	15.773593	313
198.39169311523438	0.0	0.0	84108.5625	8	13.233493	313
44109.484375	0.0	0.0	245210.84375	287	13.362551	313
60770.625	0.0	0.0	60770.625	21	13.322884	313
48008.5703125	0.0	0.0	52498.3984375	37	13.273159	313
1508.3111572265625	0.0	0.0	1508.3111572265625	17	13.251091	313
7494.04052734375	0.0	0.0	7494.04052734375	41	13.286849	313
268092.75	676550.390625	0.0	437703.84375	12	15.781973	313
281.1787109375	0.0	0.0	70239.6953125	24	13.318135	313
6540.06201171875	0.0	0.0	6540.06201171875	13	13.240197	313
56269.27734375	0.0	0.0	91655.28125	12	13.248298	313
49699.19140625	0.0	0.0	75777.640625	11	13.243271	313
4437.27197265625	0.0	0.0	71222.6796875	34	23.671562	313
50.32080841064453	0.0	0.0	7761.87255859375	13	13.34579	313
525.8604125976562	0.0	0.0	70573.3828125	24	13.450825	313
90.15911865234375	0.0	0.0	70132.1171875	29	13.47373	313
39665.83203125	0.0	0.0	32363.724609375	17	13.257516	313
44740.8828125	0.0	0.0	70712.828125	18	13.272881	313
403.5573425292969	0.0	0.0	212902.5625	63	13.279864	313
22473.998046875	0.0	0.0	70902.90625	53	13.27707	313
525.921630859375	0.0	0.0	71008.0625	29	13.327912	313
212839.09375	0.0	0.0	212839.09375	44	13.257237	313
41.20267105102539	0.0	0.0	70238.0859375	9	13.240196	313
35315.83203125	0.0	0.0	73354.1796875	53	13.371489	313
988708.375	5829139.59375	0.0	1041367.6875	6	15.681687	313
47064.140625	80418.4453125	0.0	72702.015625	6	15.668001	313
111.06521606445312	0.0	0.0	45722.1953125	18	13.214219	313
8335.2216796875	0.0	0.0	8335.2216796875	53	13.210028	313
95299.125	0.0	0.0	100304.5	4	13.182374	313
131798.46875	0.0	0.0	214147.046875	99	13.26031	313
34206.8203125	0.0	0.0	70891.8203125	33	13.266177	313
16963.24609375	0.0	0.0	70585.6484375	37	13.260591	313
3770.253662109375	18469.171875	0.0	72906.4765625	9	15.731132	313
22473.998046875	0.0	0.0	70902.90625	53	13.303051	313
68328.140625	0.0	0.0	212473.171875	20	13.231538	313
33829.36328125	0.0	0.0	71037.0546875	20	13.261986	313
4396.97314453125	0.0	0.0	70593.7578125	46	13.341601	313
43496.27734375	0.0	0.0	246479.15625	948	21.080623	313
61715.91796875	0.0	0.0	61715.91796875	61	13.409202	313
3642.395751953125	0.0	0.0	70242.8359375	29	13.437416	313
19.10146141052246	0.0	0.0	32550.560546875	9	13.389648	313
33283.19921875	0.0	0.0	125708.3515625	505	13.349701	313
56658.82421875	0.0	0.0	213386.875	533	13.369814	313
7405.8828125	0.0	0.0	70143.1484375	20	13.284056	313
213887.3125	0.0	0.0	213887.3125	36	13.263662	313
23800.421875	0.0	0.0	79496.890625	45	13.282099	313
8664.9384765625	0.0	0.0	8664.9384765625	9	13.249415	313
313946.34375	0.0	1822.6239013671875	313946.34375	7	20.596235	313
104.86787414550781	0.0	0.0	45719.07421875	18	13.22623	313
79512.1796875	0.0	0.0	79512.1796875	21	13.255561	313
67536.6875	0.0	0.0	211545.578125	14	13.265059	313
213207.671875	0.0	0.0	220972.59375	111	13.295787	313
27959.365234375	0.0	0.0	17431.365234375	3	13.270366	313
41.792335510253906	0.0	0.0	6903.326171875	4	13.232096	313
70602.3515625	0.0	0.0	70602.3515625	73	13.350538	313
70245.328125	0.0	0.0	70245.328125	8	13.242153	313
24916.3125	0.0	0.0	26622.662109375	41	13.284055	313
83267.75	0.0	0.0	83267.75	21	13.262544	313
68648.4140625	0.0	0.0	212793.453125	20	13.29411	313
213735.171875	0.0	0.0	213735.171875	25	13.315062	313
109429.390625	0.0	0.0	109429.390625	11	15.750685	313
60659.203125	0.0	0.0	60659.203125	21	13.312828	313
8695.947265625	0.0	0.0	45789.11328125	11	14.170981	313
70599.9453125	0.0	0.0	70599.9453125	20	22.919842	313
49017.390625	0.0	0.0	49017.390625	9	13.417863	313
213699.359375	0.0	0.0	213699.359375	44	13.393	313
43089.9296875	0.0	0.0	244864.203125	106	13.424287	313
1705.0101318359375	0.0	0.0	7796.37353515625	12	13.251652	313
220254.640625	0.0	0.0	253431.46875	2215	13.363668	313
213480.25	0.0	0.0	213480.25	36	13.292435	313
3661.594970703125	0.0	0.0	3661.594970703125	21	13.2821	313
71851.5703125	0.0	0.0	71851.5703125	58	13.296905	313
71449.6953125	0.0	0.0	72564.8515625	442	13.366183	313
3222.207763671875	0.0	0.0	4403.45361328125	6	13.261149	313
71037.0546875	0.0	0.0	71037.0546875	20	13.285452	313
640498.8125	0.0	0.0	640498.8125	6	15.714372	313
33549.2421875	0.0	0.0	33306.375	5	13.204441	313
213017.921875	0.0	0.0	213017.921875	85	13.280702	313
42731.01171875	0.0	0.0	95570.171875	361	13.311431	313
414.8956604003906	0.0	0.0	212844.625	19	13.248857	313
64055.703125	0.0	0.0	246476.71875	982	13.352215	313
40377.37109375	0.0	0.0	40377.37109375	97	13.28601	313
70714.921875	0.0	0.0	70714.921875	60	13.303888	313
1205.088134765625	0.0	0.0	2743.328857421875	25	13.268132	313
14663.380859375	0.0	0.0	57480.1796875	91	13.415907	313
61827.46875	0.0	0.0	61827.46875	92	13.331822	313
50584.24609375	0.0	0.0	82925.046875	631	13.326515	313
1573.9171142578125	0.0	0.0	3240.017333984375	49	13.271484	313
147.26011657714844	0.0	0.0	32554.162109375	15	20.823343	313
70652.2734375	0.0	0.0	70652.2734375	43	13.412554	313
70215.96875	0.0	0.0	70215.96875	58	13.682682	313
70619.953125	0.0	0.0	72034.4375	45	13.554742	313
70807.34375	0.0	0.0	213780.015625	30	13.323721	313
32131.525390625	26363.51171875	0.0	84124.8828125	5	15.610454	313
6995.92333984375	0.0	0.0	6995.92333984375	9	13.237124	313
5550.36474609375	0.0	0.0	50871.40625	15	13.266735	313
76930.6171875	0.0	0.0	76930.6171875	11	15.762699	313
40403.66015625	0.0	696104.4676513672	40403.66015625	33	16.068303	313
