421141.3125	0.0	0.0	421141.3125	12	76.91505	313
213516.703125	0.0	0.0	213516.703125	274	36.976288	313
446905.0	0.0	0.0	446905.0	12	40.171735	313
40822.29296875	0.0	0.0	40822.29296875	289	34.761069	313
212887.375	0.0	0.0	212887.375	20	33.49423	313
213277.390625	0.0	0.0	213277.390625	116	34.331713	313
7740.94873046875	0.0	0.0	7740.94873046875	8	44.870348	313
454148.9375	0.0	0.0	454148.9375	12	21.161912	313
45755.9375	0.0	0.0	45755.9375	11	36.966234	313
212949.75	0.0	0.0	212949.75	20	34.985665	313
213662.390625	0.0	0.0	213662.390625	101	15.765212	313
40379.7734375	0.0	0.0	40379.7734375	161	33.581388	313
46208.46484375	0.0	0.0	46208.46484375	6	20.982851	313
213750.046875	0.0	0.0	213750.046875	42	33.980576	313
212639.96875	0.0	0.0	212639.96875	18	35.052427	313
73107.9921875	0.0	0.0	73107.9921875	6	21.179232	313
605225.0	0.0	0.0	605225.0	9	57.893212	313
53817.6875	0.0	0.0	53817.6875	91	15.857117	313
639229.0625	0.0	0.0	639229.0625	5	38.755447	313
233984.71875	0.0	0.0	233984.71875	16	19.781938	313
213903.484375	0.0	0.0	213903.484375	97	15.763255	313
635197.5625	0.0	0.0	635197.5625	12	41.225152	313
68787.8984375	0.0	0.0	68787.8984375	25	18.90004	313
212949.75	0.0	0.0	212949.75	20	31.994699	313
19122.068359375	0.0	55352.01025390625	45711.17578125	11	19.381636	313
138394.078125	92838.87890625	0.0	138394.078125	7	40.774568	313
213755.40625	0.0	0.0	213755.40625	27	15.003155	313
213279.21875	0.0	0.0	213279.21875	88	14.987511	313
59350.59765625	0.0	0.0	59350.59765625	11	35.939634	313
619724.75	0.0	0.0	619724.75	5	18.616225	313
48881.15625	0.0	0.0	56638.0234375	91	14.898958	313
6906.83251953125	0.0	0.0	6906.83251953125	4	33.84984	313
229360.78125	0.0	0.0	229360.78125	17	18.949765	313
87317.46875	77696.390625	0.0	123088.9921875	6	18.437722	313
229360.78125	0.0	0.0	229360.78125	17	40.070333	313
212358.28125	0.0	0.0	212358.28125	14	14.807612	313
78668.578125	0.0	0.0	78668.578125	13	18.416213	313
304733.5625	0.0	0.0	304733.5625	17	47.865224	313
70585.6484375	0.0	0.0	70585.6484375	37	14.805376	313
67402.1875	0.0	0.0	67402.1875	5	18.417329	313
291666.53125	0.0	0.0	291666.53125	16	37.749799	313
492288.15625	0.0	0.0	492288.15625	5	18.490798	313
246070.34375	0.0	0.0	246070.34375	11	18.510632	313
593214.625	0.0	0.0	593214.625	9	41.725464	313
589609.0	0.0	0.0	589609.0	12	18.607846	313
454148.9375	0.0	0.0	454148.9375	12	18.564268	313
100188.5078125	0.0	0.0	124903.984375	301	14.734702	313
60629.23828125	0.0	0.0	60629.23828125	21	38.76802	313
117941.9296875	107987.14453125	0.0	153503.765625	6	18.61008	313
212372.28125	0.0	40789.77099609375	212372.28125	19	20.71775	313
263131.125	0.0	0.0	263131.125	16	18.440796	313
40605.44140625	0.0	0.0	40605.44140625	217	31.630989	313
227110.671875	0.0	0.0	227110.671875	6	18.501693	313
567827.0	0.0	0.0	567827.0	9	18.384926	313
30.838071823120117	0.0	0.0	32512.603515625	9	14.580223	313
94700.7421875	0.0	0.0	91865.2578125	11	36.156965	313
258425.0625	0.0	0.0	258425.0625	91	14.799231	313
63010.13671875	0.0	0.0	68984.1171875	241	14.775486	313
45731.18359375	0.0	0.0	45731.18359375	11	14.610671	313
561425.0	0.0	0.0	561425.0	12	40.159444	313
342617.8125	0.0	0.0	342617.8125	11	18.51985	313
61321.27734375	0.0	0.0	61321.27734375	18	14.742802	313
213902.453125	0.0	0.0	221597.96875	213	14.766268	313
147873.984375	0.0	0.0	147873.984375	10	19.035803	313
151497.21875	0.0	0.0	151497.21875	11	42.325498	313
185747.28125	0.0	0.0	185747.28125	12	18.236313	313
249126.65625	0.0	0.0	249126.65625	12	18.213407	313
173697.40625	0.0	0.0	173697.40625	10	17.871487	313
101086.8125	68538.77734375	0.0	101086.8125	6	44.45552	313
60680.42578125	0.0	0.0	60680.42578125	23	13.88018	313
45649.87109375	0.0	0.0	45649.87109375	11	13.753357	313
280309.78125	0.0	0.0	280309.78125	16	17.491575	313
61719.70703125	0.0	0.0	61719.70703125	19	13.662011	313
45734.40234375	0.0	0.0	45734.40234375	13	35.458039	313
213534.46875	0.0	94779.5546875	213534.46875	19	16.497939	313
46898.34375	0.0	0.0	92348.234375	26	13.786879	313
212602.859375	0.0	0.0	212602.859375	17	13.710618	313
313680.6875	0.0	0.0	313680.6875	16	17.540461	313
465323.8125	0.0	0.0	465323.8125	5	34.857164	313
61168.5078125	0.0	0.0	61168.5078125	5	13.787717	313
326868.0625	0.0	0.0	326868.0625	14	17.554707	313
326025.125	0.0	0.0	326025.125	14	17.525375	313
233984.71875	0.0	0.0	233984.71875	16	17.364193	313
239887.65625	0.0	0.0	239887.65625	2322	13.852524	313
213553.5625	0.0	0.0	213553.5625	66	35.367251	313
212842.34375	0.0	0.0	212842.34375	19	13.923479	313
32672.0703125	0.0	0.0	32672.0703125	14	13.72626	313
301635.65625	0.0	0.0	301635.65625	16	17.400786	313
369787.21875	0.0	0.0	369787.21875	9	17.334582	313
660808.375	0.0	0.0	660808.375	5	17.323408	313
30.288959503173828	15.15625	0.0	45388.15234375	6	38.703768	313
678306.9375	0.0	0.0	678306.9375	5	17.392687	313
660837.1875	0.0	0.0	660837.1875	5	17.23346	313
624959.8125	0.0	0.0	624959.8125	12	17.256925	313
69396.9609375	119959.25	0.0	105522.125	7	17.155242	313
466086.71875	0.0	0.0	466086.71875	12	19.384708	313
179051.4375	0.0	0.0	179051.4375	11	36.475142	313
469147.8125	0.0	0.0	469147.8125	9	17.397995	313
213103.734375	0.0	0.0	213103.734375	63	13.546082	313
381.13623046875	0.0	33787.0390625	32573.046875	7	15.131655	313
384270.75	0.0	0.0	384270.75	5	17.194071	313
58390.53125	0.0	0.0	107595.515625	883	13.613125	313
452284.78125	0.0	0.0	452284.78125	9	35.938236	313
213017.921875	0.0	0.0	213017.921875	85	13.7947	313
4318.47607421875	0.0	0.0	4318.47607421875	29	13.595247	313
84125.859375	0.0	0.0	84125.859375	8	13.48267	313
413263.84375	0.0	0.0	413263.84375	9	17.007188	313
213667.5625	0.0	0.0	213667.5625	114	13.391602	313
377033.53125	0.0	0.0	377033.53125	12	41.378794	313
132797.8125	87297.046875	0.0	132797.8125	6	17.195187	313
212328.109375	0.0	0.0	212328.109375	18	13.46982	313
617874.1875	0.0	0.0	617874.1875	9	17.099931	313
57706.88671875	0.0	0.0	91538.390625	11	13.308357	313
70797.6640625	0.0	0.0	70797.6640625	44	13.358919	313
212695.75	0.0	0.0	212695.75	36	13.330425	313
633559.75	0.0	0.0	633559.75	9	36.183223	313
212904.5625	0.0	0.0	212904.5625	20	13.477082	313
416292.5625	0.0	0.0	416292.5625	9	17.199658	313
57932.44921875	0.0	0.0	57932.44921875	5	17.037358	313
212897.703125	0.0	0.0	212897.703125	20	13.378194	313
60708.0703125	0.0	0.0	91914.9765625	11	13.312269	313
630438.25	0.0	0.0	630438.25	12	17.196865	313
1448.504638671875	0.0	0.0	52153.0	25	34.459936	313
212761.9375	0.0	0.0	212761.9375	20	13.506694	313
415971.6875	0.0	143447.0	415971.6875	12	17.903892	313
31.844938278198242	0.0	0.0	7822.29248046875	9	13.325398	313
83041.140625	73462.8515625	0.0	118921.9921875	7	17.072556	313
641807.0	0.0	0.0	641807.0	12	17.07451	313
81405.671875	0.0	0.0	81405.671875	111	13.367022	313
213819.578125	0.0	0.0	213819.578125	147	31.896089	313
535379.4375	0.0	0.0	535379.4375	5	17.192954	313
634652.75	0.0	0.0	634652.75	12	17.18122	313
213103.734375	0.0	0.0	213103.734375	53	13.36758	313
433826.34375	0.0	0.0	433826.34375	12	17.038474	313
212793.453125	0.0	0.0	212793.453125	18	13.329867	313
538107.5625	0.0	0.0	538107.5625	9	17.087919	313
63883.8984375	18502.54296875	0.0	63883.8984375	6	17.763378	313
213043.046875	0.0	0.0	213043.046875	63	35.304398	313
125.76739501953125	0.0	0.0	58040.79296875	7	13.433504	313
212328.109375	0.0	0.0	212328.109375	18	13.470937	313
212693.265625	0.0	0.0	212693.265625	19	13.346627	313
52425.2421875	19872.76953125	0.0	52425.2421875	7	17.089874	313
681062.625	0.0	0.0	681062.625	9	17.00579	313
212141.1875	0.0	0.0	212141.1875	18	13.374004	313
299525.25	0.0	0.0	299525.25	17	17.017802	313
57228.03515625	0.0	0.0	81639.71875	6	30.834293	313
53646.23046875	8159.72265625	0.0	53646.23046875	6	17.205805	313
61951.14453125	16568.9296875	0.0	61951.14453125	6	17.10049	313
213376.625	0.0	0.0	213376.625	43	13.375122	313
213305.828125	0.0	47389.77734375	213305.828125	218	14.687772	313
23949.50390625	0.0	0.0	45806.15234375	11	13.316179	313
288889.53125	0.0	0.0	288889.53125	16	17.191557	313
8837.7216796875	0.0	0.0	61785.63671875	31	13.861743	313
249099.25	0.0	0.0	249099.25	12	38.964679	313
73020.84375	0.0	0.0	73020.84375	9	17.195747	313
213543.6875	0.0	0.0	213543.6875	110	13.521499	313
11912.197265625	10438.599609375	0.0	17340.802734375	4	17.037078	313
110357.359375	64793.44140625	0.0	110357.359375	7	17.090433	313
287584.5	0.0	0.0	287584.5	16	17.135408	313
97175.078125	64626.767578125	0.0	97175.078125	6	17.010261	313
497398.0625	0.0	0.0	497398.0625	8	16.989589	313
323361.34375	0.0	0.0	323361.34375	10	34.978121	313
484888.6875	0.0	0.0	484888.6875	12	17.217256	313
98585.125	0.0	0.0	98585.125	11	17.101886	313
213264.578125	0.0	0.0	213264.578125	36	13.328749	313
212930.859375	0.0	0.0	245210.84375	287	13.407804	313
495623.25	0.0	0.0	495623.25	12	17.009701	313
156273.96875	0.0	0.0	156273.96875	11	17.054118	313
342617.8125	0.0	0.0	342617.8125	10	16.948524	313
213667.5625	0.0	0.0	213667.5625	109	13.361713	313
359424.46875	0.0	0.0	359424.46875	14	39.731763	313
30.288959503173828	7.578125	0.0	45388.15234375	6	17.140994	313
212604.359375	0.0	0.0	212604.359375	14	13.421494	313
619560.25	0.0	0.0	619560.25	9	17.030094	313
697760.1875	0.0	0.0	697760.1875	12	18.251679	313
2272454.75	0.0	0.0	2272454.75	2	16.949364	313
246877.9375	0.0	0.0	252858.0625	925	13.360875	313
61432.5859375	0.0	0.0	61432.5859375	61	13.351098	313
84133.8359375	0.0	0.0	84133.8359375	8	13.274557	313
213866.296875	0.0	0.0	213866.296875	119	30.929551	313
600163.5	0.0	0.0	600163.5	5	17.213905	313
213009.296875	0.0	0.0	213009.296875	114	13.48686	313
247918.671875	0.0	0.0	247918.671875	16	17.112223	313
560943.5	0.0	0.0	560943.5	5	16.972269	313
212693.265625	0.0	0.0	212693.265625	19	13.318135	313
212789.71875	0.0	0.0	212789.71875	53	13.341321	313
55182.80078125	0.0	0.0	55182.80078125	8	16.96333	313
213226.015625	0.0	0.0	213226.015625	199	13.429594	313
213926.03125	0.0	0.0	213926.03125	86	15.747613	313
61507.9453125	0.0	0.0	61507.9453125	61	33.352882	313
212793.453125	0.0	0.0	212793.453125	18	13.50837	313
218512.3125	0.0	0.0	218512.3125	17	17.274522	313
291047.15625	0.0	0.0	291047.15625	17	17.105797	313
246334.03125	0.0	0.0	246334.03125	346	13.407805	313
71779.3828125	0.0	0.0	71779.3828125	6	17.032607	313
56371.578125	0.0	0.0	56371.578125	6	17.008026	313
60987.95703125	0.0	0.0	60987.95703125	62	13.370372	313
220367.625	0.0	0.0	220367.625	12	17.089315	313
356739.1875	0.0	0.0	356739.1875	15	39.349897	313
1702950.75	0.0	577650.12890625	1702950.75	6	19.078544	313
61070.97265625	50113.68359375	0.0	107894.8125	5	17.046018	313
132676.515625	0.0	0.0	132676.515625	11	17.10049	313
292497.0	0.0	0.0	292497.0	12	17.054119	313
8504.9873046875	0.0	0.0	8504.9873046875	2	16.930926	313
212494.78125	0.0	0.0	212494.78125	19	13.311431	313
459214.6875	246529.484375	0.0	459214.6875	12	17.093228	313
49979.265625	0.0	0.0	49979.265625	9	17.005791	313
361136.28125	148698.515625	0.0	361136.28125	10	16.982047	313
430171.15625	217590.625	0.0	430171.15625	5	38.090325	313
1490237.25	0.0	0.0	1490237.25	6	17.180942	313
29990.654296875	24606.53125	0.0	82391.53125	5	17.135967	313
1309.9559326171875	0.0	0.0	1309.9559326171875	3	13.323164	313
32865.19140625	26965.6171875	0.0	84747.234375	5	16.945451	313
30.287479400634766	7.578125	0.0	45388.15234375	6	16.963051	313
70541.140625	59090.28125	0.0	116858.9609375	5	16.949922	313
18529.55859375	15200.57421875	0.0	72984.265625	5	17.017523	313
469150.8125	256387.28125	0.0	469150.8125	9	16.990707	313
13187.6904296875	0.0	0.0	13187.6904296875	81	13.29858	313
5328.412109375	4366.58984375	0.0	62146.8515625	5	16.992103	313
34097.53125	27674.90625	0.0	85464.0625	5	35.221712	313
252896.9375	0.0	0.0	252896.9375	6	17.073951	313
363306.25	150501.125	0.0	363306.25	11	17.030653	313
1616215.125	0.0	0.0	1616215.125	6	16.982325	313
376827.28125	333751.921875	0.0	546368.8125	12	16.969195	313
617857.5	0.0	1822.6239013671875	617857.5	9	18.25475	313
11832.94140625	9700.75	0.0	67402.1875	5	16.970035	313
17794.703125	14597.4921875	0.0	72279.3046875	5	16.902152	313
996687.25	0.0	0.0	996687.25	6	16.992102	313
1014833.0625	0.0	0.0	1014833.0625	6	16.956347	313
30.287479400634766	7.578125	0.0	45388.15234375	6	39.486221	313
44845.984375	36209.35546875	0.0	81626.5625	6	17.182898	313
60745.359375	49452.49609375	0.0	107141.9921875	5	17.069482	313
342617.8125	0.0	0.0	342617.8125	10	16.989311	313
39789.359375	33042.380859375	0.0	65615.1015625	6	16.998808	313
1234021.5	0.0	0.0	1234021.5	6	16.930367	313
185433.59375	0.0	0.0	185433.59375	5	16.934279	313
2272454.75	0.0	0.0	2272454.75	2	16.905227	313
71529.640625	0.0	0.0	71529.640625	12	13.313386	313
560543.5	0.0	0.0	560543.5	5	16.990706	313
11777.4990234375	0.0	0.0	13187.6904296875	81	13.310871	313
388603.28125	0.0	0.0	388603.28125	12	39.009934	313
249490.21875	0.0	0.0	249490.21875	17	17.307765	313
50105.75390625	41114.703125	0.0	98812.8125	5	17.086243	313
589852.375	0.0	0.0	589852.375	9	16.987074	313
5299.8623046875	0.0	0.0	5299.8623046875	8	16.958861	313
28346.583984375	23257.265625	0.0	80982.8671875	5	16.963889	313
680201.625	0.0	0.0	680201.625	12	16.974503	313
44845.984375	36209.35546875	0.0	81626.5625	6	17.00188	313
8502.3974609375	6913.52587890625	0.0	14675.8681640625	5	16.978974	313
3095.67529296875	0.0	0.0	57999.4453125	7	13.335733	313
49343.35546875	40122.0234375	0.0	97834.375	5	16.960815	313
98547.46875	0.0	0.0	98547.46875	10	19.153967	313
51214.609375	42024.71484375	0.0	99747.21875	5	38.215469	313
70068.890625	0.0	0.0	70068.890625	14	13.483787	313
473353.0625	0.0	0.0	473353.0625	12	17.122558	313
116943.3046875	71517.58984375	0.0	116943.3046875	7	17.00607	313
49634.0	4402.2109375	0.0	49634.0	8	17.056913	313
60745.359375	49452.49609375	0.0	107141.9921875	5	17.089317	313
83471.140625	50935.154296875	0.0	83471.140625	6	16.922825	313
26316.11328125	21590.88671875	0.0	79368.2109375	5	16.954112	313
61336.75	0.0	0.0	61336.75	78	13.332382	313
438384.59375	0.0	0.0	438384.59375	12	17.06194	313
42771.8203125	35095.84375	0.0	92823.265625	5	16.92506	313
295059.125	0.0	0.0	295059.125	6	46.772701	313
472466.3125	0.0	0.0	472466.3125	12	17.089316	313
605225.0	0.0	0.0	605225.0	9	17.119206	313
213977.65625	0.0	0.0	246217.515625	1376	13.425404	313
1384009.375	0.0	0.0	1384009.375	10	17.039872	313
8713.7626953125	7279.318359375	0.0	14196.54296875	4	16.956068	313
495617.75	0.0	0.0	495617.75	12	16.940703	313
10839.10546875	8816.578125	0.0	54206.5625	6	16.974225	313
1168349.75	0.0	0.0	1168349.75	6	16.93763	313
58711.296875	0.0	0.0	81683.6875	155	13.305005	313
19511.423828125	16006.37890625	0.0	73702.5234375	5	16.963889	313
511540.34375	0.0	33787.0390625	511540.34375	12	18.791654	313
372750.625	0.0	0.0	372750.625	9	20.937316	313
212190.828125	0.0	0.0	212190.828125	16	37.857067	313
1335243.0	0.0	0.0	1335243.0	11	17.2072	313
3595.83251953125	0.0	0.0	3595.83251953125	13	13.333778	313
326706.3125	0.0	0.0	326706.3125	11	16.970872	313
165993.078125	0.0	0.0	165993.078125	4	16.946848	313
50039.1875	0.0	0.0	50039.1875	9	17.017245	313
680201.625	0.0	0.0	680201.625	12	16.943496	313
2272454.75	0.0	0.0	2272454.75	2	16.922826	313
227935.140625	0.0	0.0	227935.140625	17	17.090713	313
1378560.25	0.0	0.0	1378560.25	6	16.988193	313
393977.0	0.0	0.0	393977.0	12	16.949642	313
316049.3125	0.0	0.0	316049.3125	10	16.958582	313
454691.53125	0.0	0.0	454691.53125	5	40.434882	313
535787.8125	0.0	0.0	535787.8125	9	17.155521	313
25248.76953125	20714.93359375	0.0	78482.265625	5	16.968917	313
57940.47265625	0.0	0.0	57940.47265625	6	16.958582	313
266776.9375	0.0	0.0	266776.9375	15	17.032609	313
213561.484375	0.0	0.0	213561.484375	35	13.318693	313
212431.03125	0.0	0.0	212431.03125	360	13.348864	313
40814.8828125	33489.81640625	0.0	91218.9375	5	16.930367	313
59945.3125	0.0	0.0	59945.3125	8	17.01892	313
246070.34375	0.0	0.0	246070.34375	11	16.988193	313
49944.51953125	0.0	0.0	49944.51953125	9	16.952994	313
110357.359375	0.0	49397.23828125	110357.359375	7	17.645216	313
4127.4580078125	0.0	0.0	4127.4580078125	6	20.087544	313
526492.625	0.0	0.0	526492.625	12	39.349059	313
23468.556640625	19253.93359375	0.0	76964.390625	5	17.085125	313
1109.87841796875	832.54296875	0.0	49829.8515625	9	17.090433	313
440800.25	0.0	0.0	440800.25	12	17.039032	313
151504.15625	0.0	0.0	151504.15625	11	17.051324	313
45388.15234375	0.0	0.0	45388.15234375	6	16.964447	313
529318.0	0.0	0.0	529318.0	12	17.028976	313
525892.25	0.0	0.0	525892.25	9	17.006909	313
4127.4580078125	0.0	0.0	4127.4580078125	6	16.970035	313
80161.3515625	0.0	0.0	81405.671875	111	16.183394	313
299990.5	0.0	0.0	299990.5	16	17.105519	313
2272454.75	0.0	0.0	2272454.75	2	16.897406	313
40275.97265625	0.0	0.0	40275.97265625	25	13.296346	313
212190.828125	0.0	0.0	212190.828125	17	40.781271	313
4842.228515625	0.0	0.0	4842.228515625	4	17.094344	313
92204.953125	0.0	0.0	92204.953125	8	17.099652	313
289220.3125	0.0	0.0	289220.3125	10	16.972549	313
71004.03125	59528.765625	0.0	117276.078125	5	16.916122	313
28415.283203125	22748.39453125	0.0	55246.36328125	6	16.997131	313
249099.25	0.0	0.0	249099.25	12	16.938747	313
472154.4375	0.0	0.0	472154.4375	12	17.082332	313
1131817.875	0.0	0.0	1131817.875	6	16.919473	313
339408.84375	0.0	0.0	339408.84375	14	17.049927	313
428839.0	0.0	71938.703125	428839.0	12	17.556382	313
61205.453125	0.0	0.0	61205.453125	66	13.358361	313
216588.984375	0.0	0.0	216588.984375	17	16.963888	313
310584.25	0.0	0.0	310584.25	16	51.840886	313
1682651.625	0.0	0.0	1682651.625	6	17.133731	313
1080736.5	0.0	0.0	1080736.5	6	17.114177	313
73873.1328125	0.0	0.0	73082.046875	52	13.322603	313
6891.3212890625	0.0	0.0	6891.3212890625	6	16.983722	313
288984.40625	0.0	0.0	288984.40625	16	17.039312	313
54482.34765625	44706.5	0.0	102419.2890625	5	16.967241	313
1015974.875	0.0	0.0	1015974.875	6	16.959978	313
650456.25	0.0	0.0	650456.25	9	16.997412	313
455715.8125	0.0	0.0	455715.8125	12	16.992941	313
261004.375	0.0	0.0	261004.375	17	16.988472	313
526577.125	0.0	0.0	526577.125	5	16.920032	313
50322.09765625	0.0	0.0	50322.09765625	193	13.350819	313
62132.8359375	0.0	0.0	62132.8359375	6	16.966962	313
50926.04296875	41787.890625	0.0	99556.046875	5	37.947858	313
83410.3125	71810.89453125	0.0	129529.484375	5	17.079259	313
45388.15234375	0.0	0.0	45388.15234375	6	17.065572	313
56745.15625	46563.5546875	0.0	104275.3359375	5	16.97199	313
81644.3359375	0.0	0.0	81644.3359375	6	13.262266	313
60910.77734375	0.0	0.0	60910.77734375	25	13.318414	313
60065.75	27516.279296875	0.0	60065.75	6	16.982885	313
58884.4921875	0.0	0.0	58884.4921875	2	13.217011	313
20800.8828125	16743.2890625	47389.77734375	62132.8359375	6	18.205028	313
1469853.125	0.0	0.0	1469853.125	6	16.927294	313
81039.34375	69482.74609375	0.0	127231.9453125	5	16.982884	313
593214.625	0.0	0.0	593214.625	9	16.98875	313
361724.6875	0.0	0.0	361724.6875	8	16.942099	313
506515.125	0.0	0.0	506515.125	9	17.013333	313
61492.59375	50459.7109375	0.0	108169.6875	5	20.750433	313
454691.53125	0.0	0.0	454691.53125	5	39.949934	313
11579.65625	9496.89453125	0.0	67242.9609375	5	17.120043	313
5299.8623046875	0.0	0.0	5299.8623046875	8	17.013611	313
35631.359375	28925.109375	0.0	86697.2734375	5	16.98484	313
2655.721923828125	2173.15234375	0.0	59944.78125	5	16.901874	313
84097.984375	0.0	0.0	84097.984375	8	13.280144	313
381317.1875	0.0	0.0	381317.1875	12	16.965287	313
372750.625	0.0	0.0	372750.625	9	16.972549	313
183331.828125	0.0	0.0	183331.828125	11	17.020318	313
103370.484375	0.0	0.0	103370.484375	11	17.021995	313
22468.974609375	18433.59765625	0.0	76163.5546875	5	16.90383	313
350751.5	0.0	0.0	350751.5	13	16.998808	313
2272454.75	0.0	0.0	2272454.75	2	16.911372	313
415358.40625	0.0	0.0	415358.40625	5	16.97674	313
569448.375	0.0	0.0	569448.375	9	38.211839	313
1558094.75	0.0	0.0	1558094.75	6	17.101608	313
249212.390625	0.0	0.0	249212.390625	6	17.06613	313
111940.4296875	102047.5625	0.0	147540.78125	6	17.018362	313
4801.08984375	3929.796875	5444.5947265625	61706.00390625	5	18.181283	313
61741.96484375	0.0	0.0	61741.96484375	60	13.386016	313
22.72751808166504	7.56396484375	0.0	5299.8623046875	8	16.972269	313
39349.01171875	32606.966796875	0.0	65129.703125	6	16.954392	313
16116.6650390625	0.0	0.0	70174.3671875	73	13.3416	313
31679.361328125	25705.10546875	0.0	83402.171875	5	16.956346	313
192884.0625	0.0	0.0	192884.0625	6	16.925618	313
416292.5625	0.0	0.0	416292.5625	9	16.955787	313
394282.9375	0.0	0.0	394282.9375	9	17.001881	313
1115886.375	0.0	0.0	1115886.375	6	17.006628	313
118921.9921875	0.0	0.0	118921.9921875	7	16.98456	313
2849.04443359375	0.0	0.0	58058.37890625	7	17.774553	313
569044.0	0.0	0.0	569044.0	5	39.347382	313
346432.25	0.0	0.0	346432.25	13	17.208876	313
619724.75	0.0	0.0	619724.75	5	16.966682	313
1281.85888671875	963.39453125	0.0	49968.63671875	9	17.03177	313
229974.15625	0.0	0.0	229974.15625	17	16.952157	313
40444.859375	0.0	0.0	40444.859375	57	13.304447	313
202670.15625	0.0	0.0	202670.15625	11	17.017245	313
569044.0	0.0	0.0	569044.0	5	16.998529	313
57532.85546875	0.0	0.0	57532.85546875	7	13.232375	313
304858.6875	0.0	0.0	304858.6875	6	16.935676	313
42771.8203125	35095.84375	0.0	92823.265625	5	16.894612	313
84053.453125	0.0	0.0	84053.453125	8	13.266177	313
4894.6875	4010.63671875	0.0	61693.2890625	5	16.927574	313
136030.765625	123998.48828125	0.0	181682.125	5	17.512245	313
50535.4921875	41467.375	0.0	99151.9375	5	16.945732	313
1613.5615234375	0.0	0.0	58044.13671875	7	34.194275	313
56745.15625	46563.5546875	0.0	104275.3359375	5	17.039871	313
53788.6328125	44137.17578125	0.0	101921.7109375	5	17.007188	313
58315.56640625	0.0	0.0	58315.56640625	5	13.237404	313
58884.4921875	0.0	0.0	58884.4921875	2	13.255002	313
47487.953125	38966.30078125	0.0	96698.34375	5	16.931205	313
141341.453125	0.0	0.0	141341.453125	13	13.294949	313
61092.20703125	0.0	0.0	61092.20703125	12	13.249135	313
70983.2890625	59528.765625	0.0	117276.078125	5	16.923384	313
4894.6875	4010.63671875	0.0	61693.2890625	5	16.933161	313
82577.265625	0.0	0.0	75841.4453125	5	13.210866	313
160606.28125	0.0	0.0	160606.28125	11	16.940703	313
2051.10400390625	0.0	0.0	50827.35546875	33	13.285731	313
167742.109375	0.0	0.0	167742.109375	11	16.955508	313
15.215530395507812	0.0	0.0	48989.28125	9	13.304726	313
57532.85546875	0.0	0.0	57532.85546875	7	14.812081	313
15.299723625183105	0.0	0.0	58005.3671875	7	40.283473	313
2026.82861328125	0.0	0.0	3401.941650390625	106	13.43183	313
84064.3046875	0.0	0.0	84064.3046875	8	13.347187	313
15.164551734924316	0.0	0.0	5495.076171875	8	13.241035	313
134.76290893554688	0.0	0.0	58032.765625	7	13.288525	313
146.2875213623047	0.0	0.0	58048.78515625	7	13.228465	313
213553.5625	0.0	0.0	213553.5625	66	13.31171	313
61758.23828125	0.0	85330.9296875	61758.23828125	44	15.048132	313
10457.513671875	0.0	0.0	57713.48828125	9	13.270367	313
1221.3570556640625	917.36328125	0.0	49902.69921875	9	17.058588	313
80.57303619384766	0.0	0.0	57987.6640625	7	13.258355	313
303024.9375	0.0	0.0	303024.9375	17	17.062499	313
58243.28515625	0.0	0.0	58243.28515625	9	13.26059	313
1402.8675537109375	0.0	0.0	84060.6875	8	13.256678	313
61943.46484375	50829.73046875	0.0	108582.9296875	5	16.974225	313
1508330.0	1470623.578125	0.0	1554778.875	6	16.912489	313
230627.15625	210990.0390625	0.0	295059.125	6	37.963221	313
57532.85546875	0.0	0.0	57532.85546875	7	13.368696	313
61870.4375	0.0	0.0	61870.4375	301	13.446355	313
115.604736328125	0.0	0.0	5595.5166015625	29	13.272881	313
190.0692596435547	0.0	0.0	59361.0	15	13.258913	313
531049.6875	0.0	0.0	531049.6875	12	16.977298	313
42771.8203125	35095.84375	0.0	92823.265625	5	16.943217	313
20983.916015625	17214.83203125	0.0	74912.1171875	5	16.881202	313
3409.509765625	0.0	0.0	3409.509765625	29	13.266734	313
52721.8046875	42884.35546875	0.0	100579.96875	5	16.906902	313
61424.859375	0.0	0.0	61424.859375	61	13.286009	313
1973.105224609375	0.0	0.0	84082.5	8	13.237683	313
70983.2890625	59528.765625	0.0	117276.078125	5	16.934557	313
139263.5625	0.0	0.0	139263.5625	11	16.933161	313
58315.56640625	0.0	0.0	58315.56640625	5	13.227905	313
4842.228515625	0.0	0.0	4842.228515625	4	16.887348	313
540.5344848632812	0.0	3598.217041015625	59378.1796875	5	15.18417	313
45275.41015625	37150.50390625	0.0	94849.1796875	5	43.50518	313
2050.431640625	0.0	0.0	58037.22265625	7	13.397749	313
57532.85546875	0.0	0.0	57532.85546875	7	13.34188	313
38.34988784790039	0.0	0.0	3413.507568359375	16	13.28238	313
68781.828125	57345.69921875	0.0	115029.546875	5	16.94266	313
1349816.375	0.0	0.0	1349816.375	6	16.942938	313
57532.85546875	0.0	0.0	57532.85546875	7	13.242712	313
23602.318359375	0.0	0.0	23602.318359375	15	13.250254	313
953978.3125	0.0	0.0	953978.3125	6	16.939866	313
141714.71875	0.0	0.0	141714.71875	7	13.248578	313
33225.72265625	26965.6171875	0.0	84747.234375	5	16.95942	313
15.163318634033203	7.56396484375	0.0	5299.8623046875	8	17.006349	313
25626.41796875	20795.796875	0.0	78479.1875	5	16.925899	313
6118.93212890625	5015.35546875	0.0	62783.625	5	16.951319	313
141652.125	0.0	0.0	141652.125	7	13.229582	313
307.7642822265625	0.0	0.0	49044.94921875	9	13.28182	313
31.515127182006836	0.0	0.0	57995.609375	7	13.224832	313
329.1854553222656	0.0	0.0	70080.09375	20	30.922565	313
41882.84375	34366.2734375	0.0	92084.0234375	5	17.128424	313
139514.171875	0.0	0.0	139514.171875	49	13.377356	313
72906.4765625	3078.1953125	0.0	72906.4765625	9	16.951877	313
54165.890625	44068.12890625	0.0	101768.21875	5	17.004114	313
57532.85546875	0.0	0.0	57532.85546875	7	13.250533	313
1241.6378173828125	0.0	0.0	1241.6378173828125	5	13.246342	313
261.5480041503906	0.0	85330.9296875	3595.832763671875	13	13.87599	313
32502.48828125	0.0	0.0	32502.48828125	9	13.282658	313
2936.693359375	0.0	0.0	61764.78125	57	13.265617	313
7.599775791168213	0.0	0.0	5292.298828125	8	13.266455	313
6910.7744140625	0.0	0.0	6910.7744140625	4	13.228464	313
1435.422607421875	0.0	0.0	16879.4765625	99	13.303888	313
16547.44140625	0.0	0.0	49074.48828125	8	13.249136	313
40373.859375	0.0	0.0	40373.859375	121	13.343555	313
60715.30859375	0.0	0.0	60715.30859375	23	13.292994	313
2343.891357421875	0.0	0.0	2343.891357421875	8	13.263662	313
20953.07421875	0.0	0.0	54336.49609375	8	14.506477	313
472154.4375	0.0	0.0	472154.4375	12	39.896302	313
50535.4921875	41467.375	0.0	99151.9375	5	17.063337	313
57532.85546875	0.0	0.0	57532.85546875	7	13.356685	313
1103.212646484375	827.46875	0.0	49838.67578125	9	17.027581	313
3490.33544921875	0.0	0.0	64232.125	226	13.310034	313
15536.8388671875	12744.49609375	0.0	70432.203125	5	16.947687	313
132033.59375	0.0	0.0	132033.59375	10	17.041267	313
11579.65625	9496.89453125	0.0	67242.9609375	5	16.9421	313
64419.2578125	0.0	0.0	141450.0625	13	13.267293	313
610369.125	0.0	0.0	610369.125	9	17.00216	313
4504.9052734375	0.0	0.0	84103.8984375	8	13.269807	313
45.89139175415039	0.0	0.0	57958.12890625	7	13.258914	313
69836.0390625	0.515625	0.0	69836.0390625	20	17.094622	313
151582.453125	133103.671875	0.0	217187.171875	6	16.910814	313
300307.28125	0.0	51920.71875	300307.28125	6	18.663154	313
87492.0	75879.55859375	0.0	133574.140625	5	16.902153	313
22.72751808166504	7.56396484375	0.0	5299.8623046875	8	16.947127	313
2272454.75	2269143.1362304688	0.0	2272454.75	2	16.898522	313
1554778.875	0.0	0.0	1554778.875	6	34.737883	313
1684.6302490234375	0.0	0.0	50662.6875	33	13.404731	313
189066.4375	0.0	0.0	189066.4375	10	17.11753	313
22468.974609375	18433.59765625	0.0	76163.5546875	5	16.906343	313
93287.15625	0.0	0.0	144531.28125	271	13.322604	313
108.60169982910156	0.0	0.0	3442.886474609375	25	13.236843	313
989.7535400390625	0.0	0.0	58063.5078125	7	13.257796	313
1234.33154296875	0.0	0.0	61761.9765625	36	13.26422	313
84941.8359375	0.0	0.0	142157.8125	25	13.263382	313
46902.9921875	38486.23828125	0.0	96206.65625	5	16.935397	313
280308.28125	0.0	0.0	280308.28125	17	16.994338	313
8.020956993103027	0.0	0.0	3453.67529296875	6	13.238802	313
163781.984375	0.0	0.0	193757.546875	73	13.279027	313
132.2241973876953	0.0	0.0	58053.21875	7	13.237963	313
57532.85546875	0.0	0.0	57532.85546875	7	13.275676	313
2272454.75	2269143.1362304688	0.0	2272454.75	2	16.880923	313
218470.09375	0.0	0.0	218470.09375	6	16.961934	313
1298.479248046875	1952.0859375	0.0	49981.25390625	9	16.999088	313
8.046926498413086	0.0	0.0	3383.20458984375	6	16.737897	313
44.37129592895508	0.0	0.0	58059.99609375	7	34.218579	313
91077.4921875	79403.97265625	0.0	137096.0	5	17.193233	313
299525.25	0.0	85330.9296875	299525.25	17	18.238546	313
1163.033935546875	0.0	0.0	84109.8125	8	13.294949	313
130438.8984375	0.0	0.0	130438.8984375	11	16.916958	313
1817.7847900390625	0.0	0.0	3401.941650390625	106	13.318694	313
57147.20703125	46893.51171875	0.0	104626.609375	5	16.891258	313
310584.25	0.0	0.0	310584.25	16	17.062778	313
30.067785263061523	0.0	0.0	58014.3984375	7	13.242432	313
70241.890625	0.0	0.0	70241.890625	29	13.347187	313
212772.09375	0.0	0.0	212772.09375	24	13.289641	313
60829.45703125	0.0	0.0	60829.45703125	57	13.323721	313
69836.0390625	0.515625	0.0	69836.0390625	24	17.005232	313
64671.9453125	53278.75390625	0.0	111066.1171875	5	16.964168	313
79944.875	9963.9375	0.0	79944.875	20	17.046016	313
1499725.375	1462137.59375	0.0	1546271.625	6	16.979252	313
50283.421875	40888.2734375	0.0	98641.296875	5	16.909695	313
864607.5625	794766.0859375	0.0	864607.5625	6	16.917237	313
64731.9375	0.0	0.0	141377.8125	13	31.70697	313
15.163318634033203	7.56396484375	0.0	5299.8623046875	8	17.175913	313
108.49048614501953	0.0	0.0	57955.9921875	7	13.34998	313
65032.3359375	0.0	0.0	143641.265625	91	13.319531	313
64419.2578125	0.0	0.0	141450.0625	13	13.251092	313
50926.04296875	41787.890625	0.0	99556.046875	5	16.944614	313
4894.6875	4010.63671875	0.0	61693.2890625	5	16.92953	313
33132.9296875	0.0	0.0	33070.8046875	33	13.224274	313
2272454.75	0.0	0.0	2272454.75	2	16.892935	313
89149.8359375	77517.796875	0.0	135265.140625	5	17.549959	313
7.599775791168213	0.0	0.0	5292.298828125	8	13.222878	313
57532.85546875	0.0	0.0	57532.85546875	7	13.255003	313
998911.0625	968393.484375	0.0	1052530.125	6	16.943498	313
46242.2890625	0.0	0.0	46242.2890625	43	13.275954	313
6107.7607421875	0.0	0.0	31347.90234375	6	13.226231	313
32541.62890625	0.0	0.0	31130.40625	5	13.212541	313
1045663.6875	1014485.234375	0.0	1098559.375	6	16.931206	313
1786.007080078125	0.0	0.0	3401.94140625	66	13.270366	313
1694.818115234375	0.0	0.0	3404.377685546875	71	13.263662	313
60217.8359375	49413.52734375	0.0	107186.78125	5	18.940546	313
21342.515625	17509.12890625	0.0	75226.734375	5	36.706161	313
6474.6220703125	0.0	0.0	8298.1552734375	11	13.403056	313
64671.9453125	53278.75390625	0.0	111066.1171875	5	17.0192	313
394282.9375	0.0	0.0	394282.9375	9	16.966962	313
54893.91796875	0.0	0.0	54893.91796875	8	16.940982	313
45796.01171875	0.0	0.0	45796.01171875	11	13.28182	313
63710.77734375	0.0	0.0	80820.59375	33	13.219246	313
34097.53125	27674.90625	0.0	85464.0625	5	16.931764	313
230.16769409179688	0.0	0.0	84162.09375	8	13.22176	313
64014.62890625	52627.27734375	0.0	110319.984375	5	16.94601	313
8856.953125	0.0	0.0	50665.41015625	31	13.240475	313
1229895.375	1196112.3515625	0.0	1280167.125	6	17.004674	313
3155.76318359375	0.0	0.0	58045.55859375	7	13.213938	313
29.398435592651367	0.0	0.0	57999.4375	7	13.25137	313
469991.5	0.0	50987.994384765625	469991.5	5	18.60617	313
54029.82421875	44335.125	0.0	102042.984375	5	16.927295	313
1098559.375	0.0	0.0	1098559.375	6	16.95104	313
4796.18115234375	3929.796875	0.0	61706.00390625	5	16.930926	313
72906.4765625	0.0	0.0	72906.4765625	9	17.001322	313
76930.6171875	0.0	0.0	76930.6171875	10	17.034006	313
136030.765625	123998.48828125	0.0	181682.125	5	39.752997	313
54029.82421875	44335.125	0.0	102042.984375	5	17.085965	313
58900.7734375	0.0	0.0	58900.7734375	5	13.252209	313
116031.0859375	106098.69140625	0.0	151598.0625	7	16.988751	313
141435.828125	0.0	0.0	141435.828125	13	13.220922	313
52723.34375	43262.921875	0.0	101037.859375	5	16.937351	313
120037.03125	0.0	0.0	120037.03125	11	16.935954	313
61406.203125	0.0	0.0	61406.203125	1444	13.388531	313
2272454.75	2269143.1362304688	0.0	2272454.75	2	16.857458	313
4842.228515625	2497.925537109375	0.0	4842.228515625	4	16.918915	313
37366.9140625	30660.11328125	0.0	88381.0859375	5	16.898243	313
2272454.75	2269143.1362304688	0.0	2272454.75	2	16.874777	313
57143.9140625	46890.80859375	0.0	104592.6640625	5	16.883158	313
300307.28125	0.0	0.0	300307.28125	6	16.906344	313
57532.85546875	0.0	0.0	57532.85546875	7	13.198854	313
60829.5234375	0.0	0.0	60829.5234375	337	13.312826	313
84437.7890625	0.0	0.0	142181.453125	25	13.222878	313
20.3066463470459	0.0	0.0	58031.18359375	7	13.223994	313
15.163318634033203	7.56396484375	0.0	5299.8623046875	8	16.955787	313
2272454.75	0.0	0.0	2272454.75	2	21.082296	313
144664.8125	0.0	0.0	144664.8125	37	32.712619	313
131.01490783691406	0.0	0.0	58052.34765625	7	13.383781	313
14578.013671875	11947.9453125	0.0	69684.625	5	17.051604	313
658.6840209960938	0.0	0.0	658.6840209960938	3	13.249975	313
60648.546875	0.0	0.0	60648.546875	21	13.26506	313
1174530.375	0.0	0.0	1174530.375	6	19.908204	313
263131.125	0.0	0.0	263131.125	16	17.01054	313
96552.296875	0.0	0.0	96552.296875	24	17.124793	313
61605.83203125	0.0	0.0	61605.83203125	57	13.27763	313
65857.421875	0.0	0.0	65857.421875	501	13.348025	313
2272454.75	0.0	0.0	2272454.75	2	16.883438	313
385.557861328125	0.0	0.0	49017.390625	9	13.233772	313
57532.85546875	0.0	0.0	57532.85546875	7	13.216173	313
2360.941162109375	0.0	0.0	2360.941162109375	12	13.244668	313
60587.8984375	0.0	0.0	60587.8984375	34	13.226229	313
61797.2734375	0.0	0.0	61797.2734375	1855	13.42289	313
198.7631378173828	0.0	0.0	49044.87109375	8	13.235449	313
60654.390625	0.0	0.0	60654.390625	23	13.30305	313
124.94253540039062	0.0	0.0	58030.859375	7	13.217011	313
659013.25	0.0	0.0	659013.25	12	17.026742	313
57532.85546875	0.0	0.0	57532.85546875	7	31.842175	313
65181.80859375	0.0	0.0	65181.80859375	235	13.48686	313
60917.9375	0.0	0.0	60917.9375	64	13.391603	313
45230.94140625	0.0	0.0	45230.94140625	136	13.327074	313
25331.19140625	0.0	223741.23388671875	61605.83203125	57	15.512403	313
40814.8828125	66979.6328125	0.0	91218.9375	5	16.989867	313
54165.890625	88136.2578125	0.0	101768.21875	5	16.88204	313
40377.37109375	0.0	0.0	40377.37109375	97	13.292993	313
60785.484375	0.0	0.0	60785.484375	21	13.28182	313
25637.443359375	0.0	0.0	61242.87890625	57	13.295228	313
61107.5078125	0.0	0.0	61107.5078125	56	13.26841	313
60979.99609375	0.0	0.0	60979.99609375	23	13.30333	313
30241.5546875	0.0	0.0	61811.3125	283	13.308077	313
60889.66796875	0.0	0.0	60889.66796875	23	13.315621	313
142.48190307617188	0.0	0.0	58015.2578125	7	13.242431	313
22.72751808166504	7.56396484375	0.0	5299.8623046875	8	16.977576	313
15.299723625183105	0.0	0.0	58005.3671875	7	13.234891	313
84423.0859375	0.0	0.0	142063.671875	25	13.252209	313
61640.29296875	0.0	0.0	61640.29296875	61	13.278188	313
11816.365234375	0.0	0.0	61285.03515625	20	13.302213	313
40475.171875	0.0	0.0	44595.16015625	100	13.265059	313
61707.86328125	0.0	0.0	61707.86328125	52	34.948792	313
23478.798828125	0.0	0.0	57532.85546875	7	13.389647	313
40380.4140625	0.0	0.0	40380.4140625	89	13.414789	313
30.067785263061523	0.0	0.0	58014.3984375	7	13.261429	313
25873.73828125	0.0	0.0	60989.42578125	62	13.301653	313
84114.5078125	0.0	0.0	84114.5078125	8	13.228185	313
51399.85546875	0.0	0.0	51399.85546875	25	13.266456	313
2779.26611328125	0.0	0.0	58038.71484375	7	13.216452	313
8642.041015625	7102.2734375	478601.2734375	76930.6171875	11	19.90513	313
6156.7421875	0.0	0.0	5974.59765625	19	13.197457	313
87828.46875	0.0	0.0	87828.46875	1081	13.385737	313
339.1108093261719	0.0	0.0	61485.1328125	62	13.285451	313
1479.891357421875	0.0	0.0	84099.1953125	8	13.269249	313
20248.568359375	0.0	0.0	61318.953125	57	13.412834	313
1954.063232421875	0.0	0.0	60662.33203125	23	13.316459	313
28285.119140625	0.0	0.0	66636.6640625	44	13.281819	313
811278.125	794766.0859375	0.0	864607.5625	6	16.955229	313
60985.84375	0.0	0.0	60985.84375	23	13.284054	313
78668.578125	8840.203125	0.0	78668.578125	13	17.035122	313
11675.859375	0.0	0.0	61400.22265625	40	13.33294	313
86661.390625	16827.265625	0.0	86661.390625	9	17.001321	313
19459.8671875	0.0	0.0	61772.01171875	77	13.342438	313
26977.09375	0.0	0.0	61175.8984375	32	35.667548	313
22766.37109375	0.0	0.0	61231.546875	38	13.465909	313
12391.4013671875	0.0	0.0	61755.0234375	100	13.416745	313
12167.611328125	0.0	0.0	61649.79296875	20	13.312548	313
12212.87890625	0.0	0.0	61085.390625	68	13.336851	313
21117.482421875	0.0	0.0	50329.5859375	748	13.399983	313
20425.1484375	0.0	0.0	20425.1484375	5	16.958023	313
41118.80859375	0.0	0.0	74492.90625	10	13.274558	313
2753.9365234375	0.0	0.0	57978.82421875	7	13.282658	313
73020.84375	3192.5625	0.0	73020.84375	9	16.980093	313
2687.930419921875	0.0	0.0	58047.359375	7	13.27316	313
177.20094299316406	0.0	488681.6015625	40387.078125	225	15.488101	313
1235.090576171875	0.0	0.0	61911.98828125	1141	13.414789	313
331088.59375	0.0	0.0	331088.59375	11	16.964727	313
1353711.375	6691232.36328125	0.0	1399174.0	11	17.012774	313
2218.319580078125	0.0	0.0	84161.6875	8	13.245226	313
3255.72509765625	0.0	0.0	61065.390625	23	13.322325	313
87.20472717285156	0.0	0.0	58013.48828125	7	13.233493	313
1775.4761962890625	0.0	0.0	40613.5234375	97	13.301095	313
212675.75	0.0	0.0	212675.75	17	13.275954	313
38219.31640625	0.0	0.0	40579.29296875	9	13.271204	313
250.2898712158203	0.0	0.0	61435.03125	67	17.420342	313
57532.85546875	0.0	0.0	57532.85546875	7	31.622888	313
1053.91748046875	0.0	0.0	40377.55078125	121	13.519824	313
11635.0458984375	0.0	0.0	61673.046875	21	13.366741	313
116.28080749511719	0.0	0.0	5596.1923828125	50	13.283775	313
234.221435546875	0.0	0.0	61840.02734375	333	13.449149	313
1421.6265869140625	0.0	0.0	61578.2890625	68	13.304726	313
58590.8203125	240051.171875	0.0	108704.1875	10	17.085964	313
125.77421569824219	0.0	0.0	58009.55078125	7	13.238241	313
31612.474609375	25937.53515625	0.0	83669.984375	5	17.001321	313
158012.546875	139437.7421875	0.0	223511.5625	6	16.893214	313
317.873046875	0.0	0.0	59322.06640625	5	13.270087	313
21.14727020263672	0.0	0.0	57959.9296875	7	13.239917	313
307.61102294921875	0.0	0.0	40380.0390625	145	13.349421	313
2158.05810546875	0.0	0.0	84146.59375	8	13.258634	313
40503.0859375	0.0	0.0	44609.85546875	37	15.441169	313
152.11917114257812	0.0	0.0	58059.078125	7	13.261986	313
212190.828125	0.0	0.0	212190.828125	15	17.047133	313
3464.451904296875	0.0	0.0	3464.451904296875	21	13.347467	313
465.0903015136719	0.0	0.0	60952.58203125	25	13.336013	313
61015.22265625	0.0	0.0	61015.22265625	10	13.259473	313
70245.3515625	0.0	0.0	70245.3515625	14	13.307521	313
212902.5625	0.0	0.0	212902.5625	63	13.289921	313
60979.99609375	0.0	0.0	60979.99609375	23	32.343045	313
359424.46875	0.0	0.0	359424.46875	14	17.317543	313
40371.89453125	0.0	0.0	40371.89453125	105	13.370932	313
5589.98583984375	0.0	0.0	52922.03515625	8	13.281541	313
30241.5546875	0.0	0.0	61811.3125	283	13.367021	313
1435.422607421875	0.0	0.0	16879.4765625	99	13.285452	313
40431.93359375	0.0	0.0	40431.93359375	289	13.329868	313
22875.1640625	0.0	0.0	61560.9453125	34	13.31618	313
11816.365234375	0.0	0.0	61285.03515625	20	13.325956	313
57532.85546875	0.0	0.0	57532.85546875	7	13.266735	313
250.4225311279297	0.0	0.0	4318.2314453125	17	13.286569	313
30532.142578125	0.0	0.0	61397.609375	19	13.287966	313
40377.55078125	0.0	0.0	40377.55078125	121	13.354171	313
60896.88671875	0.0	0.0	60896.88671875	21	13.30724	313
1022.4675903320312	0.0	0.0	1022.4675903320312	7	13.263103	313
3409.509765625	0.0	0.0	3409.509765625	29	13.289921	313
194205.265625	182221.96484375	0.0	242706.109375	12	17.028138	313
61029.359375	0.0	3598.217041015625	61029.359375	21	13.896942	313
42609.40625	0.0	0.0	45721.69140625	163	13.323442	313
32494.404296875	0.0	0.0	61613.734375	56	13.32009	313
142.39434814453125	0.0	0.0	58048.06640625	7	13.27735	313
11763.9169921875	0.0	0.0	61441.03125	63	13.306123	313
273687.53125	0.0	0.0	273687.53125	12	39.42951	313
2358.603515625	0.0	0.0	84105.6953125	8	13.400263	313
57532.85546875	0.0	0.0	57532.85546875	7	13.399425	313
96312.046875	0.0	0.0	96312.046875	13	17.082611	313
129824.5234375	234454.25	0.0	166236.3125	4	16.964168	313
43.02994155883789	0.0	0.0	57957.2421875	7	13.236565	313
730.4445190429688	0.0	0.0	2349.03369140625	12	13.289922	313
57532.85546875	0.0	0.0	57532.85546875	7	13.23908	313
40475.171875	0.0	0.0	44595.16015625	100	13.325119	313
7968.85546875	0.0	0.0	60633.3046875	25	13.320092	313
61049.484375	0.0	0.0	61049.484375	21	13.317297	313
25873.73828125	0.0	0.0	60989.42578125	62	13.300257	313
65339.12890625	0.0	0.0	141415.28125	13	13.280424	313
26858.828125	0.0	0.0	60987.95703125	62	13.296346	313
134074.96875	73087.625	0.0	134074.96875	11	16.95914	313
24257.955078125	0.0	0.0	61578.5703125	64	13.292156	313
57532.85546875	0.0	0.0	57532.85546875	7	13.275116	313
22845.6640625	0.0	0.0	22845.6640625	17	13.256679	313
3811.81689453125	0.0	0.0	58021.7734375	7	13.267293	313
24185.82421875	0.0	0.0	61127.6953125	1524	13.396631	313
61630.1484375	0.0	61401.83483886719	61630.1484375	56	15.396755	313
213703.875	0.0	0.0	213703.875	32	13.297743	313
71341.390625	119767.8359375	0.0	117599.515625	5	16.964727	313
1342.7548828125	0.0	0.0	142155.25	25	34.809396	313
1958.039794921875	0.0	0.0	84076.7421875	8	13.449987	313
50535.4921875	82934.75	0.0	99151.9375	5	17.124791	313
50.34839630126953	0.0	0.0	50.34839630126953	4	13.312268	313
7.9542717933654785	0.0	0.0	3508.567626953125	6	13.248856	313
23478.798828125	0.0	0.0	57532.85546875	7	13.274277	313
40629.421875	0.0	0.0	40629.421875	9	13.272321	313
317.5810546875	0.0	0.0	59362.5703125	5	13.254164	313
57905.796875	0.0	0.0	141319.390625	13	13.260309	313
61707.86328125	0.0	0.0	61707.86328125	52	13.33294	313
40403.66015625	0.0	0.0	40403.66015625	33	13.287406	313
5642.92626953125	0.0	0.0	61579.09375	63	13.367299	313
2753.9365234375	0.0	0.0	57978.82421875	7	13.278188	313
23553.423828125	0.0	0.0	61810.8984375	509	13.394955	313
15.165003776550293	0.0	0.0	5630.2607421875	8	13.334336	313
61514.32421875	0.0	0.0	61514.32421875	61	13.317576	313
40372.13671875	0.0	0.0	40372.13671875	41	13.245505	313
23478.798828125	0.0	0.0	57532.85546875	7	13.254723	313
12646.6787109375	0.0	0.0	61392.79296875	786	13.341321	313
74197.3828125	0.0	0.0	74197.3828125	12	13.279306	313
60748.87109375	0.0	0.0	60748.87109375	23	13.298861	313
45.46919631958008	0.0	0.0	3409.51171875	41	13.301654	313
40390.77734375	0.0	146387.078125	44554.265625	210	13.883813	313
21406.515625	0.0	0.0	61062.19140625	56	14.787499	313
70807.7890625	0.0	0.0	70807.7890625	39	34.592344	313
101234.390625	81088.734375	0.0	101234.390625	10	17.182618	313
60986.234375	0.0	0.0	60986.234375	23	13.379871	313
115151.546875	0.0	0.0	193757.546875	73	13.278467	313
389.0080261230469	0.0	0.0	84163.09375	8	13.232656	313
40655.0234375	0.0	0.0	40655.0234375	73	13.269528	313
229360.78125	0.0	0.0	229360.78125	17	16.931764	313
2518.43359375	0.0	0.0	58062.4609375	7	13.244666	313
7769.4267578125	0.0	0.0	60941.01171875	23	13.277908	313
60849.05078125	0.0	0.0	60849.05078125	21	13.308078	313
163979.328125	304190.109375	0.0	213004.109375	12	16.932882	313
23082.14453125	0.0	0.0	61850.859375	53	13.325397	313
239.07142639160156	0.0	0.0	4318.47607421875	29	13.252488	313
11700.9599609375	0.0	0.0	61615.5078125	75	13.361155	313
2002.9453125	0.0	0.0	23602.318359375	15	13.220084	313
198.39169311523438	0.0	0.0	84108.5625	8	13.245225	313
71037.0546875	0.0	0.0	71037.0546875	20	13.263382	313
63150.5703125	103589.1171875	0.0	112548.8125	11	16.972269	313
26016.53515625	0.0	0.0	61117.4453125	63	13.314504	313
73359.9609375	0.0	0.0	155402.21875	27	13.248856	313
107730.1796875	94067.8671875	0.0	107730.1796875	11	17.005791	313
621577.25	0.0	0.0	621577.25	12	16.96277	313
26459.439453125	0.0	0.0	61115.44921875	40	13.250254	313
1286.8865966796875	0.0	0.0	1286.8865966796875	3	14.268751	313
58316.4765625	0.0	0.0	58316.4765625	5	32.267619	313
61900.1484375	0.0	0.0	61900.1484375	124	13.435181	313
320798.8125	0.0	0.0	320798.8125	12	17.10831	313
4443.43212890625	0.0	0.0	63742.39453125	51	13.26534	313
61507.9453125	0.0	0.0	61507.9453125	61	13.248298	313
166378.4375	0.0	0.0	166378.4375	10	16.936514	313
40579.29296875	0.0	0.0	40579.29296875	9	13.205558	313
113273.015625	0.0	0.0	113273.015625	12	17.009982	313
169226.5625	0.0	0.0	169226.5625	10	16.937631	313
60731.71484375	0.0	0.0	60731.71484375	53	13.318974	313
61750.671875	0.0	0.0	61750.671875	62	13.25165	313
60862.9609375	0.0	0.0	60862.9609375	21	13.280982	313
375367.8125	0.0	0.0	375367.8125	5	16.877013	313
60678.64453125	0.0	0.0	60678.64453125	25	13.297742	313
42609.40625	0.0	0.0	45721.69140625	163	13.272602	313
61744.7578125	0.0	0.0	61744.7578125	56	13.280144	313
65339.12890625	0.0	0.0	141415.28125	13	13.20891	313
78786.5390625	0.0	0.0	78786.5390625	12	17.051883	313
228708.53125	0.0	0.0	228708.53125	12	16.994338	313
60985.45703125	0.0	0.0	60985.45703125	23	13.277629	313
60604.69140625	0.0	0.0	60604.69140625	25	13.282098	313
61323.36328125	0.0	0.0	61323.36328125	61	13.295229	313
61062.19140625	0.0	0.0	61062.19140625	56	13.262824	313
774.9769287109375	0.0	0.0	61753.1875	56	13.261148	313
137734.375	76954.8203125	157273.71875	137734.375	11	22.458919	313
40376.6953125	0.0	0.0	40376.6953125	121	31.046595	313
196812.140625	136147.734375	0.0	196812.140625	11	17.125631	313
101945.515625	41250.6640625	0.0	101945.515625	11	17.029535	313
158841.78125	98297.7734375	0.0	158841.78125	10	16.897404	313
123878.140625	63155.5625	0.0	123878.140625	11	17.021713	313
5753.80224609375	0.0	0.0	7388.8349609375	9	13.155834	313
77220.71875	0.0	0.0	77220.71875	13	17.028138	313
103370.484375	42703.52734375	0.0	103370.484375	11	16.93763	313
50195.65625	82376.9609375	0.0	98941.140625	5	16.925339	313
73020.84375	0.0	0.0	73020.84375	8	16.880365	313
60795.73828125	0.0	0.0	60795.73828125	10	13.234052	313
12361.5166015625	0.0	0.0	60925.13671875	106	13.261148	313
25495.140625	0.0	0.0	61771.5703125	206	13.311711	313
1388400.75	1327652.15234375	0.0	1388400.75	11	16.965844	313
517.18896484375	0.0	0.0	2181.452880859375	49	13.252769	313
90178.6796875	78573.9375	0.0	139432.890625	12	16.880644	313
76168.984375	0.0	0.0	76168.984375	7	16.980372	313
21337.154296875	0.0	0.0	61703.359375	731	13.323163	313
40371.81640625	0.0	0.0	40371.81640625	105	13.298302	313
9825.982421875	0.0	0.0	61435.03125	67	13.265897	313
143586.890625	82950.6796875	0.0	143586.890625	11	16.968359	313
1271.7750244140625	0.0	0.0	1271.7750244140625	3	13.19634	313
8.814746856689453	0.0	0.0	3420.927978515625	6	13.2388	313
155844.546875	95294.28125	0.0	155844.546875	11	16.969197	313
213353.75	0.0	71938.703125	213353.75	94	34.192041	313
168779.578125	0.0	0.0	168779.578125	11	17.216139	313
40276.484375	0.0	0.0	40276.484375	33	13.379032	313
60987.84765625	0.0	0.0	60987.84765625	23	13.303609	313
538107.5625	0.0	0.0	538107.5625	9	16.957465	313
61278.4140625	0.0	0.0	61278.4140625	667	13.301094	313
178465.8125	0.0	0.0	178465.8125	10	16.9164	313
60910.77734375	0.0	0.0	60910.77734375	25	13.271483	313
40379.60546875	0.0	0.0	40379.60546875	57	13.267573	313
195910.21875	0.0	0.0	195910.21875	10	16.965006	313
76168.984375	6340.65625	0.0	76168.984375	7	16.906901	313
66450.1328125	0.0	0.0	66450.1328125	41	13.266455	313
162838.375	0.0	0.0	162838.375	11	16.95914	313
157.60838317871094	0.0	0.0	84058.7734375	8	13.221201	313
61271.48046875	0.0	0.0	61271.48046875	33	13.313664	313
60965.24609375	0.0	0.0	60965.24609375	10	13.235168	313
68787.8984375	0.0	0.0	68787.8984375	25	17.131216	313
60917.97265625	0.0	0.0	60917.97265625	23	13.290758	313
61454.01953125	0.0	0.0	61454.01953125	63	13.291876	313
103964.5546875	0.0	0.0	103964.5546875	10	16.982886	313
103322.953125	0.0	0.0	103322.953125	11	16.985959	313
70242.8359375	0.0	0.0	70242.8359375	29	13.304726	313
60604.69140625	0.0	0.0	60604.69140625	25	13.31171	313
61544.41015625	0.0	0.0	61544.41015625	61	13.319532	313
166445.84375	0.0	0.0	166445.84375	10	16.927016	313
192625.15625	0.0	229313.09375	192625.15625	10	21.597414	313
23478.798828125	0.0	0.0	57532.85546875	7	36.887178	313
60828.671875	0.0	0.0	60828.671875	21	13.421213	313
60896.84765625	0.0	0.0	60896.84765625	596	13.417583	313
61388.015625	0.0	0.0	61388.015625	61	13.293552	313
62173.3828125	0.0	0.0	62173.3828125	2365	13.430991	313
151906.5	0.0	0.0	151906.5	10	17.061102	313
200929.625	0.0	0.0	200929.625	11	17.026184	313
522.7669067382812	0.0	0.0	1888.5833740234375	29	13.22623	313
122201.671875	0.0	0.0	122201.671875	10	17.005792	313
7716.13525390625	19021.96875	0.0	76168.984375	7	16.883996	313
61469.08984375	0.0	0.0	61469.08984375	20	13.292155	313
322851.03125	0.0	0.0	322851.03125	10	16.946291	313
122324.71875	0.0	0.0	122324.71875	11	16.942658	313
162756.078125	0.0	0.0	162756.078125	11	16.932322	313
97846.96875	0.0	0.0	97846.96875	10	16.958302	313
49632.0390625	0.0	0.0	81887.140625	676	13.300815	313
61364.515625	0.0	0.0	61364.515625	62	13.310871	313
178902.5625	0.0	0.0	178902.5625	11	16.980929	313
61753.5	0.0	0.0	61753.5	433	13.348304	313
61564.015625	0.0	0.0	61564.015625	48	13.323722	313
1182.3294677734375	0.0	0.0	1182.3294677734375	2	16.89908	313
70232.046875	0.0	0.0	70232.046875	20	13.290759	313
40380.8359375	0.0	0.0	40380.8359375	73	13.285172	313
165296.796875	0.0	0.0	165296.796875	12	17.010821	313
138412.140625	0.0	1822.6239013671875	138412.140625	11	17.741033	313
143667.71875	0.0	0.0	143667.71875	10	38.540631	313
181734.578125	0.0	0.0	181734.578125	11	17.107754	313
40371.86328125	0.0	0.0	40371.86328125	89	13.390486	313
64314.75	0.0	0.0	141447.546875	13	13.288525	313
1293499.875	0.0	0.0	1293499.875	10	16.931485	313
60653.56640625	0.0	0.0	60653.56640625	21	13.306682	313
294003.8125	0.0	0.0	294003.8125	12	17.001042	313
40372.77734375	0.0	0.0	40372.77734375	105	13.295228	313
156080.59375	0.0	0.0	156080.59375	10	16.918915	313
60868.3828125	0.0	0.0	60868.3828125	23	13.310593	313
7716.13525390625	19021.96875	0.0	76168.984375	7	16.941821	313
182763.59375	0.0	0.0	182763.59375	10	16.928132	313
153091.5	0.0	0.0	153091.5	11	17.001322	313
166930.125	0.0	0.0	166930.125	11	17.01026	313
103964.5546875	0.0	0.0	103964.5546875	10	16.961095	313
61581.67578125	0.0	0.0	61581.67578125	30	13.314504	313
61371.90625	0.0	0.0	61371.90625	64	13.272601	313
538107.5625	0.0	0.0	538107.5625	9	17.007467	313
1335243.0	0.0	0.0	1335243.0	11	16.989867	313
61662.27734375	0.0	0.0	61662.27734375	109	13.344114	313
60985.45703125	0.0	0.0	60985.45703125	23	13.269807	313
148375.84375	0.0	0.0	148375.84375	10	17.028418	313
146320.640625	0.0	0.0	146320.640625	11	17.034842	313
40608.63671875	0.0	0.0	40608.63671875	25	13.257796	313
42467.59765625	69692.3515625	0.0	92622.921875	5	16.927574	313
44851.171875	0.0	0.0	44851.171875	64	13.284612	313
35295.66015625	57920.546875	0.0	86714.7890625	5	20.635621	313
132033.59375	0.0	0.0	132033.59375	10	37.220718	313
61454.01953125	0.0	0.0	61454.01953125	63	13.420096	313
173353.8125	0.0	0.0	173353.8125	11	17.021715	313
61100.8203125	0.0	0.0	61100.8203125	462	13.322604	313
49018.18359375	0.0	0.0	49018.18359375	8	13.244946	313
139991.46875	0.0	0.0	139991.46875	11	16.945732	313
61494.21875	0.0	0.0	61494.21875	155	13.326515	313
61318.953125	0.0	0.0	61318.953125	57	13.289642	313
107532.171875	0.0	0.0	107532.171875	11	16.992662	313
40420.44140625	0.0	0.0	40420.44140625	33	13.250254	313
61639.40234375	0.0	0.0	61639.40234375	59	13.300536	313
104951.8125	0.0	0.0	104951.8125	11	16.98931	313
112548.8125	0.0	0.0	112548.8125	11	16.960817	313
906.7766723632812	0.0	0.0	86477.2265625	31	13.230979	313
40432.9453125	0.0	0.0	40432.9453125	98	13.277629	313
192130.5625	0.0	0.0	192130.5625	12	17.03205	313
61606.62109375	0.0	0.0	61606.62109375	62	13.295507	313
60900.578125	0.0	0.0	60900.578125	23	13.293553	313
60770.40234375	0.0	0.0	60770.40234375	21	13.303888	313
896.1815185546875	0.0	0.0	2251.938720703125	5	13.211424	313
478865.5625	0.0	0.0	478865.5625	12	16.945732	313
38117.41015625	0.0	0.0	71037.0546875	20	13.256399	313
107046.8671875	46140.75	195880.7890625	107046.8671875	11	18.50672	313
180508.25	119928.859375	0.0	180508.25	10	16.95495	313
12161.0	0.0	0.0	61792.99609375	67	13.338806	313
178831.59375	117899.6796875	0.0	178831.59375	10	16.952714	313
40278.63671875	0.0	0.0	40278.63671875	41	35.36306	313
164468.890625	103651.56640625	0.0	164468.890625	10	17.17703	313
95817.140625	84187.9375	0.0	144907.859375	11	17.071157	313
61056.09765625	0.0	0.0	61056.09765625	63	13.289082	313
108666.3125	96985.953125	0.0	157533.859375	11	16.97171	313
61753.15625	0.0	0.0	61753.15625	61	13.254722	313
1261.2021484375	0.0	0.0	1261.2021484375	3	13.229303	313
176361.0	115840.7734375	0.0	176361.0	11	16.926457	313
366821.09375	305876.234375	0.0	366821.09375	12	16.960258	313
40579.29296875	0.0	0.0	40579.29296875	9	13.21785	313
122201.671875	61712.79296875	0.0	122201.671875	10	16.953833	313
101234.390625	40544.3671875	0.0	101234.390625	10	16.964728	313
60993.6875	0.0	0.0	60993.6875	64	13.299698	313
27701.109375	0.0	0.0	61639.40234375	59	13.297743	313
167316.625	106294.859375	0.0	167316.625	10	16.914445	313
61389.1484375	0.0	0.0	61389.1484375	61	13.249416	313
16.166170120239258	1.546875	0.0	69836.0390625	20	17.101049	313
213755.40625	0.0	0.0	213755.40625	27	13.27735	313
71524.7890625	60065.79296875	0.0	117783.0625	5	16.906624	313
60970.375	0.0	0.0	60970.375	21	13.268132	313
23.731901168823242	0.0	0.0	3475.433349609375	21	13.256121	313
205128.25	0.0	0.0	205128.25	12	17.5494	313
151906.5	0.0	0.0	151906.5	10	17.015569	313
99699.703125	0.0	0.0	99699.703125	10	16.98065	313
61779.04296875	0.0	0.0	61779.04296875	505	13.369255	313
40377.37109375	0.0	0.0	40377.37109375	97	13.27763	313
40384.5703125	0.0	0.0	40384.5703125	25	13.271205	313
213667.5625	0.0	0.0	213667.5625	109	17.868413	313
41634.1015625	0.0	0.0	41634.1015625	161	30.483991	313
213147.296875	0.0	0.0	213147.296875	56	13.442164	313
61863.3671875	0.0	0.0	61863.3671875	47	13.404452	313
142396.125	0.0	0.0	142396.125	10	16.985678	313
129318.7109375	0.0	0.0	129318.7109375	11	16.955509	313
60925.13671875	0.0	0.0	60925.13671875	106	13.287127	313
208278.421875	0.0	0.0	208278.421875	10	17.006628	313
143297.359375	0.0	0.0	143297.359375	10	16.973666	313
60578.0078125	0.0	0.0	60578.0078125	63	13.328191	313
45796.01171875	0.0	0.0	45796.01171875	11	13.242152	313
163272.390625	0.0	0.0	163272.390625	11	16.953275	313
199045.140625	0.0	0.0	199045.140625	11	16.953833	313
1348674.125	0.0	0.0	1348674.125	10	16.920032	313
61195.0	0.0	0.0	61195.0	666	13.342718	313
61394.00390625	0.0	0.0	61394.00390625	61	13.303609	313
123991.6796875	0.0	0.0	123991.6796875	11	16.970035	313
169084.765625	0.0	0.0	169084.765625	10	16.937351	313
171368.21875	0.0	0.0	171368.21875	10	17.017804	313
1388400.75	0.0	0.0	1388400.75	11	17.082612	313
157279.59375	0.0	0.0	157279.59375	11	16.972269	313
60694.046875	0.0	0.0	60694.046875	23	13.322326	313
1364600.875	0.0	0.0	1364600.875	10	16.941262	313
26896.259765625	66352.59375	0.0	91990.875	21	17.155521	313
1378294.375	0.0	0.0	1378294.375	11	16.915283	313
72210.1171875	7145.5546875	0.0	72210.1171875	18	17.07479	313
166989.03125	0.0	0.0	166989.03125	10	16.972269	313
1607.1802978515625	2560.59228515625	0.0	3064.99951171875	5	16.960816	313
157076.71875	0.0	0.0	157076.71875	11	39.301571	313
179750.0625	0.0	0.0	179750.0625	11	17.187925	313
60816.609375	0.0	0.0	60816.609375	3	13.30277	313
164308.34375	0.0	0.0	164308.34375	11	16.99797	313
159619.15625	0.0	0.0	159619.15625	10	16.918355	313
7716.13525390625	19021.96875	0.0	76168.984375	7	16.989588	313
19116.4765625	47154.46875	0.0	85612.953125	20	16.982325	313
57820.46484375	0.0	0.0	141303.578125	13	13.254723	313
271.997314453125	407.856689453125	0.0	1987.5159912109375	5	16.891258	313
1335243.0	0.0	0.0	1335243.0	11	17.010539	313
115720.8984375	0.0	0.0	115720.8984375	11	16.968638	313
148375.84375	0.0	0.0	148375.84375	10	16.961654	313
72906.4765625	9234.5859375	0.0	72906.4765625	9	17.085965	313
237440.875	669372.4453125	0.0	292956.09375	9	16.885113	313
157279.59375	0.0	0.0	157279.59375	11	16.972829	313
78668.578125	26520.609375	0.0	78668.578125	13	16.932324	313
5740.486328125	0.0	47389.77734375	45571.66796875	6	15.291719	313
72906.4765625	0.0	0.0	72906.4765625	9	16.983723	313
695106.0625	0.0	0.0	695106.0625	5	16.898522	313
94384.0	0.0	0.0	94384.0	23	17.123955	313
184205.40625	0.0	0.0	184205.40625	11	16.996294	313
21986.9296875	0.0	0.0	23737.2578125	33	13.240197	313
6686.3017578125	0.0	0.0	131783.078125	25	13.247182	313
73020.84375	0.0	0.0	73020.84375	8	16.961095	313
359204.75	0.0	0.0	359204.75	12	16.971432	313
1577.671630859375	2517.1591796875	0.0	3043.034912109375	5	16.890701	313
194968.875	0.0	0.0	194968.875	11	16.979532	313
90961.796875	0.0	0.0	90961.796875	24	18.181841	313
244454.59375	0.0	0.0	244454.59375	6	41.781332	313
169226.5625	0.0	0.0	169226.5625	10	17.162226	313
76168.984375	0.0	0.0	76168.984375	6	16.958861	313
76930.6171875	0.0	0.0	76930.6171875	12	17.095182	313
167742.109375	0.0	0.0	167742.109375	11	16.894051	313
116336.3828125	0.0	0.0	116336.3828125	11	17.005791	313
21.837495803833008	0.0	0.0	57987.74609375	7	13.203602	313
214255.78125	0.0	0.0	214255.78125	67	13.329868	313
196808.234375	0.0	0.0	196808.234375	11	16.956625	313
123450.40625	0.0	0.0	123450.40625	11	16.998248	313
387123.90625	0.0	0.0	387123.90625	6	16.915841	313
145893.140625	0.0	0.0	145893.140625	11	16.972548	313
70561.734375	59090.28125	0.0	116858.9609375	5	16.885391	313
76168.984375	0.0	0.0	76168.984375	7	17.001602	313
242706.109375	0.0	0.0	242706.109375	12	17.012776	313
76930.6171875	0.0	0.0	76930.6171875	12	16.978974	313
157076.71875	0.0	0.0	157076.71875	11	16.911652	313
81119.7578125	0.0	0.0	81119.7578125	23	16.966683	313
213088.71875	0.0	0.0	213088.71875	60	13.249695	313
157636.515625	0.0	0.0	157636.515625	10	16.92562	313
79944.875	0.0	0.0	79944.875	20	16.960816	313
137714.0625	0.0	0.0	137714.0625	11	16.997411	313
144180.59375	0.0	0.0	144180.59375	11	16.95914	313
171368.21875	0.0	0.0	171368.21875	10	16.937072	313
84233.03125	0.0	0.0	84233.03125	15	16.929809	313
76168.984375	0.0	0.0	76168.984375	7	16.944335	313
73020.84375	0.0	0.0	73020.84375	9	16.91193	313
73020.84375	0.0	0.0	73020.84375	7	16.953274	313
72906.4765625	0.0	0.0	72906.4765625	9	39.29375	313
76168.984375	0.0	0.0	76168.984375	6	17.107753	313
29367.783203125	23828.78515625	0.0	81522.140625	5	17.131777	313
78668.578125	0.0	0.0	78668.578125	12	17.029814	313
448836.25	0.0	0.0	448836.25	6	16.920869	313
60816.609375	0.0	0.0	60816.609375	3	13.206116	313
1313799.0	0.0	0.0	1313799.0	11	17.016406	313
77220.71875	0.0	0.0	77220.71875	13	16.962772	313
70831.3046875	0.0	0.0	70831.3046875	14	13.228743	313
131518.75	0.0	0.0	131518.75	10	16.994058	313
76930.6171875	0.0	0.0	76930.6171875	11	16.995734	313
174692.0	0.0	0.0	174692.0	11	17.020037	313
76930.6171875	0.0	0.0	76930.6171875	11	16.905784	313
20800.8828125	16743.2890625	0.0	62132.8359375	6	16.995176	313
150215.921875	0.0	0.0	150215.921875	10	16.878967	313
112174.46875	0.0	0.0	112174.46875	11	16.958582	313
76679.2109375	0.0	0.0	76679.2109375	21	16.941263	313
106815.4609375	0.0	0.0	106815.4609375	11	17.007467	313
76168.984375	0.0	0.0	76168.984375	6	16.885952	313
213580.46875	0.0	0.0	213580.46875	11	17.018921	313
15.659419059753418	0.0	0.0	3454.3876953125	26	13.213101	313
179051.4375	0.0	0.0	179051.4375	11	16.996853	313
169786.40625	0.0	0.0	169786.40625	11	16.995455	313
73020.84375	0.0	0.0	73020.84375	7	16.92087	313
76930.6171875	0.0	0.0	76930.6171875	10	16.875337	313
98344.3359375	0.0	0.0	98344.3359375	9	16.940982	313
212729.3125	0.0	0.0	212729.3125	10	16.907182	313
591.335693359375	0.0	0.0	49019.9140625	8	13.258914	313
144819.5	0.0	0.0	144819.5	12	16.913886	313
92202.8125	0.0	0.0	92202.8125	8	21.415	313
73020.84375	0.0	0.0	73020.84375	9	35.023097	313
92345.03125	0.0	0.0	92345.03125	12	17.236252	313
103370.484375	0.0	0.0	103370.484375	11	17.016685	313
169084.765625	0.0	0.0	169084.765625	10	17.059985	313
61788.4765625	0.0	0.0	61788.4765625	61	13.260031	313
115295.21875	90836.421875	248914.453125	115295.21875	11	18.105578	313
72906.4765625	6156.390625	0.0	72906.4765625	9	16.911931	313
60979.99609375	0.0	0.0	60979.99609375	23	13.287685	313
611057.3125	1082440.125	0.0	611057.3125	5	16.888186	313
61570.6796875	0.0	0.0	61570.6796875	70	13.279305	313
116631.921875	0.0	0.0	116631.921875	10	16.966682	313
289220.3125	0.0	0.0	289220.3125	10	16.9421	313
284717.21875	0.0	0.0	284717.21875	12	16.878129	313
130438.8984375	0.0	0.0	130438.8984375	11	16.958582	313
55144.34765625	17680.40625	0.0	78668.578125	14	17.003278	313
76168.984375	12681.3125	0.0	76168.984375	7	16.945173	313
77220.71875	14784.734375	0.0	77220.71875	11	16.911652	313
349140.09375	0.0	0.0	349140.09375	15	16.985399	313
230.16769409179688	0.0	0.0	84162.09375	8	13.215615	313
57.73512649536133	0.0	0.0	57978.98046875	7	13.244387	313
86000.9375	0.0	0.0	86000.9375	12	16.909696	313
359423.875	0.0	0.0	359423.875	12	16.967241	313
44595.55078125	37774.029296875	0.0	70278.25	6	16.949362	313
258632.109375	0.0	0.0	258632.109375	12	17.028698	313
3908.03662109375	6385.125	0.0	73020.84375	9	16.889584	313
116631.0	0.0	0.0	116631.0	11	16.969197	313
118923.984375	0.0	0.0	118923.984375	10	16.930088	313
116607.53125	0.0	0.0	116607.53125	11	17.015569	313
1352648.875	0.0	0.0	1352648.875	10	16.945173	313
77220.71875	14784.734375	0.0	77220.71875	13	36.683812	313
125848.953125	0.0	71938.703125	125848.953125	11	18.683547	313
186100.78125	0.0	0.0	186100.78125	11	17.0449	313
1333865.75	0.0	0.0	1333865.75	11	17.011098	313
186931.296875	0.0	0.0	186931.296875	11	17.008583	313
104090.78125	34258.0234375	0.0	104090.78125	8	16.890979	313
157636.515625	0.0	0.0	157636.515625	10	17.01892	313
91342.3828125	21301.671875	0.0	91342.3828125	21	17.011936	313
76168.984375	6340.65625	0.0	76168.984375	7	16.90746	313
138704.9375	0.0	0.0	138704.9375	12	16.942659	313
108.65350341796875	0.0	0.0	108.65350341796875	2	16.909416	313
57141.85546875	46501.09375	0.0	104197.671875	5	16.94182	313
78668.578125	8840.203125	0.0	78668.578125	13	16.92925	313
85416.6796875	15575.453125	0.0	85416.6796875	23	16.979813	313
22.72751808166504	7.56396484375	0.0	5299.8623046875	8	16.939865	313
72906.4765625	3078.1953125	0.0	72906.4765625	9	16.968359	313
208469.375	0.0	0.0	208469.375	12	16.991265	313
64671.9453125	53278.75390625	0.0	111066.1171875	5	16.904109	313
8994.703125	7392.3671875	0.0	77220.71875	12	16.928692	313
738.0513305664062	0.0	0.0	738.0513305664062	3	13.193267	313
132548.25	0.0	0.0	132548.25	10	16.919473	313
9000.033203125	7392.3671875	0.0	77220.71875	13	16.910814	313
1308428.25	0.0	0.0	1308428.25	11	16.929529	313
281872.125	212040.3671875	0.0	281872.125	6	16.921988	313
8994.703125	7392.3671875	0.0	77220.71875	12	16.98065	313
151906.5	0.0	0.0	151906.5	10	16.975622	313
133799.515625	0.0	0.0	133799.515625	11	17.485149	313
76930.6171875	0.0	0.0	76930.6171875	10	16.938468	313
88420.6875	0.0	0.0	88420.6875	20	17.065292	313
76930.6171875	0.0	0.0	76930.6171875	10	20.205149	313
212353.28125	0.0	0.0	212353.28125	24	37.434976	313
109429.390625	0.0	0.0	109429.390625	11	17.188762	313
76168.984375	0.0	0.0	76168.984375	7	16.975063	313
109429.390625	0.0	0.0	109429.390625	11	16.951039	313
131459.65625	0.0	0.0	131459.65625	11	16.989309	313
212729.3125	0.0	0.0	212729.3125	10	16.987633	313
166378.4375	0.0	0.0	166378.4375	10	16.936233	313
61454.43359375	0.0	0.0	61454.43359375	252	13.304167	313
40372.77734375	0.0	0.0	40372.77734375	105	13.295228	313
112333.6015625	0.0	0.0	112333.6015625	11	17.003556	313
70616.1640625	0.0	0.0	70616.1640625	12	13.254443	313
175048.34375	0.0	0.0	175048.34375	11	16.92925	313
76930.6171875	0.0	0.0	76930.6171875	11	16.963052	313
144014.9375	0.0	0.0	144014.9375	11	16.975622	313
30.288959503173828	7.578125	0.0	45388.15234375	6	16.968358	313
76168.984375	0.0	0.0	76168.984375	7	16.895729	313
76168.984375	0.0	0.0	76168.984375	7	16.950761	313
244454.59375	0.0	0.0	244454.59375	6	16.895449	313
197164.203125	0.0	0.0	197164.203125	11	16.918635	313
76168.984375	0.0	0.0	76168.984375	7	16.932323	313
76168.984375	0.0	0.0	76168.984375	7	16.965844	313
1120752.0	0.0	0.0	1120752.0	6	16.978136	313
162473.359375	0.0	0.0	162473.359375	11	17.00635	313
76930.6171875	0.0	0.0	76930.6171875	10	16.920869	313
186100.78125	0.0	0.0	186100.78125	11	17.018641	313
196117.6875	0.0	0.0	196117.6875	11	16.899081	313
145893.140625	0.0	0.0	145893.140625	11	16.94629	313
146703.03125	0.0	0.0	146703.03125	10	16.951597	313
135489.625	0.0	0.0	135489.625	10	16.915562	313
78668.578125	0.0	0.0	78668.578125	11	16.888745	313
209596.4375	0.0	0.0	209596.4375	7	34.132539	313
192934.359375	0.0	0.0	192934.359375	11	17.137642	313
90473.71875	0.0	0.0	90473.71875	20	17.208037	313
73020.84375	0.0	0.0	73020.84375	9	16.938468	313
212917.8125	0.0	0.0	212917.8125	14	13.284055	313
202228.0625	0.0	0.0	202228.0625	11	16.950479	313
76930.6171875	0.0	0.0	76930.6171875	10	16.958023	313
51111.09375	41565.76953125	0.0	99314.8671875	5	16.919193	313
165477.046875	0.0	0.0	165477.046875	10	16.904388	313
446905.0	0.0	0.0	446905.0	12	16.982325	313
1350135.125	0.0	0.0	1350135.125	11	16.907741	313
56669.0546875	46501.09375	0.0	104197.671875	5	16.848519	313
148984.046875	0.0	0.0	148984.046875	12	16.933442	313
191905.96875	0.0	0.0	191905.96875	11	16.971432	313
70902.90625	0.0	0.0	70902.90625	53	13.287407	313
287584.5	0.0	0.0	287584.5	16	16.991265	313
228658.734375	0.0	71938.703125	228658.734375	11	17.595772	313
96227.28125	26383.34375	0.0	96227.28125	14	16.902433	313
331977.0	317290.390625	0.0	387123.90625	6	16.919194	313
119952.90625	50123.84375	0.0	119952.90625	9	16.944056	313
76168.984375	6340.65625	0.0	76168.984375	7	16.906902	313
205579.953125	0.0	0.0	205579.953125	11	16.947687	313
56073.3515625	45629.109375	0.0	103401.296875	5	16.966125	313
297028.1875	227121.4296875	0.0	297028.1875	12	16.863603	313
78668.578125	8840.203125	0.0	78668.578125	12	16.937352	313
56745.15625	46563.5546875	0.0	104275.3359375	5	16.913606	313
873.4605102539062	0.0	0.0	2653.877685546875	37	13.25612	313
873.4605102539062	0.0	0.0	2653.877685546875	37	13.23433	313
70833.8671875	0.0	0.0	70833.8671875	21	13.294111	313
76168.984375	6340.65625	0.0	76168.984375	7	16.924781	313
70588.828125	0.0	0.0	70588.828125	313	16.614705	313
71037.0546875	0.0	0.0	71037.0546875	20	33.97778	313
33501.8515625	0.0	0.0	71385.890625	37	13.437136	313
96312.046875	26476.8515625	0.0	96312.046875	13	17.136246	313
78668.578125	8840.203125	0.0	78668.578125	9	16.926177	313
70245.3515625	0.0	0.0	70245.3515625	14	13.24746	313
74909.609375	0.0	0.0	74878.03125	31	13.273718	313
71306.359375	0.0	0.0	71306.359375	19	13.262824	313
15139.951171875	0.0	0.0	16701.646484375	105	13.274277	313
12604.93359375	0.0	0.0	14268.857421875	37	13.233772	313
33501.8515625	0.0	0.0	71385.890625	37	13.281819	313
78913.203125	27224.953125	386687.484375	78913.203125	9	19.036364	313
9486.0771484375	0.0	0.0	70236.5078125	29	13.367581	313
19233.62890625	0.0	0.0	70657.8046875	60	13.301933	313
28574.65625	0.0	0.0	70746.1484375	58	13.324002	313
76930.6171875	21306.8203125	0.0	76930.6171875	12	16.977299	313
12640.7373046875	0.0	0.0	71025.8671875	38	13.285172	313
352545.53125	1013325.609375	0.0	407609.0625	6	16.902154	313
7746.3349609375	0.0	0.0	9281.4072265625	21	13.210028	313
97213.953125	82149.9375	0.0	97213.953125	9	16.893773	313
1224286.25	0.0	0.0	1224286.25	10	17.005512	313
129461.984375	346810.3125	0.0	185433.59375	5	16.841535	313
20021.39453125	0.0	0.0	21707.349609375	73	13.257238	313
2118.233642578125	0.0	0.0	70213.8671875	29	13.300257	313
73020.84375	9577.6875	0.0	73020.84375	7	16.95914	313
119952.90625	150371.53125	0.0	119952.90625	9	16.893772	313
22795.951171875	0.0	0.0	24520.826171875	115	13.28601	313
76930.6171875	21306.8203125	0.0	76930.6171875	12	16.939585	313
2524.017822265625	0.0	0.0	4122.6865234375	5	13.224275	313
70768.6953125	0.0	0.0	70768.6953125	6	13.19215	313
38117.41015625	0.0	0.0	71037.0546875	20	13.286568	313
72578.4140625	9234.5859375	0.0	72578.4140625	8	16.929529	313
52253.28515625	22177.1015625	0.0	77220.71875	11	47.969699	313
72906.4765625	9234.5859375	0.0	72906.4765625	9	17.104121	313
179293.40625	0.0	0.0	179293.40625	11	17.052441	313
10788.255859375	26520.609375	0.0	78668.578125	13	17.026183	313
8994.703125	14784.734375	143877.40625	77220.71875	12	19.586116	313
1180399.875	2221106.265625	0.0	1180399.875	6	16.936513	313
70892.2265625	0.0	0.0	70892.2265625	33	13.287686	313
70652.2734375	0.0	0.0	70652.2734375	43	13.251091	313
8642.041015625	14204.546875	0.0	76930.6171875	10	16.925897	313
76249.59375	0.0	0.0	76249.59375	17	13.222878	313
50.87468719482422	0.0	0.0	50.87468719482422	6	13.232656	313
1007.1104125976562	0.0	0.0	1007.1104125976562	5	16.881761	313
8642.041015625	14204.546875	0.0	76930.6171875	11	16.933999	313
1577.671630859375	2517.1591796875	0.0	3043.034912109375	5	16.867795	313
60660.703125	0.0	0.0	60660.703125	65	13.286569	313
70245.328125	0.0	0.0	70245.328125	8	13.212822	313
70602.3515625	0.0	0.0	70602.3515625	73	13.352216	313
70912.2578125	0.0	0.0	70912.2578125	49	13.276233	313
62092.30078125	0.0	0.0	62092.30078125	199	13.284054	313
14270.7255859375	0.0	0.0	70585.6484375	37	13.285173	313
8642.041015625	14204.546875	0.0	76930.6171875	11	16.956626	313
8648.9609375	14204.546875	0.0	76930.6171875	12	16.98065	313
70248.28125	0.0	0.0	70248.28125	14	13.259192	313
214277.875	400121.3125	0.0	269892.21875	6	16.866397	313
72906.4765625	6156.390625	0.0	72906.4765625	9	16.966403	313
61861.03515625	0.0	0.0	61861.03515625	283	13.296066	313
1651.0126953125	0.0	0.0	70621.953125	89	13.322884	313
102177.1015625	64696.09375	0.0	102177.1015625	9	16.912209	313
76168.984375	12681.3125	0.0	76168.984375	7	16.981208	313
1950.4176025390625	0.0	0.0	84143.2109375	8	14.314285	313
497398.0625	0.0	0.0	497398.0625	8	16.940144	313
18343.154296875	0.0	0.0	19869.234375	25	36.936062	313
70248.28125	0.0	0.0	70248.28125	14	13.443282	313
76930.6171875	0.0	0.0	76930.6171875	12	17.146303	313
72906.4765625	0.0	0.0	72906.4765625	9	16.999366	313
76930.6171875	0.0	0.0	76930.6171875	11	16.900197	313
78668.578125	0.0	0.0	78668.578125	12	16.958302	313
229054.71875	0.0	0.0	229054.71875	5	16.905784	313
72906.4765625	0.0	0.0	72906.4765625	9	16.938747	313
70583.8671875	0.0	0.0	70583.8671875	44	13.317576	313
77220.71875	0.0	0.0	77220.71875	12	16.958302	313
70194.1640625	0.0	0.0	70194.1640625	20	13.271485	313
212512.921875	0.0	0.0	212512.921875	20	13.280982	313
71385.890625	0.0	0.0	71385.890625	37	13.258075	313
70621.953125	0.0	0.0	70621.953125	89	13.318136	313
76930.6171875	0.0	0.0	76930.6171875	10	16.963609	313
75231.0234375	0.0	0.0	76921.75	121	13.31646	313
77220.71875	0.0	0.0	77220.71875	12	16.929529	313
213734.40625	0.0	0.0	213734.40625	44	13.285732	313
85612.953125	0.0	0.0	85612.953125	20	16.979532	313
743.3372802734375	0.0	0.0	743.3372802734375	9	13.260031	313
7.9542717933654785	0.0	0.0	3508.567626953125	6	13.223715	313
71304.5546875	0.0	0.0	71304.5546875	47	13.285452	313
76168.984375	0.0	0.0	76168.984375	7	16.897126	313
1375.864990234375	0.0	215816.109375	70600.3515625	39	14.986952	313
868.0888061523438	0.0	0.0	868.0888061523438	2	16.875615	313
1647.3165283203125	0.0	0.0	5355.33740234375	145	13.317577	313
42210.50390625	0.0	0.0	80094.546875	51	13.267014	313
70245.296875	0.0	0.0	70245.296875	9	13.266176	313
51588.10546875	41955.91015625	0.0	99666.578125	5	16.906344	313
70238.859375	0.0	0.0	70238.859375	29	13.332381	313
112328.3984375	126343.640625	0.0	112328.3984375	11	17.036798	313
72906.4765625	9234.5859375	0.0	72906.4765625	9	16.948245	313
273687.53125	611373.421875	0.0	273687.53125	12	38.71159	313
5245.06396484375	0.0	0.0	6774.15234375	17	13.398865	313
70599.9453125	0.0	0.0	70599.9453125	20	13.398307	313
40372.30078125	0.0	0.0	40372.30078125	81	13.335175	313
173.75192260742188	0.0	0.0	84042.2265625	8	13.240196	313
78668.578125	26520.609375	0.0	78668.578125	11	17.015009	313
526492.625	0.0	0.0	526492.625	12	16.96752	313
70596.8984375	0.0	0.0	70596.8984375	11	13.260869	313
73873.1328125	0.0	0.0	73082.046875	52	13.242711	313
77412.890625	22719.6328125	0.0	77412.890625	21	17.10468	313
71306.359375	0.0	0.0	71306.359375	19	13.242153	313
7716.13525390625	19021.96875	0.0	76168.984375	6	16.901595	313
78668.578125	26520.609375	0.0	78668.578125	13	16.9935	313
44717.65625	0.0	0.0	70902.90625	53	13.321768	313
3657.66552734375	0.0	0.0	70585.453125	83	13.302492	313
5034.6025390625	0.0	0.0	5034.6025390625	9	13.248019	313
70573.46875	0.0	157374.390625	70573.46875	33	14.859571	313
15165.501953125	0.0	0.0	70607.1484375	207	13.325398	313
77220.71875	14784.734375	0.0	77220.71875	12	16.978416	313
40802.8203125	0.0	0.0	40572.984375	9	13.24299	313
57249.40234375	0.0	0.0	70842.390625	19	13.278469	313
37795.58984375	0.0	0.0	70643.1796875	57	13.313386	313
12016.0849609375	0.0	0.0	45577.68359375	6	13.227068	313
7716.13525390625	12681.3125	0.0	76168.984375	7	16.937351	313
98691.5625	57713.0625	0.0	98691.5625	8	16.892377	313
61492.91015625	0.0	0.0	61492.91015625	22	13.307799	313
168779.578125	0.0	0.0	168779.578125	11	16.943497	313
163148.75	186468.84375	0.0	163148.75	12	16.985119	313
41993.5625	0.0	0.0	50829.27734375	53	13.268971	313
2433.009033203125	4104.478271484375	0.0	3835.573974609375	5	16.904108	313
1180399.875	2221106.265625	0.0	1180399.875	6	16.903829	313
77220.71875	14784.734375	0.0	77220.71875	13	17.021993	313
23603.962890625	0.0	0.0	25278.41796875	17	15.680849	313
81212.9140625	22754.296875	0.0	81212.9140625	7	42.729713	313
24167.53515625	0.0	0.0	45796.01171875	11	13.384898	313
28452.74609375	0.0	0.0	70902.90625	53	13.396351	313
76930.6171875	14204.546875	0.0	76930.6171875	10	17.001321	313
76930.6171875	14204.546875	0.0	76930.6171875	11	16.979252	313
77220.71875	14784.734375	0.0	77220.71875	13	16.891258	313
38117.41015625	0.0	0.0	71037.0546875	20	13.2902	313
76930.6171875	14204.546875	0.0	76930.6171875	12	16.947127	313
1602.68603515625	0.0	143877.40625	70573.6171875	44	15.835331	313
71037.0546875	0.0	0.0	71037.0546875	20	13.255282	313
78913.203125	18149.96875	0.0	78913.203125	9	16.95076	313
943.7221069335938	0.0	0.0	2203.612060546875	29	13.208911	313
5298.97314453125	0.0	0.0	7066.11279296875	17	13.248579	313
72906.4765625	6156.390625	0.0	72906.4765625	9	16.915003	313
38939.859375	0.0	0.0	64604.5078125	31	13.277351	313
212245.515625	0.0	0.0	212245.515625	28	13.270087	313
44717.65625	0.0	0.0	70902.90625	53	13.307799	313
111850.421875	83971.171875	0.0	111850.421875	12	16.986237	313
72906.4765625	6156.390625	0.0	72906.4765625	9	16.960258	313
2518.43359375	0.0	0.0	58062.4609375	7	13.210028	313
212808.578125	0.0	0.0	245308.015625	145	13.325957	313
331977.0	634580.78125	0.0	387123.90625	6	16.916679	313
70112.65625	0.0	0.0	70112.65625	29	13.340762	313
71037.0546875	0.0	0.0	71037.0546875	20	13.297185	313
70600.3515625	0.0	0.0	70600.3515625	39	13.280981	313
70245.296875	0.0	0.0	70245.296875	9	13.231537	313
60910.77734375	0.0	0.0	60910.77734375	25	13.329309	313
76168.984375	12681.3125	0.0	76168.984375	7	16.908298	313
8642.041015625	14204.546875	0.0	76930.6171875	10	16.928412	313
741920.6875	1344162.515625	0.0	741920.6875	5	16.898242	313
104778.171875	69896.546875	0.0	104778.171875	12	17.13485	313
76168.984375	12681.3125	0.0	76168.984375	7	16.922824	313
70238.4921875	0.0	0.0	70238.4921875	20	13.311709	313
726.7767333984375	0.0	173259.60546875	2411.121826171875	97	33.656252	313
560543.5	348142.875	0.0	560543.5	5	17.180103	313
81072.0234375	143035.1796875	0.0	116943.3046875	7	17.016406	313
33829.36328125	0.0	0.0	71037.0546875	20	13.310871	313
66421.9921875	54994.48828125	0.0	112722.015625	5	16.887068	313
73020.84375	3192.5625	0.0	73020.84375	7	16.906902	313
736.0159912109375	0.0	0.0	736.0159912109375	5	16.891539	313
80094.546875	0.0	0.0	80094.546875	51	13.258914	313
185433.59375	115603.4375	0.0	185433.59375	5	16.85271	313
73020.84375	3192.5625	0.0	73020.84375	8	16.949364	313
72906.4765625	3078.1953125	0.0	72906.4765625	9	16.91193	313
76168.984375	6340.65625	0.0	76168.984375	7	16.944615	313
2628.08349609375	0.0	0.0	3763.16650390625	37	13.221202	313
155844.546875	0.0	0.0	155844.546875	11	16.933999	313
209690.640625	195489.828125	0.0	265591.4375	12	16.883159	313
88420.6875	18478.7890625	0.0	88420.6875	20	16.984002	313
157768.03125	0.0	0.0	157768.03125	10	16.939307	313
57143.9140625	46890.80859375	0.0	104592.6640625	5	16.928133	313
35589.83984375	0.0	0.0	70746.1484375	58	13.270367	313
77220.71875	7392.3671875	0.0	77220.71875	12	17.009144	313
81792.9609375	11955.734375	0.0	81792.9609375	23	16.990147	313
70245.3359375	0.0	0.0	70245.3359375	13	13.254724	313
439686.3125	424581.6953125	0.0	494417.0	12	16.921148	313
31546.9296875	0.0	0.0	18933.37890625	6	13.14494	313
298147.6875	85990.09375	0.0	298147.6875	17	16.877012	313
77220.71875	0.0	0.0	77220.71875	12	20.752949	313
60804.35546875	0.0	0.0	60804.35546875	23	13.283495	313
213418.046875	0.0	0.0	213418.046875	79	13.253605	313
72632.3984375	0.0	0.0	72166.625	9	13.216732	313
78668.578125	0.0	0.0	78668.578125	13	16.965005	313
76168.984375	0.0	0.0	76168.984375	7	16.927015	313
70605.234375	0.0	0.0	70605.234375	46	13.265059	313
214147.046875	0.0	0.0	214147.046875	99	13.387412	313
71037.0546875	0.0	0.0	71037.0546875	20	37.652585	313
61096.91015625	0.0	0.0	61096.91015625	719	13.480156	313
213741.65625	0.0	0.0	213741.65625	70	13.425404	313
6540.06201171875	0.0	0.0	6540.06201171875	13	13.257795	313
70573.6796875	0.0	0.0	70573.6796875	38	13.283775	313
52053.3203125	0.0	0.0	52053.3203125	10	13.207793	313
45735.61328125	0.0	0.0	45735.61328125	18	13.250813	313
23683.21484375	0.0	0.0	23683.21484375	33	13.225113	313
76031.203125	0.0	0.0	75886.640625	65	13.256399	313
264.7225646972656	0.0	0.0	264.7225646972656	5	13.201368	313
77220.71875	0.0	0.0	77220.71875	13	17.052722	313
61483.54296875	0.0	0.0	61483.54296875	421	13.284613	313
213353.75	0.0	0.0	213353.75	95	13.319812	313
71385.890625	0.0	0.0	71385.890625	37	13.249695	313
8034.53076171875	0.0	0.0	8034.53076171875	9	13.232096	313
81639.71875	0.0	0.0	81639.71875	6	13.214219	313
70245.328125	0.0	0.0	70245.328125	8	13.24299	313
1226.943603515625	0.0	799547.7332763672	70242.28125	24	15.847342	313
221597.96875	0.0	0.0	221597.96875	213	13.343555	313
213540.1875	0.0	0.0	213540.1875	85	13.29439	313
72190.3125	0.0	0.0	72190.3125	12	13.282379	313
476.9024963378906	0.0	0.0	33104.56640625	28	13.257796	313
52835.02734375	0.0	0.0	81599.375	13	13.284334	313
1226.943603515625	0.0	0.0	70242.28125	24	13.313107	313
39655.58984375	0.0	0.0	61158.3359375	145	13.297463	313
66363.046875	0.0	0.0	66363.046875	91	13.287686	313
18.50714683532715	0.0	0.0	70245.3359375	13	13.291038	313
88897.9375	0.0	0.0	259316.75	326	13.330425	313
38117.41015625	0.0	0.0	71037.0546875	20	13.310033	313
1780.3570556640625	0.0	0.0	212567.453125	19	13.287128	313
45388.15234375	0.0	0.0	45388.15234375	6	17.033446	313
148.7466278076172	0.0	0.0	70238.859375	29	13.339086	313
212502.359375	0.0	0.0	212502.359375	20	13.312827	313
101.30587768554688	0.0	0.0	213376.625	43	13.294111	313
51548.5078125	0.0	0.0	235711.21875	1216	30.673108	313
21531.046875	0.0	0.0	21531.046875	33	13.428756	313
44498.28515625	0.0	0.0	71385.890625	37	13.40976	313
32458.939453125	0.0	0.0	70573.4140625	17	13.308357	313
4272.88623046875	0.0	0.0	5970.806640625	9	13.282099	313
213368.359375	0.0	0.0	213368.359375	61	13.311151	313
51526.6484375	42280.8046875	0.0	100040.40625	5	17.032889	313
103452.5390625	0.0	0.0	103452.5390625	11	16.985399	313
2634.969970703125	0.0	654009.3480224609	213881.40625	160	16.54487	313
9609.8623046875	0.0	0.0	9609.8623046875	33	13.268412	313
15164.4619140625	0.0	0.0	70573.421875	18	13.3335	313
4362.93212890625	0.0	0.0	6146.41748046875	17	13.25612	313
12033.357421875	0.0	0.0	45806.15234375	11	13.29467	313
90778.8828125	0.0	0.0	124564.9296875	51	13.311711	313
6664.06689453125	0.0	0.0	87828.46875	1081	13.377356	313
61903.82421875	0.0	0.0	61903.82421875	28	13.347467	313
29549.376953125	0.0	0.0	74698.7578125	55	13.321488	313
73217.3046875	0.0	0.0	86155.78125	31	13.282937	313
78668.578125	26520.609375	0.0	78668.578125	11	17.03652	313
10511.0751953125	8619.921875	0.0	66315.21875	5	16.968638	313
68908.921875	0.0	0.0	212917.8125	14	13.295787	313
15542.0126953125	0.0	0.0	70601.1796875	60	13.316179	313
15106.888671875	0.0	0.0	214072.6875	96	13.35892	313
5299.8623046875	0.0	0.0	5299.8623046875	8	17.024507	313
37.89590835571289	0.0	0.0	45592.5	16	13.289642	313
70563.640625	0.0	0.0	70563.640625	20	13.296625	313
70245.3515625	0.0	0.0	70245.3515625	14	13.308357	313
23.243040084838867	0.0	0.0	70245.5546875	47	13.434344	313
681.8732299804688	0.0	0.0	2245.861083984375	5	13.273439	313
28452.74609375	0.0	0.0	70902.90625	53	13.32037	313
374.2876281738281	0.0	0.0	2137.070556640625	49	13.449707	313
9468.384765625	0.0	0.0	11242.068359375	37	13.282378	313
212591.546875	0.0	0.0	212591.546875	18	13.334057	313
3640.75390625	0.0	271062.36572265625	70241.890625	29	15.609618	313
403.5573425292969	0.0	0.0	212902.5625	63	16.276974	313
5255.1494140625	0.0	0.0	5231.69580078125	9	33.920793	313
50.32080841064453	0.0	0.0	7761.87255859375	13	13.443561	313
100868.15625	0.0	0.0	132463.109375	37	13.399424	313
41534.75	0.0	0.0	62092.30078125	189	13.358081	313
66679.5234375	0.0	0.0	213147.296875	56	13.313106	313
70245.296875	0.0	0.0	70245.296875	9	13.364508	313
280.7943115234375	0.0	0.0	213561.484375	35	13.315063	313
24479.88671875	0.0	0.0	70743.5078125	12	13.304167	313
61924.87890625	0.0	0.0	76921.75	121	13.383224	313
626.4775390625	0.0	0.0	70624.0703125	49	13.338528	313
1224286.25	0.0	0.0	1224286.25	10	17.093228	313
116631.921875	0.0	0.0	116631.921875	10	17.024507	313
8095.62841796875	0.0	0.0	53690.8203125	37	13.313945	313
7329.6611328125	0.0	0.0	213219.546875	54	13.320929	313
16674.0625	0.0	0.0	70638.3359375	134	13.334617	313
590.777099609375	0.0	0.0	70068.890625	14	13.335735	313
56600.7734375	0.0	0.0	91575.125	11	13.286569	313
68818.4375	0.0	0.0	212827.328125	14	13.312827	313
7.778934478759766	0.0	0.0	1788.923583984375	6	13.282938	313
57237.43359375	0.0	0.0	91865.2578125	11	13.292435	313
7716.13525390625	31703.28125	0.0	76168.984375	7	17.021993	313
7746.3349609375	0.0	0.0	9281.4072265625	21	13.29439	313
73894.9375	0.0	0.0	119320.8046875	16	13.287966	313
76086.53125	0.0	176975.75	213275.96875	61	14.972705	313
54768.72265625	0.0	0.0	81571.2421875	13	13.293273	313
50474.1875	0.0	0.0	70842.390625	19	13.346069	313
364250.6875	454796.671875	0.0	364250.6875	12	17.00635	313
198.39169311523438	0.0	0.0	84108.5625	8	13.305006	313
44109.484375	0.0	0.0	245210.84375	287	13.360316	313
60770.625	0.0	0.0	60770.625	21	13.340761	313
48008.5703125	0.0	0.0	52498.3984375	37	13.339366	313
1508.3111572265625	0.0	0.0	1508.3111572265625	17	13.291038	313
7494.04052734375	0.0	0.0	7494.04052734375	41	13.27735	313
268092.75	676550.390625	0.0	437703.84375	12	17.07032	313
281.1787109375	0.0	0.0	70239.6953125	24	13.296066	313
6540.06201171875	0.0	0.0	6540.06201171875	13	31.72373	313
56269.27734375	0.0	0.0	91655.28125	12	13.428756	313
49699.19140625	0.0	0.0	75777.640625	11	13.322045	313
4437.27197265625	0.0	0.0	71222.6796875	34	13.349421	313
50.32080841064453	0.0	0.0	7761.87255859375	13	13.265897	313
525.8604125976562	0.0	0.0	70573.3828125	24	13.303051	313
90.15911865234375	0.0	0.0	70132.1171875	29	13.344393	313
39665.83203125	0.0	0.0	32363.724609375	17	13.248579	313
44740.8828125	0.0	0.0	70712.828125	18	13.288245	313
403.5573425292969	0.0	0.0	212902.5625	63	13.284334	313
22473.998046875	0.0	0.0	70902.90625	53	13.332383	313
525.921630859375	0.0	0.0	71008.0625	29	13.323442	313
212839.09375	0.0	0.0	212839.09375	44	13.30724	313
41.20267105102539	0.0	0.0	70238.0859375	9	14.448373	313
35315.83203125	0.0	0.0	73354.1796875	53	13.320929	313
988708.375	5829139.59375	0.0	1041367.6875	6	17.011657	313
47064.140625	80418.4453125	0.0	72702.015625	6	16.89936	313
111.06521606445312	0.0	0.0	45722.1953125	18	13.217012	313
8335.2216796875	0.0	0.0	8335.2216796875	53	13.247181	313
95299.125	0.0	0.0	100304.5	4	13.181535	313
131798.46875	0.0	0.0	214147.046875	99	13.30724	313
34206.8203125	0.0	0.0	70891.8203125	33	13.287127	313
16963.24609375	0.0	0.0	70585.6484375	37	13.299699	313
3770.253662109375	18469.171875	0.0	72906.4765625	9	17.001879	313
22473.998046875	0.0	0.0	70902.90625	53	13.338807	313
68328.140625	0.0	0.0	212473.171875	20	13.260589	313
33829.36328125	0.0	0.0	71037.0546875	20	13.301932	313
4396.97314453125	0.0	0.0	70593.7578125	46	13.277909	313
43496.27734375	0.0	0.0	246479.15625	948	13.395793	313
61715.91796875	0.0	0.0	61715.91796875	61	13.2902	313
3642.395751953125	0.0	0.0	70242.8359375	29	13.349422	313
19.10146141052246	0.0	0.0	32550.560546875	9	13.248856	313
60266.875	0.0	0.0	125708.3515625	505	13.352215	313
56658.82421875	0.0	0.0	213386.875	533	13.38881	313
7405.8828125	0.0	0.0	70143.1484375	20	14.715426	313
213887.3125	0.0	0.0	213887.3125	36	36.296358	313
23800.421875	0.0	0.0	79496.890625	45	13.449986	313
8664.9384765625	0.0	0.0	8664.9384765625	9	13.349421	313
313946.34375	0.0	1822.6239013671875	313946.34375	7	20.454605	313
104.86787414550781	0.0	0.0	45719.07421875	18	13.274279	313
79512.1796875	0.0	0.0	79512.1796875	21	13.301933	313
67536.6875	0.0	0.0	211545.578125	14	13.274836	313
213207.671875	0.0	0.0	220972.59375	111	13.355568	313
27959.365234375	0.0	0.0	17431.365234375	3	13.224554	313
41.792335510253906	0.0	0.0	6903.326171875	4	13.276513	313
70602.3515625	0.0	0.0	70602.3515625	73	13.368139	313
70245.328125	0.0	0.0	70245.328125	8	13.279026	313
24916.3125	0.0	0.0	26622.662109375	41	13.286848	313
83267.75	0.0	0.0	83267.75	21	13.314784	313
68648.4140625	0.0	0.0	212793.453125	20	13.30277	313
213735.171875	0.0	0.0	213735.171875	25	13.339365	313
109429.390625	0.0	0.0	109429.390625	11	16.996853	313
60659.203125	0.0	0.0	60659.203125	21	13.338806	313
8695.947265625	0.0	0.0	45789.11328125	11	13.301654	313
70599.9453125	0.0	0.0	70599.9453125	20	13.322883	313
49017.390625	0.0	0.0	49017.390625	9	13.275116	313
213699.359375	0.0	0.0	213699.359375	44	13.321767	313
43089.9296875	0.0	0.0	244864.203125	106	13.318134	313
1705.0101318359375	0.0	0.0	7796.37353515625	12	13.293272	313
220254.640625	0.0	0.0	253431.46875	2215	13.377636	313
213480.25	0.0	0.0	213480.25	36	13.313106	313
3661.594970703125	0.0	0.0	3661.594970703125	21	13.280144	313
71851.5703125	0.0	0.0	71851.5703125	58	13.328191	313
2852.386962890625	0.0	779717.53125	72564.8515625	442	15.437537	313
3222.207763671875	0.0	0.0	4403.45361328125	6	13.31171	313
33829.36328125	0.0	0.0	71037.0546875	20	13.31143	313
640498.8125	1141322.140625	0.0	640498.8125	6	16.982605	313
33549.2421875	0.0	0.0	33306.375	5	13.215334	313
572.92724609375	0.0	0.0	213017.921875	85	13.318413	313
42731.01171875	0.0	0.0	95570.171875	361	13.306961	313
414.8956604003906	0.0	0.0	212844.625	19	13.296903	313
64055.703125	0.0	0.0	246476.71875	982	35.738223	313
40377.37109375	0.0	0.0	40377.37109375	97	13.46926	313
23222.21875	0.0	0.0	70714.921875	60	13.394117	313
1205.088134765625	0.0	0.0	2743.328857421875	25	13.324002	313
14663.380859375	0.0	0.0	57480.1796875	91	13.296625	313
61827.46875	0.0	0.0	61827.46875	92	13.373446	313
691.9586791992188	0.0	0.0	82925.046875	631	13.328192	313
1573.9171142578125	0.0	0.0	3240.017333984375	49	13.287407	313
147.26011657714844	0.0	0.0	32554.162109375	15	13.272881	313
28097.49609375	0.0	0.0	70652.2734375	43	13.325119	313
19528.05078125	0.0	0.0	70215.96875	58	13.3159	313
70619.953125	0.0	0.0	72034.4375	45	13.308079	313
70807.34375	0.0	0.0	213780.015625	30	13.27791	313
32131.525390625	26363.51171875	0.0	84124.8828125	5	17.019479	313
6995.92333984375	0.0	0.0	6995.92333984375	9	13.266457	313
5550.36474609375	0.0	0.0	50871.40625	15	13.300815	313
76930.6171875	14204.546875	0.0	76930.6171875	11	17.037078	313
40403.66015625	0.0	73761.32702636719	40403.66015625	33	14.887784	313
