0.0
421141.3125
634658.015625
1081563.015625
1122385.30859375
1335272.68359375
1548550.07421875
1552485.3911132812
2006634.3286132812
2052390.2661132812
2265340.0161132812
2479002.4067382812
2519382.1801757812
2547093.247192383
2735032.8538513184
2947672.8226013184
3020780.8147888184
3626005.8147888184
3636244.274749756
4275473.337249756
4509458.055999756
4723361.540374756
5358559.102874756
5427347.001312256
5640296.751312256
5659418.819671631
5797812.897796631
6011568.304046631
6224847.522796631
6284198.120452881
6903922.870452881
6952804.026702881
6955063.675811768
7184424.457061768
7307513.449249268
7536874.230499268
7749232.511749268
7827901.089874268
8132634.652374268
8203220.300811768
8270622.488311768
8562289.019561768
9054577.175811768
9300647.519561768
9893862.144561768
1.0483471144561768E7
1.0937620082061768E7
1.1059525030303955E7
1.1120154268585205E7
1.1273658034210205E7
1.1486030315460205E7
1.1749161440460205E7
1.1789766881866455E7
1.2016877553741455E7
1.2584704553741455E7
1.2584735391813278E7
1.2676600649625778E7
1.2935025712125778E7
1.2955533632047653E7
1.296763044924736E7
1.352905544924736E7
1.387167326174736E7
1.393299453909111E7
1.408557607815361E7
1.423345006252861E7
1.438494728127861E7
1.457069456252861E7
1.481982121877861E7
1.499351862502861E7
1.509460543752861E7
1.515528586330986E7
1.5167259497098923E7
1.5447569278348923E7
1.5509288985380173E7
1.5524653033231735E7
1.5738187501981735E7
1.5792813622098923E7
1.6005416481473923E7
1.6319097168973923E7
1.6784420981473923E7
1.6845589489286423E7
1.7172457551786423E7
1.7498482676786423E7
1.7732467395536423E7
1.7892211614286423E7
1.8105765176786423E7
1.8318607520536423E7
1.832236951125908E7
1.862400516750908E7
1.899379238625908E7
1.965460076125908E7
1.9654638628343582E7
2.0332945565843582E7
2.0993782753343582E7
2.1618742565843582E7
2.1724264690843582E7
2.2190351409593582E7
2.2369402847093582E7
2.2838550659593582E7
2.3051654393968582E7
2.305203553019905E7
2.343630628019905E7
2.351127517863655E7
2.396355995988655E7
2.417657788176155E7
2.418089635783577E7
2.426502221721077E7
2.467828606096077E7
2.489195362346077E7
2.526898715471077E7
2.540178496721077E7
2.561411307658577E7
2.623198726408577E7
2.632352565471077E7
2.639432331877327E7
2.660701906877327E7
2.724057881877327E7
2.745348338127327E7
2.786977594377327E7
2.7911892371019363E7
2.8124790074144363E7
2.8196063042894363E7
2.8826501292894363E7
2.8827949797533035E7
2.9040711735033035E7
2.9456683422533035E7
2.9456715267471313E7
2.9575637259658813E7
3.0217444259658813E7
3.0298849931533813E7
3.0512669509658813E7
3.1048048947158813E7
3.1682701697158813E7
3.1895805431533813E7
3.2329631775283813E7
3.2542425228408813E7
3.3080532790908813E7
3.3144416689346313E7
3.3357459736221313E7
3.3357585503616333E7
3.356991361299133E7
3.378260687861633E7
3.383503212080383E7
3.451609474580383E7
3.472823593330383E7
3.502776118330383E7
3.510940090205383E7
3.5152335516311646E7
3.5189488922561646E7
3.5402865547561646E7
3.5616171375686646E7
3.5640120879592896E7
3.5929010410842896E7
3.593784813252258E7
3.617775013371277E7
3.625077097746277E7
3.646431466496277E7
3.648165546769714E7
3.659201282707214E7
3.687959732707214E7
3.697677240519714E7
3.747417046769714E7
3.779753181144714E7
3.828242049894714E7
3.838100562394714E7
3.859427020207214E7
3.874093865519714E7
3.923656190519714E7
3.939283587394714E7
3.973545368644714E7
3.994912124894714E7
4.030854571769714E7
4.035393387004089E7
4.056653822941589E7
4.118609847941589E7
4.188385866691589E7
4.415631341691589E7
4.437872876066589E7
4.444016134660339E7
4.444221432009888E7
4.465608061697388E7
4.525624411697388E7
4.546925341384888E7
4.571717208572388E7
4.627811558572388E7
4.649080885134888E7
4.670359857009888E7
4.675878137088013E7
4.691659173806763E7
4.6931404147247314E7
4.6992912092559814E7
4.7205705545684814E7
4.7424217858184814E7
4.7715265014434814E7
4.777493616824341E7
4.784671555105591E7
4.7882920087085724E7
4.7943908044116974E7
4.8164275669116974E7
4.8521014856616974E7
5.0223965606616974E7
5.0331860419116974E7
5.0464536934741974E7
5.0757033934741974E7
5.076553892204666E7
5.094152419823074E7
5.140073888573074E7
5.145071815135574E7
5.181185443260574E7
5.224202558885574E7
5.373226283885574E7
5.379014986815262E7
5.3791459824085236E7
5.3851290632678986E7
5.3851328498283386E7
5.3968187459220886E7
5.4014690052970886E7
5.4483840865470886E7
5.449619666808319E7
5.4505891670036316E7
5.4567664107536316E7
5.4820561045036316E7
5.5183867295036316E7
5.6800082420036316E7
5.7346451232536316E7
5.7964308732536316E7
5.7985842423942566E7
5.8018234619255066E7
5.9014921869255066E7
6.0029754931755066E7
6.002979279735947E7
6.011084813720322E7
6.021799012939072E7
6.056060794189072E7
6.062622304345322E7
6.186024454345322E7
6.204567813720322E7
6.431813288720322E7
6.438966252782822E7
6.495020602782822E7
6.4961983526851654E7
6.5350586808101654E7
6.5600077026851654E7
6.5694353347164154E7
6.6284205722164154E7
6.628950558446884E7
6.634110943407822E7
6.702131105907822E7
6.710236639892197E7
6.711704226708603E7
6.7120137942379E7
6.720960332128525E7
6.730815079003525E7
6.7401390114254E7
6.7471459004879E7
6.7944812067379E7
6.80617553720665E7
6.81113893720665E7
6.8218531364254E7
6.8302002504879E7
6.835296536816025E7
6.841430211816025E7
6.885268671191025E7
6.893055437597275E7
6.922561350097275E7
6.969807981347275E7
7.030330481347275E7
7.047084379784775E7
7.185485317284775E7
7.18690497158165E7
7.23646674658165E7
7.24188740283165E7
7.35872237783165E7
7.364726798534775E7
7.368278578808212E7
7.419432613183212E7
7.456707675683212E7
7.477926758495712E7
7.611451058495712E7
7.611810641747665E7
7.644481272997665E7
7.661080580810165E7
7.666084499560165E7
7.734104662060165E7
7.961350137060165E7
7.984143651122665E7
8.121999676122665E7
8.161397376122665E7
8.193002307372665E7
8.238471460497665E7
8.292050241747665E7
8.296646612060165E7
8.30074330151329E7
8.32742099526329E7
8.34877714370079E7
8.37002024682579E7
8.377450716747665E7
8.383445247997665E7
8.408052282372665E7
8.408449737035751E7
8.419485472973251E7
8.419895277880478E7
8.472544540380478E7
8.476816789403915E7
8.477011031542587E7
8.521091056542587E7
8.536241472167587E7
8.540780287401962E7
8.593712087401962E7
8.646301312401962E7
8.646702933813095E7
8.650627994164658E7
8.680627044164658E7
8.907872519164658E7
8.911900116430283E7
8.933119199242783E7
8.933603422094345E7
8.942823917406845E7
8.971745948656845E7
8.983473556469345E7
8.988589924242783E7
9.013499849242783E7
9.060715292992783E7
9.173897080492783E7
9.207837964867783E7
9.250721864867783E7
9.256842410180283E7
9.278501308617783E7
9.309559733617783E7
9.477824896117783E7
9.585898546117783E7
9.593206750805283E7
9.593895882934189E7
9.622794323559189E7
9.633036252465439E7
9.734633739965439E7
9.799679364965439E7
9.845250946215439E7
9.871351383715439E7
9.924009096215439E7
9.929041305981064E7
9.933078780970764E7
9.943034385658264E7
9.955987334095764E7
9.955991120804214E7
9.966418654397964E7
9.974583087991714E7
9.98067416572609E7
9.98668074072609E7
9.99256918994484E7
9.99632360713234E7
1.014330891963234E8
1.015603211416359E8
1.021535357666359E8
1.025152604541359E8
1.030217755791359E8
1.031299452666359E8
1.035846367978859E8
1.036518797588234E8
1.0365208507421112E8
1.0372545715624237E8
1.0373028603050995E8
1.0381438401488495E8
1.0419570120238495E8
1.0456845182738495E8
1.0475178365550995E8
1.0485515413988495E8
1.0489605671215057E8
1.0524680821215057E8
1.0751926296215057E8
1.0793462136840057E8
1.0850406974340057E8
1.1006216449340057E8
1.1031137688402557E8
1.1045891766527557E8
1.1046764855199432E8
1.1052939051683807E8
1.10529420808321E8
1.10594550511446E8
1.1063304123117256E8
1.1069042569796944E8
1.1088330976046944E8
1.1129960232296944E8
1.1169388526046944E8
1.1280977163546944E8
1.1292869362765694E8
1.1293154267209053E8
1.1350058667209053E8
1.1384701892209053E8
1.1446674367209053E8
1.144689889255085E8
1.146989630817585E8
1.147394079411335E8
1.149420780973835E8
1.155111220973835E8
1.1556865495285225E8
1.1587351364035225E8
1.1595138130441475E8
1.1603543475753975E8
1.160443400817585E8
1.162260222067585E8
1.163251741442585E8
1.1638321828097725E8
1.1648749361691475E8
1.1658941532785225E8
1.166477308942585E8
1.16706615386446E8
1.1680287459640694E8
1.1686808708281136E8
1.169291792898426E8
1.170464553679676E8
1.1706859666874886E8
1.1714443811406136E8
1.1730504439531136E8
1.1731383131962776E8
1.1748157342900276E8
1.1748158864453316E8
1.175391215000019E8
1.1753913679972553E8
1.1754116362833881E8
1.1754132295168781E8
1.1754678271096611E8
1.1754691747387505E8
1.1754706376139641E8
1.1776061732389641E8
1.1782237556217766E8
1.1783283307584953E8
1.1783497179618645E8
1.1783505236922264E8
1.1813807730672264E8
1.1819632059187889E8
1.181977234594326E8
1.183063063891201E8
1.198610852641201E8
1.201561443891201E8
1.2021367724458885E8
1.2027554768208885E8
1.2027566328682518E8
1.2028004362170982E8
1.2081109330920982E8
1.2088896097327232E8
1.209271597213192E8
1.2092880041340256E8
1.210244065735588E8
1.210858314329338E8
1.211699139329338E8
1.212871900110588E8
1.214264535735588E8
1.2148476913996506E8
1.2148961136848068E8
1.2150338787952805E8
1.2158581379359055E8
1.2158786422523117E8
1.2164539708069992E8
1.2164543543058777E8
1.2176046497746277E8
1.2311028135246277E8
1.2316781420793152E8
1.231914165262909E8
1.241453948387909E8
1.242871095575409E8
1.243583988778534E8
1.2435842160513687E8
1.2440484381998062E8
1.2441597810757828E8
1.2448242058023453E8
1.2448272834451675E8
1.2448275985964394E8
1.2448308904509926E8
1.2455933816228676E8
1.2462591928728676E8
1.2469882576384926E8
1.2479705978338051E8
1.2485459263884926E8
1.2485583427666664E8
1.2485609582467079E8
1.2488859831295204E8
1.2489153500631142E8
1.2489154260608721E8
1.2489845338050127E8
1.2489988880310869E8
1.2491643624451494E8
1.2495681010388994E8
1.2501752541248369E8
1.2501842228345537E8
1.2502797348315382E8
1.2550012792065382E8
1.2559213078784132E8
1.2564966364331007E8
1.2565159432470655E8
1.2565345964306593E8
1.2568174097802687E8
1.2581377457177687E8
1.2583485112255812E8
1.2589927038037062E8
1.2650963950537062E8
1.2651414441064405E8
1.2651419030203581E8
1.2658402634109831E8
1.2680121351297331E8
1.2710152079422331E8
1.2723509493484831E8
1.2723512522633123E8
1.2950757997633123E8
1.3106235885133123E8
1.3106404348158026E8
1.3125310991908026E8
1.3132380990931463E8
1.3141709706556463E8
1.3142053995203924E8
1.3142152970557928E8
1.3142276403712225E8
1.31435689376966E8
1.3152107860743475E8
1.3180138688868475E8
1.3180165884190798E8
1.3188766227940798E8
1.3188779450360537E8
1.3194532735907412E8
1.3421778210907412E8
1.3443625220282412E8
1.344385267250409E8
1.3444190992963076E8
1.344419543009267E8
1.345790503009267E8
1.348785755509267E8
1.3494851774111223E8
1.3507895663954973E8
1.3507921038794374E8
1.3518383699731874E8
1.3549442124731874E8
1.3552725088932276E8
1.3555194392658663E8
1.3576471602033663E8
1.3582554547736788E8
1.3582556216031504E8
1.3593662827750254E8
1.359587132286744E8
1.375049848536744E8
1.3760304113101816E8
1.3846764869351816E8
1.3860902650601816E8
1.3860904923330164E8
1.3860915772378778E8
1.3868287511441278E8
1.3874729437222528E8
1.3884000830581903E8
1.3884891363003778E8
1.3888198443472528E8
1.4115443918472528E8
1.4128970432535028E8
1.4128977405012608E8
1.4134730690559483E8
1.4239983703059483E8
1.4244607931965733E8
1.4247742722200108E8
1.4250855762825108E8
1.4360711700325108E8
1.436103142329874E8
1.436121881842432E8
1.437193749654932E8
1.4376683354264164E8
1.4377330816471195E8
1.4388437428189945E8
1.4427865721939945E8
1.4430167064511967E8
1.443022579733057E8
1.443830785670557E8
1.4445173558658695E8
1.445201868675623E8
1.446305068519373E8
1.4464666176990604E8
1.4592682889490604E8
1.4592998465808964E8
1.4593001405652523E8
1.4640000555652523E8
1.4649837050574398E8
1.4759692988074398E8
1.4760565585877132E8
1.4767856233533382E8
1.4775549295252132E8
1.4793717507752132E8
1.4803921806189632E8
1.4809811883533382E8
1.4824971689783382E8
1.4839115272595882E8
1.4849219058533382E8
1.4861222761658382E8
1.4867363381970882E8
1.5094608856970882E8
1.5095093079822445E8
1.5103931188416195E8
1.5331176663416195E8
1.5341635929822445E8
1.5371666657947445E8
1.537741994349432E8
1.538350289583807E8
1.539681722474432E8
1.5396819255408955E8
1.5396821528137302E8
1.5624067003137302E8
1.563091999171152E8
1.5630933093202305E8
1.5633585689100742E8
1.5633651557502842E8
1.5639716412190342E8
1.5757169449690342E8
1.5783482562190342E8
1.5793137791877842E8
1.5799298375080967E8
1.5805884117268467E8
1.6033129592268467E8
1.60331681480546E8
1.6038921433601475E8
1.6039157527717686E8
1.604508972585001E8
1.605099675944376E8
1.6051016635757542E8
1.6051484504077244E8
1.6051496998330784E8
1.6117398323330784E8
1.612008810751047E8
1.612632733773508E8
1.613184031927805E8
1.6135381075241184E8
1.6138789311270237E8
1.6146219781192112E8
1.6156043183145237E8
1.6158902168368626E8
1.6160820162637424E8
1.616366039584055E8
1.616597424427805E8
1.6165994510153294E8
1.616839866913767E8
1.6174487635934544E8
1.617450188412485E8
1.6174504913273144E8
1.6174506443245506E8
1.6182948751839256E8
1.6185730863558006E8
1.619185936707363E8
1.619590688426113E8
1.6198237261800194E8
1.620399054734707E8
1.6207564541869164E8
1.620756754864769E8
1.6212663162532425E8
1.621305268698311E8
1.6215080618623734E8
1.6215358545235062E8
1.6220665317500687E8
1.6221262777266312E8
1.6227897847969437E8
1.6229047417012405E8
1.6229195406148148E8
1.6231368497192E8
1.6231563903515244E8
1.623454892890587E8
1.632100968515587E8
1.6325296290086746E8
1.6333163147899246E8
1.6334666723140335E8
1.6343332862202835E8
1.6345278848921585E8
1.634764372899971E8
1.6349920366109085E8
1.6351159506245804E8
1.6352376267378616E8
1.6352502347774124E8
1.6352538437816238E8
1.6354580952659988E8
1.6362030243284988E8
1.6362305636937332E8
1.6369607721312332E8
1.6369876514354324E8
1.6369894234448624E8
1.637001774350624E8
1.640312660288124E8
1.654304400288124E8
1.654326583483925E8
1.654937237390175E8
1.6549381094374466E8
1.6553442446718216E8
1.6574710021718216E8
1.657876795101509E8
1.658491145414009E8
1.658981184945259E8
1.6593849604530716E8
1.6600016909218216E8
1.6600028537298965E8
1.660621254003334E8
1.660916260985756E8
1.662003302860756E8
1.662004560602913E8
1.6625800607005692E8
1.6648151763255692E8
1.664818355056038E8
1.66481856652874E8
1.665222366919365E8
1.6659833347660446E8
1.666395566652031E8
1.6663970878437424E8
1.6685189961249924E8
1.6685536406440353E8
1.6690383938908005E8
1.669648546117363E8
1.670350999632988E8
1.672480025257988E8
1.6730898252189255E8
1.6766840699064255E8
1.677087788851738E8
1.6771436887101364E8
1.6774461042570114E8
1.6774604584830856E8
1.677864777819023E8
1.678093529459648E8
1.678211693111992E8
1.6787058564518356E8
1.678708360677147E8
1.6790136821029282E8
1.679215557180748E8
1.6797269633916855E8
1.6797371880675888E8
1.6797382172590828E8
1.6821652783528328E8
1.6827755719465828E8
1.6832016660090828E8
1.6838178033528328E8
1.6838192272963142E8
1.6844336376088142E8
1.6871705129213142E8
1.6871940989564705E8
1.6874288869447517E8
1.6883920074135017E8
1.6900543705385017E8
1.6900548008379173E8
1.6900621052831078E8
1.690296893271389E8
1.690701644990139E8
1.691307978037014E8
1.691918472880764E8
1.692199812538967E8
1.6928532038280296E8
1.6931217921092796E8
1.6944625417967796E8
1.6950783274999046E8
1.695313115488186E8
1.6955142838951683E8
1.6955524020641136E8
1.6961519304039574E8
1.6967682318883324E8
1.6989052706383324E8
1.7000812657945824E8
1.700230951273098E8
1.7002505316710472E8
1.7011705603429222E8
1.7011710638268852E8
1.7011711433696032E8
1.7017464719242907E8
1.7021527661430407E8
1.7021559419535875E8
1.7027349999223375E8
1.7032186656547594E8
1.703622702256322E8
1.7038032957914782E8
1.7038308351567125E8
1.7040756180229235E8
1.7040757696729612E8
1.7046909129151487E8
1.7050946342823362E8
1.7055846738135862E8
1.7057111406006956E8
1.7064413532374144E8
1.706443314629016E8
1.706443769320979E8
1.706827226227107E8
1.707041291383357E8
1.707749369273982E8
1.708761713180232E8
1.709371575523982E8
1.710523090992732E8
1.7105269810729933E8
1.7109335313073683E8
1.7132271391198683E8
1.7132523234558058E8
1.713735461395259E8
1.7142523870678663E8
1.7163824281616163E8
1.7170009367553663E8
1.7170033274696302E8
1.7176194825477552E8
1.7176395120008802E8
1.7176414959178114E8
1.7183518664646864E8
1.7194773545896864E8
1.7200885290428114E8
1.7208221286521864E8
1.7218994304490614E8
1.7281152029490614E8
1.728726357441249E8
1.7287392263072157E8
1.7293223910728407E8
1.7299413925572157E8
1.7331493806822157E8
1.7331938150035048E8
1.7338088944566298E8
1.7354726788316298E8
1.7358784717613173E8
1.7370112019175673E8
1.7387034675425673E8
1.7393107846910048E8
1.7399282914097548E8
1.7405369210191298E8
1.7442905991441298E8
1.7448973855894423E8
1.7453234796519423E8
1.7459409272300673E8
1.7465943185191298E8
1.7471496517652845E8
1.7494367370777845E8
1.750046591648097E8
1.7506526385621595E8
1.751265872194972E8
1.7518764941090345E8
1.7518842438783216E8
1.7532615876283216E8
1.7536653545814466E8
1.7556334759876966E8
1.7566529311439466E8
1.7582413489564466E8
1.7594801303626966E8
1.7595376683851576E8
1.7600480477406263E8
1.7610817525843763E8
1.7619955939515638E8
1.7627258023890638E8
1.7633337597718763E8
1.7639430111390638E8
1.7645607268421888E8
1.7784447343421888E8
1.7784499062318373E8
1.7798442351380873E8
1.7806059249818373E8
1.7812229585755873E8
1.7816266767396498E8
1.7822410270521498E8
1.7836768959583998E8
1.783689613708644E8
1.7836897018561125E8
1.7852481473248625E8
1.7873816848248625E8
1.7890694806061125E8
1.7894722454498625E8
1.790082123926425E8
1.795463199551425E8
1.79607598369205E8
1.79786064181705E8
1.7984697495904875E8
1.798873545645175E8
1.800832647832675E8
1.801071480850253E8
1.801735982178378E8
1.803364365928378E8
1.80336594201221E8
1.8039786568168974E8
1.804588309277835E8
1.80527618826221E8
1.8058853679887724E8
1.806499908184085E8
1.80753955373096E8
1.80857278326221E8
1.8095206925126982E8
1.8101267394267607E8
1.8107421835283232E8
1.8124066419658232E8
1.8143328935283232E8
1.8149082220830107E8
1.8155165088017607E8
1.8161254772783232E8
1.8167393574345732E8
1.8173610912626982E8
1.8188801562626982E8
1.8208894525126982E8
1.8208916065127134E8
1.8221136232314634E8
1.8223175977090025E8
1.82293228860744E8
1.82616079891994E8
1.82738404610744E8
1.82901160688869E8
1.82999007657619E8
1.830486396966815E8
1.831100042123065E8
1.832889067748065E8
1.833506602748065E8
1.834122242904315E8
1.8341340661989927E8
1.8348363866677427E8
1.8352401950271177E8
1.8368931629958677E8
1.8382772844021177E8
1.8397139615896177E8
1.8415313073708677E8
1.8419350260036802E8
1.8425781735036802E8
1.8555131722536802E8
1.8561197079177427E8
1.8590597460427427E8
1.8594634738161802E8
1.8610242797536802E8
1.8616329635818052E8
1.8618369380593443E8
1.8636645739968443E8
1.8651954889968443E8
1.8668647902468443E8
1.8679044357937193E8
1.8685202525515318E8
1.8691339716140318E8
1.8745150472390318E8
1.8878674772390318E8
1.8884841000124693E8
1.8890939545827818E8
1.8905777130202818E8
1.8920409194265318E8
1.8924470057937193E8
1.8932201435280943E8
1.8936297381765318E8
1.8942722975124693E8
1.8955926334499693E8
1.8962071736452818E8
1.8979407117702818E8
1.8985517199734068E8
1.898750888293109E8
1.900150802980609E8
1.900765745168109E8
1.901378934699359E8
1.902454256418109E8
1.9028584608321714E8
1.903474854855609E8
1.9045150950802183E8
1.9056405832052183E8
1.905649650971942E8
1.906053980425067E8
1.907975286050067E8
1.9085913522610044E8
1.9092003580422544E8
1.909808062065692E8
1.9098170238808775E8
1.9146056795058775E8
1.91498685360744E8
1.916057322279315E8
1.917862404779315E8
1.9184803347402525E8
1.9202686506777525E8
1.92067143704494E8
1.92231612595119E8
1.92376520454494E8
1.9243757655215025E8
1.9259511041152525E8
1.9265686356777525E8
1.926581247699237E8
1.928344857699237E8
1.932013068636737E8
1.9324188615664244E8
1.9336408782851744E8
1.9346532221914244E8
1.9352631590664244E8
1.935879553089862E8
1.937552719339862E8
1.938166610824237E8
1.938166777642188E8
1.940304331704688E8
1.941482162329688E8
1.942091866079688E8
1.9420921033986998E8
1.9441433858986998E8
1.9456624508986998E8
1.9466594479299498E8
1.9472772383596373E8
1.9476810120705748E8
1.9480848577736998E8
1.9502215333986998E8
1.9506378744143248E8
1.9527693473830748E8
1.9533879810549498E8
1.9548119423049498E8
1.9561051294143248E8
1.9567143807815123E8
1.9587971650002623E8
1.9602301385940123E8
1.9608359186721373E8
1.9612938787893248E8
1.9629266026955748E8
1.9649170541018248E8
1.9784037953518248E8
1.9790157453518248E8
1.9796296853908873E8
1.9808696021877623E8
1.9825604498440123E8
1.9842741320315123E8
1.9981581395315123E8
1.9997309354690123E8
2.0003378759377623E8
2.0139838846877623E8
2.0144740225979185E8
2.0282569663479185E8
2.0286330845266294E8
2.0303029748391294E8
2.0303318496035337E8
2.0319026167910337E8
2.0337001174160337E8
2.0343082835097837E8
2.0359513669472837E8
2.0375475585097837E8
2.0380203504873228E8
2.0383686968154478E8
2.0389469014638853E8
2.038964463681903E8
2.052316893681903E8
2.053474102666278E8
2.054957861103778E8
2.055686925869403E8
2.058616486806903E8
2.060189282744403E8
2.060975968525653E8
2.0612909863967466E8
2.0620200511623716E8
2.0689711117873716E8
2.0699149517873716E8
2.0717570058498716E8
2.071978914430194E8
2.0721838526430845E8
2.0729140610805845E8
2.0765061085805845E8
2.0765344710927916E8
2.0784841598427916E8
2.0793937778115416E8
2.0818383237490416E8
2.0835305893740416E8
2.0842922792177916E8
2.0850615853896666E8
2.0867390064834166E8
2.0879023703115416E8
2.0879025886864996E8
2.0900451464989996E8
2.0920132288427496E8
2.0932477329052496E8
2.0971189719677496E8
2.0985779033739996E8
2.0997464929833746E8
2.1005081828271246E8
2.1029352439208746E8
2.1037045500927496E8
2.1052753172802496E8
2.1060865148583746E8
2.1082174020458746E8
2.1097937672021246E8
2.1105932159521246E8
2.1119703565771246E8
2.1134121625146246E8
2.1151258447021246E8
2.1159681750146246E8
2.11663454052732E8
2.11736474896482E8
2.11809495740232E8
2.118824022167945E8
2.119059223286109E8
2.1197191195165777E8
2.1205058052978277E8
2.1249941677978277E8
2.1256023338915777E8
2.1387403238915777E8
2.1395125310790777E8
2.1402208441259527E8
2.1415360316259527E8
2.1423053377978277E8
2.1440522577978277E8
2.1442129033447027E8
2.1445883450634527E8
2.1460905042822027E8
2.1472122489697027E8
2.1479790410790777E8
2.1490471956884527E8
2.1498088855322027E8
2.1519446902197027E8
2.1519448468138933E8
2.1537353611888933E8
2.1554332252513933E8
2.1561634336888933E8
2.1568529565209246E8
2.1578363998802996E8
2.1599636930052996E8
2.1599696063622332E8
2.1614178013622332E8
2.1623398294872332E8
2.162819647839284E8
2.163743098151784E8
2.164776802995534E8
2.166467650651784E8
2.167085535417409E8
2.168238487604909E8
2.168967552370534E8
2.1695773523314714E8
2.1756879254564714E8
2.1763036322533464E8
2.1774699514720964E8
2.1803621545970964E8
2.1832093267845964E8
2.1845137157689714E8
2.1853004015502214E8
2.1860620913939714E8
2.1868342985814714E8
2.1903256995189714E8
2.1903280011959124E8
2.1903285785471773E8
2.1911885879221773E8
2.1947828266721773E8
2.1954856091721773E8
2.1980719302659273E8
2.1988021387034273E8
2.1999684487034273E8
2.2011576885471773E8
2.2023237638596773E8
2.2158502526096773E8
2.2161570994846773E8
2.2174155890159273E8
2.2192765968284273E8
2.2326152543284273E8
2.2344845672971773E8
2.2355254751096773E8
2.2371018402659273E8
2.2380152640940523E8
2.2387769539378023E8
2.2401640033128023E8
2.2401650898478365E8
2.241201519340024E8
2.241988205121274E8
2.242842371918149E8
2.2428426748329782E8
2.2435717395986032E8
2.2456564333486032E8
2.2467670945204782E8
2.2475393017079782E8
2.247546682221284E8
2.248872164721284E8
2.2491471392720652E8
2.2622314217720652E8
2.2650501430220652E8
2.2658223502095652E8
2.2673414152095652E8
2.2686794103658152E8
2.2694487165376902E8
2.2703329234126902E8
2.2707826784517527E8
2.2729062112642527E8
2.2740005051705027E8
2.2747621950142527E8
2.2758564889205027E8
2.2771710854830027E8
2.2792983786080027E8
2.2809621629830027E8
2.2815767073189402E8
2.2819804350923777E8
2.2831037711080027E8
2.2838099327486277E8
2.2855604161861277E8
2.285781265893159E8
2.287221415268159E8
2.287221793939004E8
2.2875316858579493E8
2.2876722899399805E8
2.2901168358774805E8
2.2920884779087305E8
2.2928501677524805E8
2.293089073104043E8
2.304296593104043E8
2.305921326697793E8
2.306690632869668E8
2.308551640682168E8
2.310512817557168E8
2.311971748963418E8
2.313438779275918E8
2.314793675525918E8
2.315580361307168E8
2.317676325682168E8
2.319605669275918E8
2.320510406463418E8
2.321240614900918E8
2.323369793025918E8
2.325392073650918E8
2.326161379822793E8
2.327154528494668E8
2.328809298963418E8
2.333278348963418E8
2.346779700213418E8
2.347813867479043E8
2.349303707947793E8
2.351222767635293E8
2.3517774682016993E8
2.3546533132016993E8
2.3569399005454493E8
2.3579021733579493E8
2.3617734124204493E8
2.3629729414829493E8
2.3637346313266993E8
2.3657904308579493E8
2.3668074554673243E8
2.3697777373423243E8
2.3705644231235743E8
2.3715975102329493E8
2.37161350539042E8
2.3716275652390528E8
2.3723359039109278E8
2.3730975937546778E8
2.373209769189248E8
2.374784797707162E8
2.3752297805587244E8
2.3758217620085E8
2.37660844778975E8
2.3766399169480944E8
2.3773886972605944E8
2.3781017608543444E8
2.378253476147313E8
2.3783795254832506E8
2.3790733594676256E8
2.3798624914988756E8
2.3803981799026155E8
2.380590516191678E8
2.380876262754178E8
2.381645568926053E8
2.381933748877225E8
2.386009839502225E8
2.3860873028518343E8
2.3870594423830843E8
2.3993023048830843E8
2.4011566408205843E8
2.4013568547658968E8
2.4020589934377718E8
2.4027892018752718E8
2.4039887309377718E8
2.4042166904494905E8
2.4049859966213655E8
2.4050112367995882E8
2.405417807326932E8
2.406128177873807E8
2.406853962014432E8
2.407626169201932E8
2.408355233967557E8
2.410148168030057E8
2.410934853811307E8
2.411328959045682E8
2.423132957795682E8
2.423841880061307E8
2.424548402795682E8
2.425317708967557E8
2.426080204905057E8
2.426080713651929E8
2.426090784756055E8
2.4263557519044924E8
2.4263841144166994E8
2.4269907214479494E8
2.4276931747291994E8
2.4282744218385744E8
2.4286044531666994E8
2.4291213563405275E8
2.429264063596387E8
2.4294215067409182E8
2.4295790190846682E8
2.4302815018971682E8
2.4329804240846682E8
2.4337094888502932E8
2.4343280992018557E8
2.4350343187331057E8
2.4360560897487307E8
2.4368177795924807E8
2.436837283768506E8
2.441811264393506E8
2.4419946959364748E8
2.4426971787489748E8
2.4434664849208498E8
2.4441955496864748E8
2.444491367987256E8
2.445278053768506E8
2.447568600956006E8
2.448297665721631E8
2.449003504393506E8
2.449775711581006E8
2.450477653221631E8
2.452602782440381E8
2.453316641346631E8
2.4533357750673342E8
2.4539421918056154E8
2.4546945020399904E8
2.4549293954774904E8
2.4570667395399904E8
2.4579228690712404E8
2.4579303024440432E8
2.457930381986761E8
2.458643427533636E8
2.459405117377386E8
2.4595171411298275E8
2.459525822017889E8
2.459568413297186E8
2.460630759977789E8
2.461333212946539E8
2.462268653102789E8
2.462270140569067E8
2.463203354475317E8
2.463801868408842E8
2.466538743721342E8
2.4665911943609905E8
2.4672971938141155E8
2.467700916821928E8
2.467702654341154E8
2.468489340122404E8
2.473754266372404E8
2.474460235356779E8
2.475191055825529E8
2.475751477417326E8
2.4761353445657635E8
2.4767004654251385E8
2.4774871512063885E8
2.477860080698576E8
2.4783145456955242E8
2.4783648917209148E8
2.4790706264084148E8
2.479222281427946E8
2.4798242566818523E8
2.4802299865256023E8
2.4808906967209148E8
2.4812686526193523E8
2.4813888134689617E8
2.4816667116183758E8
2.4826536272433758E8
2.4832685563449383E8
2.4849563521261883E8
2.4865878396261883E8
2.4870672991183758E8
2.487105654858122E8
2.498909653608122E8
2.499681860795622E8
2.4999243971664715E8
2.5007365263070965E8
2.500978201658659E8
2.501687230721159E8
2.5023022083969402E8
2.5024596515414715E8
2.5029903897445965E8
2.5037007602914715E8
2.5039321271078777E8
2.5040191767026043E8
2.5047295472494793E8
2.5055186792807293E8
2.5055281165017986E8
2.505581106233244E8
2.506310170998869E8
2.506669551957121E8
2.508792007113371E8
2.509309174535246E8
2.5102445451993084E8
2.5109736099649334E8
2.510998794300871E8
2.512376701429777E8
2.516247940492277E8
2.516949067054777E8
2.517659437601652E8
2.518365441117277E8
2.519067894086027E8
2.5196770018594646E8
2.519844711940031E8
2.520614018111906E8
2.528033224986906E8
2.529081006705656E8
2.529842696549406E8
2.5303758778872967E8
2.5303831456546307E8
2.5359885806546307E8
2.5371580137015057E8
2.5374963073343182E8
2.5386235274905682E8
2.5393537359280682E8
2.5393610960879803E8
2.5401620415567303E8
2.5420163774942303E8
2.5427465859317303E8
2.5434756506973553E8
2.5442373405411053E8
2.5442636213760662E8
2.5458220668448162E8
2.5484779812198162E8
2.5493621880948162E8
2.5509398684073162E8
2.5519857950479412E8
2.5526932565323162E8
2.5534654637198162E8
2.5542833933291912E8
2.5545141862912846E8
2.5594583562912846E8
2.559647690080347E8
2.562629166955347E8
2.563401374142847E8
2.5640094176975346E8
2.5661435981662846E8
2.5668652644162846E8
2.5676519501975346E8
2.5684136400412846E8
2.5688441856760502E8
2.5709856561448002E8
2.5716960266916752E8
2.5723069957932377E8
2.5744444123557377E8
2.574509812975855E8
2.574668271882105E8
2.57518880508523E8
2.5756461612180424E8
2.57588299336648E8
2.5766333586728764E8
2.5766360058985233E8
2.5767998766016483E8
2.5774147120313358E8
2.5781358365625858E8
2.5787412685157108E8
2.578821613823328E8
2.579638011010828E8
2.579810405493269E8
2.580906418017683E8
2.582509188486433E8
2.584644590361433E8
2.585366493486433E8
2.5855097227457714E8
2.586038073019209E8
2.586050342455244E8
2.5864468983536816E8
2.5866189863150787E8
2.586619171386547E8
2.587508150761547E8
2.5878893248631096E8
2.5879071284336662E8
2.588072503818407E8
2.588073991284685E8
2.590199014878435E8
2.590200027937212E8
2.5906561573512745E8
2.5908544899867725E8
2.591299472838335E8
2.5916240622328663E8
2.591666791095171E8
2.593800474688921E8
2.594800878751421E8
2.595835404142046E8
2.5975789127870655E8
2.5976750114101124E8
2.597826656029253E8
2.597870285350542E8
2.5979160682289314E8
2.598682885766468E8
2.5986209434462166E8
2.599239981688404E8
2.5995354754579353E8
2.6002676485048103E8
2.6010543342860603E8
2.6012646799598885E8
2.6019537691786385E8
2.6021975913368416E8
2.6023486602235603E8
2.6024016588466072E8
2.6024020378056908E8
2.6025282812163353E8
2.6026590097647285E8
2.6026592421951294E8
2.6026817008059692E8
2.602906512986145E8
2.6029137444232178E8
2.6030231659490967E8
2.6051490814178467E8
2.6051854889569092E8
2.6051895245303345E8
2.6052418414883423E8
2.6052425792325592E8
2.6062512607950592E8
2.6066666082950592E8
2.6073334035294342E8
2.6080358564981842E8
2.6080386644412994E8
2.608283463308487E8
2.6087041345460892E8
2.6087988013527298E8
2.6210416638527298E8
2.6222079830714798E8
2.6222889393556595E8
2.6223622359669876E8
2.6225289765919876E8
2.6225348843629837E8
2.6231008920973587E8
2.6237890764723587E8
2.6238069657081985E8
2.624379340044136E8
2.624671716552925E8
2.6247645306251907E8
2.6255049538283157E8
2.6262658191408157E8
2.6268135063673782E8
2.6273816548048782E8
2.6310241616798782E8
2.6310261455968094E8
2.6321700303624344E8
2.6327777366124344E8
2.6332578223155594E8
2.6332729054271317E8
2.6333356712706375E8
2.6377127097081375E8
2.637715521495247E8
2.6377648238438797E8
2.6383275166173172E8
2.6388245085313797E8
2.6388688812511063E8
2.6389464999766922E8
2.6389517585808182E8
2.6389526601720047E8
2.6392762974180984E8
2.6397967273204422E8
2.6410959033919907E8
2.6413206433724594E8
2.641325902588768E8
2.643454293526268E8
2.6435181121154785E8
2.643871270435791E8
2.654284947310791E8
2.655011967467041E8
2.6550130781192017E8
2.6550923760134888E8
2.6560453672634888E8
2.6573633519509888E8
2.6580722701541138E8
2.6582408488638306E8
2.6589699136294556E8
2.6594478721450806E8
2.6601311535513306E8
2.6608415240982056E8
2.6615474616763306E8
2.6640122532388306E8
2.664629412418518E8
2.665162864618225E8
2.6653304324502563E8
2.6661035947734642E8
2.6666701830156517E8
2.6671319492925072E8
2.6692708224175072E8
2.6695088266362572E8
2.6695845262602806E8
2.6727239896977806E8
2.672725038376522E8
2.673520160173397E8
2.674195527048397E8
2.674628986110897E8
2.6748032997632408E8
2.6748723330249596E8
2.6755783565405846E8
2.6762808098218346E8
2.6765470364429283E8
2.6772864574585533E8
2.6779729415991783E8
2.6781552231032372E8
2.6792495170094872E8
2.6798561090407372E8
2.6798744531750298E8
2.6803770076672173E8
2.6808671815734673E8
2.6809650814562798E8
2.6813959807531548E8
2.681413030854473E8
2.682966397495098E8
2.6830405293261528E8
2.6830771452758598E8
2.6833344177563286E8
2.6835119650500298E8
2.6835441871276665E8
2.683882480760479E8
2.690287468885479E8
2.690620532635479E8
2.6906391771813774E8
2.691066487298565E8
2.691070636255169E8
2.692085812973919E8
2.6924895866848564E8
2.6931967359036064E8
2.6931983001833916E8
2.6933449339919853E8
2.6939632086794853E8
2.6939701282662773E8
2.69398586743742E8
2.6939873400385857E8
2.6946938627729607E8
2.6951608952534294E8
2.6955981524812126E8
2.6963062259187126E8
2.6971474747468376E8
2.6972149035108757E8
2.6972704071583366E8
2.697427850302868E8
2.6978318869044304E8
