0.0
421141.3125
634658.015625
1081563.015625
1122385.30859375
1335272.68359375
1548550.07421875
1552485.3911132812
2006634.3286132812
2052390.2661132812
2265340.0161132812
2479002.4067382812
2519382.1801757812
2547093.247192383
2735032.8538513184
2947672.8226013184
3020780.8147888184
3626005.8147888184
3636244.274749756
4275473.337249756
4509458.055999756
4723361.540374756
5358559.102874756
5427347.001312256
5640296.751312256
5659418.819671631
5797812.897796631
6011568.304046631
6224847.522796631
6284198.120452881
6903922.870452881
6952804.026702881
6955063.675811768
7184424.457061768
7307513.449249268
7536874.230499268
7749232.511749268
7827901.089874268
8132634.652374268
8203220.300811768
8270622.488311768
8562289.019561768
9054577.175811768
9300647.519561768
9893862.144561768
1.0483471144561768E7
1.0937620082061768E7
1.1059525030303955E7
1.1120154268585205E7
1.1273658034210205E7
1.1486030315460205E7
1.1749161440460205E7
1.1789766881866455E7
1.2016877553741455E7
1.2584704553741455E7
1.2584735391813278E7
1.2676600649625778E7
1.2935025712125778E7
1.2955533632047653E7
1.296763044924736E7
1.352905544924736E7
1.387167326174736E7
1.393299453909111E7
1.408557607815361E7
1.423345006252861E7
1.438494728127861E7
1.457069456252861E7
1.481982121877861E7
1.499351862502861E7
1.509460543752861E7
1.515528586330986E7
1.5167259497098923E7
1.5447569278348923E7
1.5509288985380173E7
1.5524653033231735E7
1.5738187501981735E7
1.5792813622098923E7
1.6005416481473923E7
1.6319097168973923E7
1.6784420981473923E7
1.6845589489286423E7
1.7172457551786423E7
1.7498482676786423E7
1.7732467395536423E7
1.7892211614286423E7
1.8105765176786423E7
1.8318607520536423E7
1.832236951125908E7
1.862400516750908E7
1.899379238625908E7
1.965460076125908E7
1.9654638628343582E7
2.0332945565843582E7
2.0993782753343582E7
2.1618742565843582E7
2.1724264690843582E7
2.2190351409593582E7
2.2369402847093582E7
2.2838550659593582E7
2.3051654393968582E7
2.305203553019905E7
2.343630628019905E7
2.351127517863655E7
2.396355995988655E7
2.417657788176155E7
2.418089635783577E7
2.426502221721077E7
2.467828606096077E7
2.489195362346077E7
2.526898715471077E7
2.540178496721077E7
2.561411307658577E7
2.623198726408577E7
2.632352565471077E7
2.639432331877327E7
2.660701906877327E7
2.724057881877327E7
2.745348338127327E7
2.786977594377327E7
2.7911892371019363E7
2.8124790074144363E7
2.8196063042894363E7
2.8826501292894363E7
2.8827949797533035E7
2.9040711735033035E7
2.9456683422533035E7
2.9456715267471313E7
2.9575637259658813E7
3.0217444259658813E7
3.0298849931533813E7
3.0512669509658813E7
3.1048048947158813E7
3.1682701697158813E7
3.1895805431533813E7
3.2329631775283813E7
3.2542425228408813E7
3.3080532790908813E7
3.3144416689346313E7
3.3357459736221313E7
3.3357585503616333E7
3.356991361299133E7
3.378260687861633E7
3.383503212080383E7
3.451609474580383E7
3.472823593330383E7
3.502776118330383E7
3.510940090205383E7
3.5152335516311646E7
3.5189488922561646E7
3.5402865547561646E7
3.5616171375686646E7
3.5640120879592896E7
3.5929010410842896E7
3.593784813252258E7
3.617775013371277E7
3.625077097746277E7
3.646431466496277E7
3.648165546769714E7
3.659201282707214E7
3.687959732707214E7
3.697677240519714E7
3.747417046769714E7
3.779753181144714E7
3.828242049894714E7
3.838100562394714E7
3.859427020207214E7
3.874093865519714E7
3.923656190519714E7
3.939283587394714E7
3.973545368644714E7
3.994912124894714E7
4.030854571769714E7
4.035393387004089E7
4.056653822941589E7
4.118609847941589E7
4.188385866691589E7
4.415631341691589E7
4.437872876066589E7
4.444016134660339E7
4.444221432009888E7
4.465608061697388E7
4.525624411697388E7
4.546925341384888E7
4.571717208572388E7
4.627811558572388E7
4.649080885134888E7
4.670359857009888E7
4.675878137088013E7
4.691659173806763E7
4.6931404147247314E7
4.6992912092559814E7
4.7205705545684814E7
4.7424217858184814E7
4.7715265014434814E7
4.777493616824341E7
4.784671555105591E7
4.7882920087085724E7
4.7943908044116974E7
4.8164275669116974E7
4.8521014856616974E7
5.0223965606616974E7
5.0331860419116974E7
5.0464536934741974E7
5.0757033934741974E7
5.076553892204666E7
5.094152419823074E7
5.140073888573074E7
5.145071815135574E7
5.181185443260574E7
5.224202558885574E7
5.373226283885574E7
5.379014986815262E7
5.3791459824085236E7
5.3851290632678986E7
5.3851328498283386E7
5.3968187459220886E7
5.4014690052970886E7
5.4483840865470886E7
5.449619666808319E7
5.4505891670036316E7
5.4567664107536316E7
5.4820561045036316E7
5.5183867295036316E7
5.6800082420036316E7
5.7346451232536316E7
5.7964308732536316E7
5.7985842423942566E7
5.8018234619255066E7
5.9014921869255066E7
6.0029754931755066E7
6.002979279735947E7
6.011084813720322E7
6.021799012939072E7
6.056060794189072E7
6.062622304345322E7
6.186024454345322E7
6.204567813720322E7
6.431813288720322E7
6.438966252782822E7
6.495020602782822E7
6.4961983526851654E7
6.5350586808101654E7
6.5600077026851654E7
6.5694353347164154E7
6.6284205722164154E7
6.628950558446884E7
6.634110943407822E7
6.702131105907822E7
6.710236639892197E7
6.711704226708603E7
6.7120137942379E7
6.720960332128525E7
6.730815079003525E7
6.7401390114254E7
6.7471459004879E7
6.7944812067379E7
6.80617553720665E7
6.81113893720665E7
6.8218531364254E7
6.8302002504879E7
6.835296536816025E7
6.841430211816025E7
6.885268671191025E7
6.893055437597275E7
6.922561350097275E7
6.969807981347275E7
7.030330481347275E7
7.047084379784775E7
7.185485317284775E7
7.18690497158165E7
7.23646674658165E7
7.24188740283165E7
7.35872237783165E7
7.364726798534775E7
7.368278578808212E7
7.419432613183212E7
7.456707675683212E7
7.477926758495712E7
7.611451058495712E7
7.611810641747665E7
7.644481272997665E7
7.661080580810165E7
7.666084499560165E7
7.734104662060165E7
7.961350137060165E7
7.984143651122665E7
8.121999676122665E7
8.161397376122665E7
8.193002307372665E7
8.238471460497665E7
8.292050241747665E7
8.296646612060165E7
8.30074330151329E7
8.32742099526329E7
8.34877714370079E7
8.37002024682579E7
8.377450716747665E7
8.383445247997665E7
8.408052282372665E7
8.408449737035751E7
8.419485472973251E7
8.419895277880478E7
8.472544540380478E7
8.476816789403915E7
8.477011031542587E7
8.521091056542587E7
8.536241472167587E7
8.540780287401962E7
8.593712087401962E7
8.646301312401962E7
8.646702933813095E7
8.650627994164658E7
8.680627044164658E7
8.907872519164658E7
8.911900116430283E7
8.933119199242783E7
8.933603422094345E7
8.942823917406845E7
8.971745948656845E7
8.983473556469345E7
8.988589924242783E7
9.013499849242783E7
9.060715292992783E7
9.173897080492783E7
9.207837964867783E7
9.250721864867783E7
9.256842410180283E7
9.278501308617783E7
9.309559733617783E7
9.477824896117783E7
9.585898546117783E7
9.593206750805283E7
9.593895882934189E7
9.622794323559189E7
9.633036252465439E7
9.734633739965439E7
9.799679364965439E7
9.845250946215439E7
9.871351383715439E7
9.924009096215439E7
9.929041305981064E7
9.933078780970764E7
9.943034385658264E7
9.955987334095764E7
9.955991120804214E7
9.966418654397964E7
9.974583087991714E7
9.98067416572609E7
9.98668074072609E7
9.99256918994484E7
9.99632360713234E7
1.014330891963234E8
1.015603211416359E8
1.021535357666359E8
1.025152604541359E8
1.030217755791359E8
1.031299452666359E8
1.035846367978859E8
1.036518797588234E8
1.0365208507421112E8
1.0372545715624237E8
1.0373028603050995E8
1.0381438401488495E8
1.0419570120238495E8
1.0456845182738495E8
1.0475178365550995E8
1.0485515413988495E8
1.0489605671215057E8
1.0524680821215057E8
1.0751926296215057E8
1.0793462136840057E8
1.0850406974340057E8
1.1006216449340057E8
1.1031137688402557E8
1.1045891766527557E8
1.1046764855199432E8
1.1052939051683807E8
1.10529420808321E8
1.10594550511446E8
1.1063304123117256E8
1.1069042569796944E8
1.1088330976046944E8
1.1129960232296944E8
1.1169388526046944E8
1.1280977163546944E8
1.1292869362765694E8
1.1293154267209053E8
1.1350058667209053E8
1.1384701892209053E8
1.1446674367209053E8
1.144689889255085E8
1.146989630817585E8
1.147394079411335E8
1.149420780973835E8
1.155111220973835E8
1.1556865495285225E8
1.1587351364035225E8
1.1595138130441475E8
1.1603543475753975E8
1.160443400817585E8
1.162260222067585E8
1.163251741442585E8
1.1638321828097725E8
1.1648749361691475E8
1.1658941532785225E8
1.166477308942585E8
1.16706615386446E8
1.1680287459640694E8
1.1686808708281136E8
1.169291792898426E8
1.170464553679676E8
1.1706859666874886E8
1.1714443811406136E8
1.1730504439531136E8
1.1731383131962776E8
1.1748157342900276E8
1.1748158864453316E8
1.175391215000019E8
1.1753913679972553E8
1.1754116362833881E8
1.1754132295168781E8
1.1754678271096611E8
1.1754691747387505E8
1.1754706376139641E8
1.1776061732389641E8
1.1782237556217766E8
1.1783283307584953E8
1.1783497179618645E8
1.1783505236922264E8
1.1813807730672264E8
1.1819632059187889E8
1.181977234594326E8
1.183063063891201E8
1.198610852641201E8
1.201561443891201E8
1.2021367724458885E8
1.2027554768208885E8
1.2027566328682518E8
1.2028004362170982E8
1.2081109330920982E8
1.2088896097327232E8
1.209271597213192E8
1.2092880041340256E8
1.210244065735588E8
1.210858314329338E8
1.211699139329338E8
1.212871900110588E8
1.214264535735588E8
1.2148476913996506E8
1.2148961136848068E8
1.2150338787952805E8
1.2158581379359055E8
1.2158786422523117E8
1.2164539708069992E8
1.2164543543058777E8
1.2176046497746277E8
1.2311028135246277E8
1.2316781420793152E8
1.231914165262909E8
1.241453948387909E8
1.242871095575409E8
1.243583988778534E8
1.2435842160513687E8
1.2440484381998062E8
1.2441597810757828E8
1.2448242058023453E8
1.2448272834451675E8
1.2448275985964394E8
1.2448308904509926E8
1.2455933816228676E8
1.2462591928728676E8
1.2469882576384926E8
1.2479705978338051E8
1.2485459263884926E8
1.2485583427666664E8
1.2485609582467079E8
1.2488859831295204E8
1.2489153500631142E8
1.2489154260608721E8
1.2489845338050127E8
1.2489988880310869E8
1.2491643624451494E8
1.2495681010388994E8
1.2501752541248369E8
1.2501842228345537E8
1.2502797348315382E8
1.2550012792065382E8
1.2559213078784132E8
1.2564966364331007E8
1.2565159432470655E8
1.2565345964306593E8
1.2568174097802687E8
1.2581377457177687E8
1.2583485112255812E8
1.2589927038037062E8
1.2650963950537062E8
1.2651414441064405E8
1.2651419030203581E8
1.2658402634109831E8
1.2680121351297331E8
1.2710152079422331E8
1.2723509493484831E8
1.2723512522633123E8
1.2950757997633123E8
1.3106235885133123E8
1.3106404348158026E8
1.3125310991908026E8
1.3132380990931463E8
1.3141709706556463E8
1.3142053995203924E8
1.3142152970557928E8
1.3142276403712225E8
1.31435689376966E8
1.3152107860743475E8
1.3180138688868475E8
1.3180165884190798E8
1.3188766227940798E8
1.3188779450360537E8
1.3194532735907412E8
1.3421778210907412E8
1.3443625220282412E8
1.344385267250409E8
1.3444190992963076E8
1.344419543009267E8
1.345790503009267E8
1.348785755509267E8
1.3494851774111223E8
1.3507895663954973E8
1.3507921038794374E8
1.3518383699731874E8
1.3549442124731874E8
1.3552725088932276E8
1.3555194392658663E8
1.3576471602033663E8
1.3582554547736788E8
1.3582556216031504E8
1.3593662827750254E8
1.359587132286744E8
1.375049848536744E8
1.3760304113101816E8
1.3846764869351816E8
1.3860902650601816E8
1.3860904923330164E8
1.3860915772378778E8
1.3868287511441278E8
1.3874729437222528E8
1.3884000830581903E8
1.3884891363003778E8
1.3888198443472528E8
1.4115443918472528E8
1.4128970432535028E8
1.4128977405012608E8
1.4134730690559483E8
1.4239983703059483E8
1.4244607931965733E8
1.4247742722200108E8
1.4250855762825108E8
1.4360711700325108E8
1.436103142329874E8
1.4361077696158695E8
1.4371796374283695E8
1.4376665440950108E8
1.437731290315714E8
1.438841951487589E8
1.442784780862589E8
1.443014915119791E8
1.4430207884016514E8
1.4438289943391514E8
1.444515564534464E8
1.4452000773442173E8
1.4463032771879673E8
1.4464648263676548E8
1.4592664976176548E8
1.4592980552494907E8
1.4592983492338467E8
1.4639982642338467E8
1.4649819137260342E8
1.4759675074760342E8
1.4760547672563076E8
1.4767838320219326E8
1.4775531381938076E8
1.4793699594438076E8
1.4803903892875576E8
1.4809793970219326E8
1.4824953776469326E8
1.4839097359281826E8
1.4849201145219326E8
1.4861204848344326E8
1.4867345468656826E8
1.5094590943656826E8
1.509507516650839E8
1.510391327510214E8
1.533115875010214E8
1.534161801650839E8
1.537164874463339E8
1.5377402030180264E8
1.5383484982524014E8
1.5396799311430264E8
1.5396801342094898E8
1.5396803614823246E8
1.5624049089823246E8
1.5630902078397465E8
1.5630915179888248E8
1.5633567775786686E8
1.5633633644188786E8
1.5639698498876286E8
1.5757151536376286E8
1.5783464648876286E8
1.5793119878563786E8
1.579928046176691E8
1.580586620395441E8
1.603311167895441E8
1.6033150234740543E8
1.6038903520287418E8
1.603913961440363E8
1.6045071812535954E8
1.6050978846129704E8
1.6050998722443485E8
1.6051466590763187E8
1.6051479085016727E8
1.6117380410016727E8
1.6120070194196415E8
1.6126309424421024E8
1.6131822405963993E8
1.6135363161927128E8
1.613877139795618E8
1.6146201867878056E8
1.615602526983118E8
1.615888425505457E8
1.6160802249323368E8
1.6163642482526493E8
1.6165956330963993E8
1.6165976596839237E8
1.6168380755823612E8
1.6174469722620487E8
1.6174483970810795E8
1.6174486999959087E8
1.617448852993145E8
1.61829308385252E8
1.618571295024395E8
1.6191841453759575E8
1.6195888970947075E8
1.6198219348486137E8
1.6203972634033012E8
1.6207546628555107E8
1.6207549635333633E8
1.621264524921837E8
1.6213034773669052E8
1.6215062705309677E8
1.6215340631921005E8
1.622064740418663E8
1.6221244863952255E8
1.622787993465538E8
1.622902950369835E8
1.622917749283409E8
1.6231350583877945E8
1.6231545990201187E8
1.6234531015591812E8
1.6320991771841812E8
1.632527837677269E8
1.633314523458519E8
1.633464880982628E8
1.634331494888878E8
1.634526093560753E8
1.6347625815685654E8
1.634990245279503E8
1.6351141592931747E8
1.635235835406456E8
1.6352484434460068E8
1.6352520524502182E8
1.6354563039345932E8
1.6362012329970932E8
1.6362287723623276E8
1.6369589807998276E8
1.6369858601040268E8
1.6369876321134567E8
1.6369999830192184E8
1.6403108689567184E8
1.6543026089567184E8
1.6543247921525192E8
1.6549354460587692E8
1.654936318106041E8
1.655342453340416E8
1.657469210840416E8
1.6578750037701035E8
1.6584893540826035E8
1.6589793936138535E8
1.659383169121666E8
1.659999899590416E8
1.660001062398491E8
1.6606194626719284E8
1.6609144696543503E8
1.6620015115293503E8
1.6620027692715073E8
1.6625782693691635E8
1.6648133849941635E8
1.6648165637246323E8
1.6648167751973343E8
1.6652205755879593E8
1.665981543434639E8
1.6663937753206253E8
1.6663952965123367E8
1.6685172047935867E8
1.6685518493126297E8
1.6690366025593948E8
1.6696467547859573E8
1.6703492083015823E8
1.6724782339265823E8
1.6730880338875198E8
1.6766822785750198E8
1.6770859975203323E8
1.6771418973787308E8
1.6774443129256058E8
1.67745866715168E8
1.6778629864876175E8
1.6780917381282425E8
1.6782099017805862E8
1.67870406512043E8
1.6787065693457413E8
1.6790118907715225E8
1.6792137658493423E8
1.6797251720602798E8
1.6797353967361832E8
1.6797364259276772E8
1.6821634870214272E8
1.6827737806151772E8
1.6831998746776772E8
1.6838160120214272E8
1.6838174359649086E8
1.6844318462774086E8
1.6871687215899086E8
1.6871923076250648E8
1.687427095613346E8
1.688390216082096E8
1.690052579207096E8
1.6900530095065117E8
1.690060313951702E8
1.6902951019399834E8
1.6906998536587334E8
1.6913061867056084E8
1.6919166815493584E8
1.6921980212075615E8
1.692851412496624E8
1.693120000777874E8
1.694460750465374E8
1.695076536168499E8
1.6953113241567802E8
1.6955124925637627E8
1.695550610732708E8
1.6961501390725517E8
1.6967664405569267E8
1.6989034793069267E8
1.7000794744631767E8
1.7002291599416924E8
1.7002487403396416E8
1.7011687690115166E8
1.7011692724954796E8
1.7011693520381975E8
1.701744680592885E8
1.702150974811635E8
1.702154150622182E8
1.702733208590932E8
1.7032168743233538E8
1.7036209109249163E8
1.7038015044600725E8
1.703829043825307E8
1.7040738266915178E8
1.7040739783415556E8
1.704689121583743E8
1.7050928429509306E8
1.7055828824821806E8
1.70570934926929E8
1.7064395619060087E8
1.7064415232976103E8
1.7064419779895735E8
1.7068254348957014E8
1.7070395000519514E8
1.7077475779425764E8
1.7087599218488264E8
1.7093697841925764E8
1.7105212996613264E8
1.7105251897415876E8
1.7109317399759626E8
1.7132253477884626E8
1.7132505321244E8
1.7137336700638533E8
1.7142505957364607E8
1.7163806368302107E8
1.7169991454239607E8
1.7170015361382246E8
1.7176176912163496E8
1.7176377206694746E8
1.7176397045864058E8
1.7183500751332808E8
1.7194755632582808E8
1.7200867377114058E8
1.7208203373207808E8
1.7218976391176558E8
1.7281134116176558E8
1.7287245661098433E8
1.72873743497581E8
1.729320599741435E8
1.72993960122581E8
1.73314758935081E8
1.733192023672099E8
1.733807103125224E8
1.735470887500224E8
1.7358766804299116E8
1.7370094105861616E8
1.7387016762111616E8
1.739308993359599E8
1.739926500078349E8
1.740535129687724E8
1.744288807812724E8
1.7448955942580366E8
1.7453216883205366E8
1.7459391358986616E8
1.746592527187724E8
1.747147860433879E8
1.749434945746379E8
1.7500448003166914E8
1.750650847230754E8
1.7512640808635664E8
1.751874702777629E8
1.751882452546916E8
1.753259796296916E8
1.753663563250041E8
1.755631684656291E8
1.756651139812541E8
1.758239557625041E8
1.759478339031291E8
1.759535877053752E8
1.7600462564092207E8
1.7610799612529707E8
1.7619938026201582E8
1.7627240110576582E8
1.7633319684404707E8
1.7639412198076582E8
1.7645589355107832E8
1.7784429430107832E8
1.7784481149004316E8
1.7798424438066816E8
1.7806041336504316E8
1.7812211672441816E8
1.781624885408244E8
1.782239235720744E8
1.783675104626994E8
1.7836878223772383E8
1.7836879105247068E8
1.7852463559934568E8
1.7873798934934568E8
1.7890676892747068E8
1.7894704541184568E8
1.7900803325950193E8
1.7954614082200193E8
1.7960741923606443E8
1.7978588504856443E8
1.7984679582590818E8
1.7988717543137693E8
1.8008308565012693E8
1.8010696895188475E8
1.8017341908469725E8
1.8033625745969725E8
1.8033641506808043E8
1.8039768654854918E8
1.8045865179464293E8
1.8052743969308043E8
1.8058835766573668E8
1.8064981168526793E8
1.8075377623995543E8
1.8085709919308043E8
1.8092734202901793E8
1.8098794672042418E8
1.8104949113058043E8
1.8121593697433043E8
1.8140856213058043E8
1.8146609498604918E8
1.8152692365792418E8
1.8158782050558043E8
1.8164920852120543E8
1.8171138190401793E8
1.8186328840401793E8
1.8206421802901793E8
1.8206443342901945E8
1.8218663510089445E8
1.8220069189239836E8
1.822621609822421E8
1.825850120134921E8
1.827073367322421E8
1.828700928103671E8
1.829679397791171E8
1.830175718181796E8
1.830789363338046E8
1.832578388963046E8
1.833195923963046E8
1.833811564119296E8
1.8338233874139738E8
1.8345257078827238E8
1.8349295162420988E8
1.8365824842108488E8
1.8379666056170988E8
1.8394032828045988E8
1.8412206285858488E8
1.8416243472186613E8
1.8422674947186613E8
1.8552024934686613E8
1.8558090291327238E8
1.8587490672577238E8
1.8591527950311613E8
1.8607136009686613E8
1.8613222847967863E8
1.8614628527118254E8
1.8632904886493254E8
1.8648214036493254E8
1.8664907048993254E8
1.8675303504462004E8
1.868146167204013E8
1.868759886266513E8
1.874140961891513E8
1.887493391891513E8
1.8881100146649504E8
1.888719869235263E8
1.890203627672763E8
1.891666834079013E8
1.8920729204462004E8
1.8928460581805754E8
1.893255652829013E8
1.8938982121649504E8
1.8952185481024504E8
1.895833088297763E8
1.897566626422763E8
1.898177634625888E8
1.89837680294559E8
1.89977671763309E8
1.90039165982059E8
1.90100484935184E8
1.90208017107059E8
1.9024843754846525E8
1.90310076950809E8
1.9041410097326994E8
1.9052664978576994E8
1.905275565624423E8
1.905679895077548E8
1.907601200702548E8
1.9082172669134855E8
1.9088262726947355E8
1.909433976718173E8
1.9094429385333586E8
1.9142315941583586E8
1.914638762376132E8
1.915709231048007E8
1.917514313548007E8
1.9181322435089445E8
1.9199205594464445E8
1.920323345813632E8
1.921968034719882E8
1.923417113313632E8
1.9240276742901945E8
1.9256030128839445E8
1.9262205444464445E8
1.926233156467929E8
1.927996766467929E8
1.931664977405429E8
1.9320707703351164E8
1.9332927870538664E8
1.9343051309601164E8
1.9349150678351164E8
1.935531461858554E8
1.937204628108554E8
1.937818519592929E8
1.9381649863107824E8
1.9403025403732824E8
1.9414803709982824E8
1.9420900747482824E8
1.942090312067294E8
1.944141594567294E8
1.945660659567294E8
1.946657656598544E8
1.9472754470282316E8
1.947679220739169E8
1.948083066442294E8
1.950219742067294E8
1.950636083082919E8
1.952767556051669E8
1.953386189723544E8
1.954810150973544E8
1.956103338082919E8
1.9567125894501066E8
1.9587953736688566E8
1.9602283472626066E8
1.9608341273407316E8
1.961292087457919E8
1.962924811364169E8
1.964915262770419E8
1.978402004020419E8
1.979013954020419E8
1.9796278940594816E8
1.9808678108563566E8
1.9825586585126066E8
1.9842723407001066E8
1.9981563482001066E8
1.9997291441376066E8
2.0003360846063566E8
2.0139820933563566E8
2.014472231266513E8
2.028255175016513E8
2.0286312931952238E8
2.0303011835077238E8
2.030330058272128E8
2.031900825459628E8
2.033698326084628E8
2.034306492178378E8
2.035949575615878E8
2.037545767178378E8
2.0379313340777922E8
2.0383669054840422E8
2.0389451101324797E8
2.0389626723504972E8
2.0523151023504972E8
2.0534723113348722E8
2.0549560697723722E8
2.0556851345379972E8
2.0586146954754972E8
2.0601874914129972E8
2.0609741771942472E8
2.061289195065341E8
2.062018259830966E8
2.068969320455966E8
2.069913160455966E8
2.071755214518466E8
2.0719771230987883E8
2.072182061311679E8
2.072912269749179E8
2.076504317249179E8
2.076532679761386E8
2.078482368511386E8
2.079391986480136E8
2.081836532417636E8
2.083528798042636E8
2.084290487886386E8
2.085059794058261E8
2.086737215152011E8
2.087900578980136E8
2.087900797355094E8
2.090043355167594E8
2.092011437511344E8
2.093245941573844E8
2.097117180636344E8
2.098576112042594E8
2.099744701651969E8
2.100506391495719E8
2.102933452589469E8
2.103702758761344E8
2.105273525948844E8
2.106084723526969E8
2.108215610714469E8
2.109791975870719E8
2.110591424620719E8
2.111968565245719E8
2.113410371183219E8
2.115124053370719E8
2.115966383683219E8
2.1166327491959143E8
2.1173629576334143E8
2.1180931660709143E8
2.1188222308365393E8
2.1190574319547033E8
2.119717328185172E8
2.120504013966422E8
2.124992376466422E8
2.125600542560172E8
2.138738532560172E8
2.139510739747672E8
2.140219052794547E8
2.141534240294547E8
2.142303546466422E8
2.144050466466422E8
2.144211112013297E8
2.144586553732047E8
2.146088712950797E8
2.147210457638297E8
2.147977249747672E8
2.149045404357047E8
2.149807094200797E8
2.151942898888297E8
2.1519430554824877E8
2.1537335698574877E8
2.1554314339199877E8
2.1561616423574877E8
2.156851165189519E8
2.157834608548894E8
2.159961901673894E8
2.1599678150308275E8
2.1614160100308275E8
2.1623380381558275E8
2.1628178565078783E8
2.1637413068203783E8
2.1647750116641283E8
2.1664658593203783E8
2.1670837440860033E8
2.1682366962735033E8
2.1689657610391283E8
2.1695755610000658E8
2.1756861341250658E8
2.1763018409219408E8
2.1774681601406908E8
2.1803603632656908E8
2.1832075354531908E8
2.1845119244375658E8
2.1852986102188158E8
2.1860603000625658E8
2.1868325072500658E8
2.1903239081875658E8
2.1903262098645067E8
2.1903267872157717E8
2.1911867965907717E8
2.1947810353407717E8
2.1954838178407717E8
2.1980701389345217E8
2.1988003473720217E8
2.1999666573720217E8
2.2011558972157717E8
2.2023219725282717E8
2.2158484612782717E8
2.2161553081532717E8
2.2174137976845217E8
2.2192748054970217E8
2.2326134629970217E8
2.2344827759657717E8
2.2355236837782717E8
2.2371000489345217E8
2.2380134727626467E8
2.2387751626063967E8
2.2401622119813967E8
2.240163298516431E8
2.2411997280086184E8
2.2419864137898684E8
2.2428405805867434E8
2.2428408835015726E8
2.2435699482671976E8
2.2456546420171976E8
2.2467653031890726E8
2.2475375103765726E8
2.2475448908898783E8
2.2488703733898783E8
2.2491453479406595E8
2.2622296304406595E8
2.2650483516906595E8
2.2658205588781595E8
2.2673396238781595E8
2.2686776190344095E8
2.2694469252062845E8
2.2703311320812845E8
2.270780887120347E8
2.272904419932847E8
2.273998713839097E8
2.274760403682847E8
2.275854697589097E8
2.277169294151597E8
2.279296587276597E8
2.280960371651597E8
2.2815749159875345E8
2.281978643760972E8
2.283101979776597E8
2.283808141417222E8
2.285558624854722E8
2.2857794745617533E8
2.2872196239367533E8
2.2872200026075983E8
2.2875298945265436E8
2.287670498608575E8
2.290115044546075E8
2.292086686577325E8
2.292848376421075E8
2.2930872817726374E8
2.3042948017726374E8
2.3059195353663874E8
2.3066888415382624E8
2.3085498493507624E8
2.3105110262257624E8
2.3119699576320124E8
2.3134369879445124E8
2.3147918841945124E8
2.3155785699757624E8
2.3176745343507624E8
2.3196038779445124E8
2.3205086151320124E8
2.3212388235695124E8
2.3233680016945124E8
2.3253902823195124E8
2.3261595884913874E8
2.3271527371632624E8
2.3288075076320124E8
2.3332765576320124E8
2.3467779088820124E8
2.3478120761476374E8
2.3493019166163874E8
2.3512209763038874E8
2.3517756768702936E8
2.3546515218702936E8
2.3569381092140436E8
2.3579003820265436E8
2.3617716210890436E8
2.3629711501515436E8
2.3637328399952936E8
2.3657886395265436E8
2.3668056641359186E8
2.3697759460109186E8
2.3705626317921686E8
2.3715957189015436E8
2.3716117140590143E8
2.371625773907647E8
2.372334112579522E8
2.373095802423272E8
2.3732079778578424E8
2.3739183484047174E8
2.3746322073109674E8
2.3755953277797174E8
2.376355016942315E8
2.3763552235005617E8
2.3771040038130617E8
2.3778170674068117E8
2.3779687826997805E8
2.378094832035718E8
2.378808690941968E8
2.379597822973218E8
2.3800381479217958E8
2.3802304842108583E8
2.3805162307733583E8
2.3812855369452333E8
2.3815737168964052E8
2.3856498075214052E8
2.3857272708710146E8
2.3866994104022646E8
2.3989422729022646E8
2.4007966088397646E8
2.400996822785077E8
2.401698961456952E8
2.402429169894452E8
2.403628698956952E8
2.4038566584686708E8
2.4046259646405458E8
2.4046512048187685E8
2.4050577753461123E8
2.4057681458929873E8
2.4064939300336123E8
2.4072661372211123E8
2.4079952019867373E8
2.4097881360492373E8
2.4105748218304873E8
2.4109689270648623E8
2.4227729258148623E8
2.4234818480804873E8
2.4241883708148623E8
2.4249576769867373E8
2.4257201729242373E8
2.4257206816711092E8
2.4257307527752352E8
2.4259957199236727E8
2.4260240824358797E8
2.4266306894671297E8
2.4273331427483797E8
2.4279143898577547E8
2.4282444211858797E8
2.4287613243597078E8
2.4289040316155672E8
2.4290614747600985E8
2.4292189871038485E8
2.4299214699163485E8
2.4326203921038485E8
2.4333494568694735E8
2.433968067221036E8
2.434674286752286E8
2.435696057767911E8
2.436457747611661E8
2.4364772517876863E8
2.4414512324126863E8
2.441634663955655E8
2.442337146768155E8
2.44310645294003E8
2.443835517705655E8
2.4441313360064363E8
2.4449180217876863E8
2.4472085689751863E8
2.4479376337408113E8
2.4486434724126863E8
2.4494156796001863E8
2.4501176212408113E8
2.4522427504595613E8
2.4529566093658113E8
2.4529757430865145E8
2.4535821598247957E8
2.4543344700591707E8
2.4545693634966707E8
2.4567067075591707E8
2.4575628370904207E8
2.4575702704632235E8
2.4575703500059414E8
2.4582833955528164E8
2.4590450853965664E8
2.4591571091490078E8
2.4591657900370693E8
2.4592083813163662E8
2.4599249981523037E8
2.4606032736507702E8
2.4615387138070202E8
2.4619101085882473E8
2.4628433224944973E8
2.4634418364280224E8
2.4661787117405224E8
2.4662311623801708E8
2.4669371618332958E8
2.4673408848411083E8
2.4673426223603344E8
2.4681293081415844E8
2.4733942343915844E8
2.4741002033759594E8
2.4748310238447094E8
2.4753914454365063E8
2.4757753125849438E8
2.4763404334443188E8
2.4771271192255688E8
2.4775000487177563E8
2.4775078710340405E8
2.477558217059431E8
2.478263951746931E8
2.4784156067664623E8
2.4790175820203686E8
2.4794233118641186E8
2.480084022059431E8
2.4804619779578686E8
2.480582138807478E8
2.481147259666853E8
2.482134175291853E8
2.4827491043934155E8
2.4844369001746655E8
2.4860683876746655E8
2.486547847166853E8
2.486586202906599E8
2.498390201656599E8
2.499162408844099E8
2.4994049452149487E8
2.5002170743555737E8
2.5004587497071362E8
2.5011677787696362E8
2.5017827564454174E8
2.5019401995899487E8
2.5024709377930737E8
2.5031813083399487E8
2.503412675156355E8
2.5034997247510815E8
2.5042100952979565E8
2.5049992273292065E8
2.5050086645502758E8
2.505061654281721E8
2.505790719047346E8
2.506150100005598E8
2.508272555161848E8
2.508789722583723E8
2.5097250932477856E8
2.5104541580134106E8
2.510479342349348E8
2.5118572494782543E8
2.5157284885407543E8
2.5164296151032543E8
2.5171399856501293E8
2.5178459891657543E8
2.5185484421345043E8
2.5191575499079418E8
2.5193252599885082E8
2.5200945661603832E8
2.5275137730353832E8
2.5285615547541332E8
2.5293232445978832E8
2.5298564259357738E8
2.5298636937031078E8
2.5354691287031078E8
2.5366385617499828E8
2.5369768553827953E8
2.5381040755390453E8
2.5388342839765453E8
2.5388416441364574E8
2.5396425896052074E8
2.5414969255427074E8
2.5422271339802074E8
2.5429561987458324E8
2.5437178885895824E8
2.5437441694245434E8
2.5453026148932934E8
2.5479585292682934E8
2.5488427361432934E8
2.5504204164557934E8
2.5514663430964184E8
2.5521738045807934E8
2.5529460117682934E8
2.5537639413776684E8
2.5539947343397617E8
2.5589389043397617E8
2.5591282381288242E8
2.5621097150038242E8
2.5628819221913242E8
2.5634899657460117E8
2.5656241462147617E8
2.5663458124647617E8
2.5671324982460117E8
2.5678941880897617E8
2.5683247337245274E8
2.5704662041932774E8
2.5711765747401524E8
2.571787543841715E8
2.573924960404215E8
2.573990361024332E8
2.574148819930582E8
2.574669353133707E8
2.5751267092665195E8
2.575363541414957E8
2.5761139067213535E8
2.5761165539470005E8
2.5762804246501255E8
2.576895260079813E8
2.577616384611063E8
2.578221816564188E8
2.5783021618718052E8
2.5791185590593052E8
2.579290953541746E8
2.579993376354246E8
2.581596146822996E8
2.583731548697996E8
2.584328686666746E8
2.5844719159260845E8
2.585000266199522E8
2.5854674839412212E8
2.5858640398396587E8
2.586036127801056E8
2.5860363128725243E8
2.5869252922475243E8
2.5873064663490868E8
2.5873242699196434E8
2.5874896453043842E8
2.5874911327706623E8
2.5896161563644123E8
2.5896171694231892E8
2.5900732988372517E8
2.5902716314727497E8
2.5907166143243122E8
2.5910412037188435E8
2.591083932581148E8
2.593217616174898E8
2.594218020237398E8
2.595252545628023E8
2.5969960542730427E8
2.5970921528960896E8
2.5972437975152302E8
2.5972874268365192E8
2.5973332097149086E8
2.5981000272524452E8
2.5980380849321938E8
2.5986571231743813E8
2.5989526169439125E8
2.5996847899907875E8
2.6004714757720375E8
2.6006818214458656E8
2.6013709106646156E8
2.6016147328228188E8
2.6017658017095375E8
2.6018188003325844E8
2.601819179291668E8
2.6019454227023125E8
2.6020761512507057E8
2.6020763836811066E8
2.6020988422919464E8
2.6023236544721222E8
2.602330885909195E8
2.602440307435074E8
2.604566222903824E8
2.6046026304428864E8
2.6046066660163116E8
2.6046589829743195E8
2.6046597207185364E8
2.6056684022810364E8
2.6060837497810364E8
2.6067505450154114E8
2.6074529979841614E8
2.6074558059272766E8
2.607700604794464E8
2.6081212760320663E8
2.608215942838707E8
2.620458805338707E8
2.621625124557457E8
2.6217060808416367E8
2.6217793774529648E8
2.6219461180779648E8
2.621952025848961E8
2.622518033583336E8
2.623206217958336E8
2.6232241071941757E8
2.6237964815301132E8
2.6240254514764023E8
2.624118265548668E8
2.624858688751793E8
2.625619554064293E8
2.6261672412908554E8
2.6267353897283554E8
2.6303778966033554E8
2.6303798805202866E8
2.6315237652859116E8
2.6321314715359116E8
2.6326115572390366E8
2.6326266403506088E8
2.6326894061941147E8
2.6370664446316147E8
2.637132662981224E8
2.637181965329857E8
2.6377446581032944E8
2.638241650017357E8
2.6382860227370834E8
2.6382865259451675E8
2.6382917845492935E8
2.63829268614048E8
2.6386163233865738E8
2.6391367532889175E8
2.6405130448779678E8
2.6407377848584366E8
2.6407430440747452E8
2.6428714350122452E8
2.6429352536014557E8
2.6432884119217682E8
2.6537020887967682E8
2.6544291089530182E8
2.6544302196051788E8
2.654509517499466E8
2.655462508749466E8
2.656780493436966E8
2.657489411640091E8
2.6576579903498077E8
2.6583870551154327E8
2.6588650136310577E8
2.6595482950373077E8
2.6602586655841827E8
2.6609646031623077E8
2.6634293947248077E8
2.6640465539044952E8
2.6645800061042023E8
2.664725910595379E8
2.665328579345379E8
2.6658951675875664E8
2.6663569338644218E8
2.6684958069894218E8
2.6687338112081718E8
2.6688095108321953E8
2.6719489742696953E8
2.6719500229484367E8
2.6727451447453117E8
2.6734205116203117E8
2.6738539706828117E8
2.6740282843351555E8
2.6740973175968742E8
2.6748033411124992E8
2.6755057943937492E8
2.675772021014843E8
2.676511442030468E8
2.677197926171093E8
2.6773802076751518E8
2.6784745015814018E8
2.6790810936126518E8
2.6790994377469444E8
2.679601992239132E8
2.6796388673441124E8
2.679736767226925E8
2.6801676665238E8
2.6801847166251183E8
2.6817380832657433E8
2.681812215096798E8
2.6818329190445518E8
2.6820901915250206E8
2.6822677388187218E8
2.6822999608963585E8
2.682638254529171E8
2.689043242654171E8
2.689376306404171E8
2.6893949509500694E8
2.689822261067257E8
2.689826410023861E8
2.690841586742611E8
2.6912453604535484E8
2.6919525096722984E8
2.6919540739520836E8
2.6921007077606773E8
2.6927189824481773E8
2.6927259020349693E8
2.692741641206112E8
2.6927431138072777E8
2.6934496365416527E8
2.6939166690221214E8
2.6943539262499046E8
2.6950619996874046E8
2.6956469500584984E8
2.6957143788225365E8
2.6957698824699974E8
2.6959273256145287E8
2.696331362216091E8
