209691.109375	0.0	0.0	209691.109375	3	2.131	4
513.9052734375	0.0	393126.15625	209691.109375	3	0.997	4
513.9052734375	0.0	0.0	209691.109375	3	1.048	4
513.9052734375	0.0	0.0	209691.109375	3	2.217	4
44857.7109375	0.0	0.0	44857.7109375	5	0.723	4
44854.6484375	0.0	0.0	44854.6484375	5	1.146	4
513.9052734375	0.0	0.0	209691.109375	3	9.851	4
22.56046485900879	0.0	103402.421875	44857.7109375	5	0.675	4
56.197654724121094	0.0	0.0	44854.6484375	5	0.729	4
513.9052734375	0.0	0.0	209691.109375	3	1.638	4
22.56046485900879	0.0	0.0	44857.7109375	5	0.962	4
56.197654724121094	0.0	0.0	44854.6484375	5	0.58	4
513.9052734375	0.0	0.0	209691.109375	3	2.824	4
22.56046485900879	0.0	0.0	44857.7109375	5	0.584	4
56.197654724121094	0.0	0.0	44854.6484375	5	0.91	4
513.9052734375	0.0	0.0	209691.109375	3	9.791	4
22.56046485900879	0.0	0.0	44857.7109375	5	0.678	4
56.197654724121094	0.0	0.0	44854.6484375	5	2.204	4
513.9052734375	0.0	0.0	209691.109375	3	3.611	4
22.56046485900879	0.0	0.0	44857.7109375	5	0.507	4
56.197654724121094	0.0	0.0	44854.6484375	5	0.476	4
513.9052734375	0.0	0.0	209691.109375	3	1.527	4
393739.15625	350633.984375	0.0	560323.3125	3	0.726	4
111457.0703125	101870.171875	0.0	146727.6875	4	0.528	4
146727.6875	0.0	0.0	146727.6875	4	2.292	4
146727.6875	0.0	0.0	146727.6875	4	0.512	4
146727.6875	0.0	0.0	146727.6875	4	0.482	4
146727.6875	0.0	0.0	146727.6875	4	1.275	4
146727.6875	0.0	0.0	146727.6875	4	0.488	4
146727.6875	0.0	0.0	146727.6875	4	0.49	4
146727.6875	0.0	0.0	146727.6875	4	10.005	4
146727.6875	0.0	0.0	146727.6875	4	0.515	4
146727.6875	0.0	0.0	146727.6875	4	0.508	4
146727.6875	0.0	0.0	146727.6875	4	0.515	4
146727.6875	0.0	0.0	146727.6875	4	1.562	4
146727.6875	0.0	0.0	146727.6875	4	1.095	4
146727.6875	0.0	0.0	146727.6875	4	0.477	4
44857.7109375	0.0	0.0	44857.7109375	5	0.437	4
44854.6484375	0.0	0.0	44854.6484375	5	2.479	4
513.9052734375	0.0	0.0	209691.109375	3	0.461	4
22.56046485900879	0.0	103402.421875	44857.7109375	5	0.572	4
56.197654724121094	0.0	0.0	44854.6484375	5	0.442	4
513.9052734375	0.0	0.0	209691.109375	3	1.81	4
22.56046485900879	0.0	0.0	44857.7109375	5	0.483	4
56.197654724121094	0.0	0.0	44854.6484375	5	0.746	4
513.9052734375	0.0	0.0	209691.109375	3	0.647	4
22.56046485900879	0.0	0.0	44857.7109375	5	1.878	4
56.197654724121094	0.0	0.0	44854.6484375	5	0.96	4
513.9052734375	0.0	0.0	209691.109375	3	0.478	4
513.9052734375	0.0	0.0	209691.109375	3	0.782	4
513.9052734375	0.0	0.0	209691.109375	3	5.901	4
513.9052734375	0.0	0.0	209691.109375	3	0.551	4
513.9052734375	0.0	0.0	209691.109375	3	4.912	4
22.56046485900879	0.0	0.0	44857.7109375	5	0.348	4
